1 442 800 852 1284 2708 3146 3161 3501 3655 3891 4109 4228 4462 4554 5057 5306 6465 6529 6785 7243 8169 8180 8394 8721 9124
0 0 0 0 0 0 0 0 0 0 0 0 0 0 0 0 0 0 0 0 0 0 0 0 0 0
0 0 0 0 0 0 1 0 1 1 1 1 0 0 1 1 0 1 0 0 1 1 0 1 0 1
0 0 1 0 0 0 1 0 1 1 1 1 0 0 1 1 0 1 0 0 1 1 0 1 0 1
1 1 0 1 1 1 0 0 1 0 1 0 0 1 1 1 1 1 1 0 1 1 0 1 0 1
0 0 1 0 0 0 0 1 0 0 0 0 0 0 0 0 0 0 0 1 0 0 1 0 0 0
0 0 0 0 0 0 0 1 0 0 1 0 1 1 1 1 1 1 1 0 1 1 0 0 1 0
1 1 0 1 1 1 0 0 1 0 1 0 1 1 1 1 1 1 1 0 1 1 0 0 1 0
0 0 1 0 0 0 0 1 0 0 0 0 0 0 0 0 0 0 0 1 0 0 1 0 0 0
0 0 1 0 0 0 1 0 1 1 1 1 0 0 1 1 0 1 0 0 1 1 0 1 0 1
