iter, nrecombs
0, 10
1, 10
2, 8
3, 8
4, 8
5, 4
6, 3
7, 3
8, 3
9, 4
10, 4
11, 5
12, 6
13, 5
14, 4
15, 6
16, 6
17, 6
18, 4
19, 4
20, 3
21, 3
22, 3
23, 5
24, 3
25, 3
26, 3
27, 3
28, 3
29, 5
30, 6
31, 6
32, 6
33, 9
34, 6
35, 6
36, 6
37, 2
38, 2
39, 3
40, 5
41, 3
42, 3
43, 3
44, 3
45, 3
46, 3
47, 3
48, 4
49, 4
50, 7
51, 5
52, 6
53, 4
54, 3
55, 3
56, 3
57, 4
58, 7
59, 7
60, 6
61, 7
62, 5
63, 6
64, 5
65, 4
66, 4
67, 8
68, 8
69, 9
70, 8
71, 8
72, 4
73, 7
74, 7
75, 7
76, 4
77, 4
78, 4
79, 4
80, 4
81, 6
82, 5
83, 6
84, 6
85, 7
86, 7
87, 1
88, 1
89, 3
90, 3
91, 3
92, 3
93, 3
94, 3
95, 3
96, 5
97, 6
98, 6
99, 4
100, 5
101, 5
102, 5
103, 5
104, 3
105, 3
106, 3
107, 3
108, 5
109, 5
110, 8
111, 8
112, 5
113, 5
114, 5
115, 5
116, 5
117, 4
118, 4
119, 4
120, 6
121, 6
122, 6
123, 6
124, 6
125, 6
126, 6
127, 6
128, 6
129, 4
130, 4
131, 6
132, 5
133, 4
134, 4
135, 4
136, 4
137, 4
138, 4
139, 4
140, 6
141, 4
142, 4
143, 3
144, 3
145, 3
146, 2
147, 2
148, 3
149, 4
150, 4
151, 4
152, 4
153, 3
154, 4
155, 4
156, 4
157, 4
158, 6
159, 6
160, 5
161, 5
162, 4
163, 7
164, 7
165, 4
166, 8
167, 8
168, 6
169, 5
170, 4
171, 3
172, 3
173, 3
174, 5
175, 5
176, 5
177, 7
178, 3
179, 3
180, 3
181, 2
182, 1
183, 1
184, 1
185, 1
186, 1
187, 1
188, 1
189, 4
190, 4
191, 8
192, 8
193, 5
194, 3
195, 3
196, 3
197, 5
198, 4
199, 10
200, 6
201, 6
202, 5
203, 5
204, 5
205, 2
206, 3
207, 3
208, 3
209, 3
210, 3
211, 3
212, 3
213, 4
214, 4
215, 4
216, 4
217, 4
218, 6
219, 4
220, 4
221, 4
222, 4
223, 7
224, 10
225, 10
226, 9
227, 4
228, 4
229, 6
230, 6
231, 6
232, 6
233, 4
234, 4
235, 4
236, 8
237, 7
238, 7
239, 7
240, 4
241, 3
242, 2
243, 2
244, 6
245, 6
246, 5
247, 5
248, 7
249, 4
250, 8
251, 8
252, 8
253, 8
254, 7
255, 8
256, 5
257, 5
258, 4
259, 4
260, 5
261, 5
262, 5
263, 6
264, 4
265, 4
266, 4
267, 5
268, 5
269, 6
270, 10
271, 10
272, 6
273, 3
274, 4
275, 5
276, 6
277, 5
278, 5
279, 5
280, 3
281, 3
282, 4
283, 4
284, 3
285, 6
286, 10
287, 4
288, 6
289, 8
290, 6
291, 6
292, 5
293, 6
294, 6
295, 6
296, 6
297, 6
298, 6
299, 6
300, 3
301, 3
302, 3
303, 3
304, 8
305, 8
306, 5
307, 4
308, 4
309, 4
310, 5
311, 5
312, 5
313, 5
314, 5
315, 5
316, 7
317, 3
318, 3
319, 2
320, 2
321, 2
322, 2
323, 3
324, 3
325, 3
326, 3
327, 5
328, 5
329, 6
330, 6
331, 6
332, 7
333, 4
334, 4
335, 7
336, 5
337, 5
338, 7
339, 8
340, 6
341, 4
342, 7
343, 6
344, 4
345, 5
346, 5
347, 5
348, 6
349, 5
350, 5
351, 3
352, 3
353, 3
354, 3
355, 2
356, 4
357, 7
358, 7
359, 7
360, 7
361, 8
362, 7
363, 6
364, 6
365, 6
366, 6
367, 6
368, 2
369, 2
370, 2
371, 2
372, 2
373, 6
374, 3
375, 5
376, 4
377, 3
378, 3
379, 4
380, 4
381, 5
382, 5
383, 5
384, 4
385, 4
386, 6
387, 5
388, 5
389, 5
390, 5
391, 5
392, 6
393, 6
394, 6
395, 8
396, 4
397, 7
398, 7
399, 3
400, 2
401, 3
402, 3
403, 2
404, 5
405, 5
406, 5
407, 4
408, 5
409, 5
410, 5
411, 5
412, 6
413, 6
414, 5
415, 5
416, 5
417, 4
418, 4
419, 4
420, 4
421, 4
422, 7
423, 7
424, 6
425, 6
426, 7
427, 7
428, 10
429, 10
430, 11
431, 5
432, 5
433, 5
434, 5
435, 3
436, 2
437, 3
438, 4
439, 3
440, 3
441, 5
442, 3
443, 4
444, 4
445, 4
446, 4
447, 6
448, 3
449, 2
450, 2
451, 5
452, 3
453, 3
454, 3
455, 3
456, 3
457, 3
458, 7
459, 5
460, 5
461, 5
462, 7
463, 4
464, 4
465, 6
466, 6
467, 5
468, 5
469, 3
470, 3
471, 5
472, 5
473, 7
474, 4
475, 4
476, 2
477, 4
478, 4
479, 5
480, 4
481, 4
482, 5
483, 4
484, 4
485, 4
486, 4
487, 6
488, 6
489, 3
490, 3
491, 7
492, 7
493, 7
494, 7
495, 7
496, 8
497, 5
498, 5
499, 3
500, 8
501, 8
502, 5
503, 13
504, 14
505, 8
506, 5
507, 1
508, 2
509, 3
510, 3
511, 3
512, 2
513, 4
514, 3
515, 5
516, 3
517, 3
518, 3
519, 3
520, 3
521, 3
522, 3
523, 3
524, 8
525, 8
526, 4
527, 4
528, 6
529, 3
530, 6
531, 4
532, 4
533, 6
534, 6
535, 6
536, 6
537, 2
538, 5
539, 5
540, 6
541, 6
542, 4
543, 4
544, 4
545, 10
546, 10
547, 5
548, 4
549, 4
550, 10
551, 5
552, 4
553, 3
554, 4
555, 4
556, 4
557, 6
558, 6
559, 6
560, 6
561, 6
562, 6
563, 6
564, 6
565, 4
566, 4
567, 7
568, 6
569, 6
570, 4
571, 4
572, 4
573, 4
574, 4
575, 3
576, 6
577, 6
578, 6
579, 6
580, 4
581, 4
582, 4
583, 4
584, 6
585, 5
586, 5
587, 6
588, 7
589, 8
590, 10
591, 11
592, 11
593, 11
594, 11
595, 7
596, 5
597, 6
598, 6
599, 5
600, 4
601, 4
602, 4
603, 4
604, 3
605, 2
606, 2
607, 2
608, 3
609, 3
610, 4
611, 4
612, 5
613, 7
614, 7
615, 5
616, 6
617, 7
618, 2
619, 6
620, 3
621, 3
622, 3
623, 5
624, 5
625, 5
626, 7
627, 3
628, 3
629, 3
630, 5
631, 5
632, 9
633, 6
634, 6
635, 6
636, 7
637, 3
638, 4
639, 4
640, 4
641, 5
642, 4
643, 4
644, 11
645, 12
646, 10
647, 9
648, 9
649, 6
650, 6
651, 7
652, 4
653, 3
654, 3
655, 5
656, 5
657, 5
658, 5
659, 5
660, 8
661, 2
662, 2
663, 2
664, 2
665, 2
666, 3
667, 3
668, 2
669, 6
670, 4
671, 4
672, 6
673, 8
674, 15
675, 13
676, 9
677, 10
678, 8
679, 7
680, 7
681, 7
682, 9
683, 9
684, 4
685, 4
686, 7
687, 6
688, 5
689, 5
690, 4
691, 6
692, 6
693, 6
694, 7
695, 4
696, 4
697, 3
698, 3
699, 3
700, 3
701, 3
702, 4
703, 4
704, 4
705, 4
706, 4
707, 4
708, 4
709, 4
710, 2
711, 2
712, 2
713, 2
714, 6
715, 6
716, 6
717, 3
718, 3
719, 3
720, 2
721, 2
722, 2
723, 6
724, 6
725, 6
726, 6
727, 3
728, 3
729, 7
730, 8
731, 4
732, 4
733, 3
734, 4
735, 4
736, 2
737, 2
738, 4
739, 2
740, 2
741, 2
742, 3
743, 3
744, 3
745, 4
746, 5
747, 11
748, 11
749, 5
750, 6
751, 4
752, 10
753, 8
754, 5
755, 3
756, 3
757, 3
758, 6
759, 5
760, 4
761, 4
762, 4
763, 4
764, 4
765, 5
766, 5
767, 5
768, 4
769, 4
770, 3
771, 4
772, 4
773, 4
774, 5
775, 5
776, 6
777, 4
778, 4
779, 11
780, 8
781, 8
782, 8
783, 6
784, 6
785, 2
786, 4
787, 2
788, 2
789, 6
790, 6
791, 8
792, 8
793, 6
794, 6
795, 6
796, 5
797, 2
798, 2
799, 3
800, 4
801, 4
802, 3
803, 3
804, 3
805, 3
806, 3
807, 3
808, 3
809, 3
810, 4
811, 4
812, 4
813, 3
814, 4
815, 3
816, 4
817, 5
818, 5
819, 9
820, 9
821, 5
822, 5
823, 2
824, 2
825, 2
826, 5
827, 5
828, 9
829, 9
830, 9
831, 7
832, 8
833, 7
834, 6
835, 6
836, 6
837, 6
838, 3
839, 4
840, 4
841, 6
842, 6
843, 6
844, 4
845, 4
846, 4
847, 4
848, 4
849, 5
850, 5
851, 6
852, 10
853, 8
854, 8
855, 7
856, 7
857, 7
858, 6
859, 6
860, 6
861, 6
862, 6
863, 6
864, 6
865, 6
866, 2
867, 2
868, 6
869, 6
870, 9
871, 6
872, 8
873, 8
874, 7
875, 6
876, 6
877, 6
878, 8
879, 5
880, 6
881, 6
882, 6
883, 4
884, 4
885, 5
886, 3
887, 4
888, 5
889, 5
890, 6
891, 3
892, 3
893, 3
894, 3
895, 3
896, 7
897, 5
898, 4
899, 6
900, 3
901, 3
902, 3
903, 3
904, 5
905, 7
906, 7
907, 7
908, 7
909, 4
910, 8
911, 9
912, 9
913, 9
914, 4
915, 4
916, 4
917, 4
918, 7
919, 6
920, 6
921, 6
922, 6
923, 7
924, 8
925, 8
926, 7
927, 7
928, 7
929, 7
930, 12
931, 8
932, 3
933, 2
934, 3
935, 2
936, 1
937, 1
938, 1
939, 1
940, 1
941, 3
942, 6
943, 5
944, 5
945, 5
946, 5
947, 4
948, 4
949, 4
950, 4
951, 4
952, 4
953, 5
954, 10
955, 6
956, 6
957, 6
958, 4
959, 4
960, 4
961, 5
962, 6
963, 6
964, 4
965, 11
966, 9
967, 9
968, 9
969, 9
970, 7
971, 3
972, 3
973, 6
974, 7
975, 5
976, 4
977, 4
978, 5
979, 5
980, 3
981, 5
982, 7
983, 7
984, 3
985, 3
986, 4
987, 4
988, 4
989, 4
990, 5
991, 6
992, 4
993, 4
994, 4
995, 4
996, 5
997, 5
998, 5
999, 4
1000, 8
1001, 9
1002, 8
1003, 7
1004, 7
1005, 7
1006, 6
1007, 5
1008, 2
1009, 2
1010, 2
1011, 2
1012, 3
1013, 3
1014, 1
1015, 1
1016, 2
1017, 3
1018, 5
1019, 4
1020, 4
1021, 4
1022, 3
1023, 7
1024, 4
1025, 4
1026, 6
1027, 6
1028, 9
1029, 8
1030, 7
1031, 2
1032, 2
1033, 2
1034, 4
1035, 4
1036, 6
1037, 6
1038, 8
1039, 7
1040, 7
1041, 7
1042, 3
1043, 3
1044, 6
1045, 4
1046, 4
1047, 7
1048, 7
1049, 7
1050, 7
1051, 9
1052, 9
1053, 9
1054, 8
1055, 7
1056, 9
1057, 9
1058, 5
1059, 6
1060, 6
1061, 6
1062, 6
1063, 6
1064, 6
1065, 6
1066, 6
1067, 9
1068, 10
1069, 10
1070, 7
1071, 8
1072, 8
1073, 5
1074, 4
1075, 4
1076, 3
1077, 4
1078, 4
1079, 4
1080, 4
1081, 4
1082, 4
1083, 6
1084, 4
1085, 4
1086, 4
1087, 4
1088, 9
1089, 9
1090, 9
1091, 10
1092, 5
1093, 6
1094, 8
1095, 8
1096, 6
1097, 6
1098, 6
1099, 4
1100, 7
1101, 6
1102, 8
1103, 6
1104, 6
1105, 6
1106, 6
1107, 4
1108, 4
1109, 5
1110, 5
1111, 5
1112, 4
1113, 5
1114, 4
1115, 4
1116, 5
1117, 8
1118, 4
1119, 4
1120, 4
1121, 4
1122, 4
1123, 4
1124, 4
1125, 4
1126, 4
1127, 4
1128, 4
1129, 4
1130, 4
1131, 4
1132, 3
1133, 3
1134, 3
1135, 4
1136, 3
1137, 3
1138, 3
1139, 3
1140, 3
1141, 3
1142, 8
1143, 8
1144, 4
1145, 5
1146, 7
1147, 7
1148, 4
1149, 9
1150, 9
1151, 4
1152, 4
1153, 4
1154, 4
1155, 4
1156, 4
1157, 3
1158, 3
1159, 3
1160, 3
1161, 7
1162, 7
1163, 7
1164, 7
1165, 6
1166, 6
1167, 2
1168, 7
1169, 8
1170, 8
1171, 6
1172, 6
1173, 6
1174, 6
1175, 6
1176, 5
1177, 8
1178, 8
1179, 7
1180, 5
1181, 8
1182, 5
1183, 5
1184, 5
1185, 5
1186, 5
1187, 4
1188, 4
1189, 4
1190, 2
1191, 6
1192, 8
1193, 8
1194, 8
1195, 8
1196, 4
1197, 4
1198, 4
1199, 5
1200, 3
1201, 3
1202, 8
1203, 8
1204, 9
1205, 9
1206, 9
1207, 7
1208, 8
1209, 8
1210, 8
1211, 7
1212, 9
1213, 9
1214, 6
1215, 7
1216, 8
1217, 7
1218, 7
1219, 5
1220, 5
1221, 5
1222, 5
1223, 5
1224, 5
1225, 6
1226, 6
1227, 6
1228, 6
1229, 4
1230, 3
1231, 3
1232, 2
1233, 2
1234, 8
1235, 8
1236, 4
1237, 4
1238, 4
1239, 7
1240, 6
1241, 10
1242, 10
1243, 4
1244, 6
1245, 6
1246, 4
1247, 3
1248, 3
1249, 5
1250, 4
1251, 7
1252, 7
1253, 7
1254, 7
1255, 7
1256, 8
1257, 5
1258, 5
1259, 5
1260, 5
1261, 7
1262, 2
1263, 2
1264, 2
1265, 4
1266, 4
1267, 4
1268, 4
1269, 4
1270, 4
1271, 3
1272, 3
1273, 3
1274, 3
1275, 6
1276, 6
1277, 5
1278, 5
1279, 8
1280, 8
1281, 5
1282, 5
1283, 5
1284, 5
1285, 10
1286, 10
1287, 5
1288, 1
1289, 1
1290, 3
1291, 3
1292, 6
1293, 5
1294, 5
1295, 4
1296, 4
1297, 4
1298, 6
1299, 7
1300, 5
1301, 6
1302, 6
1303, 6
1304, 5
1305, 5
1306, 5
1307, 5
1308, 3
1309, 7
1310, 6
1311, 5
1312, 4
1313, 3
1314, 5
1315, 5
1316, 5
1317, 5
1318, 5
1319, 4
1320, 4
1321, 4
1322, 3
1323, 3
1324, 4
1325, 4
1326, 3
1327, 3
1328, 4
1329, 3
1330, 4
1331, 4
1332, 4
1333, 4
1334, 4
1335, 4
1336, 4
1337, 4
1338, 4
1339, 6
1340, 5
1341, 5
1342, 4
1343, 4
1344, 8
1345, 9
1346, 9
1347, 9
1348, 10
1349, 10
1350, 5
1351, 4
1352, 4
1353, 7
1354, 6
1355, 6
1356, 6
1357, 4
1358, 4
1359, 4
1360, 4
1361, 8
1362, 8
1363, 8
1364, 8
1365, 7
1366, 7
1367, 7
1368, 7
1369, 7
1370, 8
1371, 6
1372, 6
1373, 3
1374, 4
1375, 2
1376, 2
1377, 7
1378, 6
1379, 4
1380, 4
1381, 4
1382, 4
1383, 3
1384, 2
1385, 2
1386, 2
1387, 5
1388, 8
1389, 7
1390, 6
1391, 6
1392, 3
1393, 3
1394, 3
1395, 5
1396, 5
1397, 5
1398, 5
1399, 3
1400, 3
1401, 7
1402, 7
1403, 7
1404, 5
1405, 3
1406, 4
1407, 4
1408, 4
1409, 5
1410, 5
1411, 6
1412, 8
1413, 9
1414, 9
1415, 2
1416, 2
1417, 5
1418, 5
1419, 6
1420, 5
1421, 6
1422, 6
1423, 6
1424, 4
1425, 4
1426, 4
1427, 5
1428, 5
1429, 6
1430, 4
1431, 5
1432, 4
1433, 3
1434, 3
1435, 4
1436, 4
1437, 5
1438, 5
1439, 5
1440, 5
1441, 5
1442, 5
1443, 5
1444, 5
1445, 7
1446, 6
1447, 6
1448, 6
1449, 3
1450, 3
1451, 3
1452, 5
1453, 3
1454, 3
1455, 5
1456, 5
1457, 5
1458, 5
1459, 5
1460, 5
1461, 6
1462, 5
1463, 9
1464, 5
1465, 5
1466, 5
1467, 5
1468, 4
1469, 4
1470, 8
1471, 5
1472, 4
1473, 4
1474, 3
1475, 3
1476, 3
1477, 3
1478, 3
1479, 4
1480, 4
1481, 5
1482, 9
1483, 9
1484, 5
1485, 5
1486, 6
1487, 6
1488, 6
1489, 6
1490, 4
1491, 4
1492, 4
1493, 3
1494, 3
1495, 6
1496, 6
1497, 6
1498, 6
1499, 7
1500, 8
1501, 8
1502, 9
1503, 9
1504, 6
1505, 3
1506, 6
1507, 7
1508, 9
1509, 9
1510, 9
1511, 10
1512, 11
1513, 11
1514, 7
1515, 7
1516, 5
1517, 5
1518, 6
1519, 4
1520, 2
1521, 2
1522, 3
1523, 4
1524, 4
1525, 3
1526, 3
1527, 4
1528, 4
1529, 5
1530, 5
1531, 4
1532, 4
1533, 4
1534, 5
1535, 5
1536, 5
1537, 7
1538, 6
1539, 7
1540, 6
1541, 5
1542, 5
1543, 6
1544, 5
1545, 5
1546, 6
1547, 5
1548, 4
1549, 4
1550, 4
1551, 4
1552, 4
1553, 6
1554, 5
1555, 5
1556, 5
1557, 6
1558, 8
1559, 6
1560, 7
1561, 7
1562, 5
1563, 5
1564, 5
1565, 4
1566, 4
1567, 4
1568, 4
1569, 3
1570, 9
1571, 8
1572, 8
1573, 3
1574, 3
1575, 3
1576, 6
1577, 6
1578, 5
1579, 8
1580, 8
1581, 8
1582, 8
1583, 8
1584, 8
1585, 6
1586, 6
1587, 6
1588, 6
1589, 3
1590, 6
1591, 5
1592, 5
1593, 5
1594, 5
1595, 3
1596, 3
1597, 3
1598, 6
1599, 6
1600, 2
1601, 2
1602, 2
1603, 3
1604, 5
1605, 9
1606, 9
1607, 6
1608, 8
1609, 11
1610, 11
1611, 11
1612, 11
1613, 8
1614, 5
1615, 5
1616, 6
1617, 13
1618, 11
1619, 10
1620, 10
1621, 10
1622, 9
1623, 3
1624, 6
1625, 7
1626, 8
1627, 7
1628, 5
1629, 5
1630, 5
1631, 6
1632, 6
1633, 9
1634, 4
1635, 6
1636, 5
1637, 5
1638, 7
1639, 7
1640, 6
1641, 4
1642, 5
1643, 6
1644, 5
1645, 6
1646, 6
1647, 4
1648, 5
1649, 6
1650, 6
1651, 6
1652, 5
1653, 7
1654, 7
1655, 7
1656, 7
1657, 7
1658, 7
1659, 5
1660, 4
1661, 3
1662, 5
1663, 5
1664, 5
1665, 4
1666, 6
1667, 5
1668, 3
1669, 4
1670, 4
1671, 4
1672, 4
1673, 4
1674, 6
1675, 6
1676, 6
1677, 6
1678, 5
1679, 3
1680, 3
1681, 3
1682, 2
1683, 2
1684, 3
1685, 3
1686, 3
1687, 4
1688, 4
1689, 4
1690, 3
1691, 4
1692, 4
1693, 5
1694, 4
1695, 4
1696, 5
1697, 5
1698, 5
1699, 5
1700, 8
1701, 6
1702, 6
1703, 6
1704, 3
1705, 6
1706, 6
1707, 6
1708, 6
1709, 6
1710, 6
1711, 6
1712, 6
1713, 3
1714, 3
1715, 4
1716, 3
1717, 3
1718, 3
1719, 2
1720, 2
1721, 4
1722, 4
1723, 2
1724, 5
1725, 5
1726, 5
1727, 5
1728, 7
1729, 9
1730, 9
1731, 9
1732, 4
1733, 4
1734, 4
1735, 4
1736, 4
1737, 5
1738, 5
1739, 5
1740, 7
1741, 9
1742, 6
1743, 8
1744, 9
1745, 6
1746, 4
1747, 4
1748, 4
1749, 7
1750, 7
1751, 5
1752, 4
1753, 4
1754, 7
1755, 4
1756, 4
1757, 5
1758, 5
1759, 7
1760, 4
1761, 4
1762, 8
1763, 8
1764, 8
1765, 7
1766, 7
1767, 7
1768, 10
1769, 10
1770, 3
1771, 3
1772, 9
1773, 4
1774, 4
1775, 5
1776, 8
1777, 7
1778, 7
1779, 7
1780, 7
1781, 7
1782, 7
1783, 3
1784, 3
1785, 9
1786, 11
1787, 11
1788, 10
1789, 7
1790, 3
1791, 3
1792, 6
1793, 3
1794, 3
1795, 2
1796, 2
1797, 3
1798, 4
1799, 4
1800, 4
1801, 5
1802, 5
1803, 6
1804, 6
1805, 6
1806, 8
1807, 3
1808, 5
1809, 5
1810, 5
1811, 5
1812, 5
1813, 5
1814, 8
1815, 11
1816, 11
1817, 11
1818, 8
1819, 5
1820, 5
1821, 5
1822, 5
1823, 6
1824, 4
1825, 4
1826, 5
1827, 4
1828, 4
1829, 4
1830, 4
1831, 3
1832, 3
1833, 4
1834, 2
1835, 2
1836, 2
1837, 1
1838, 5
1839, 5
1840, 5
1841, 5
1842, 5
1843, 4
1844, 4
1845, 5
1846, 4
1847, 6
1848, 3
1849, 7
1850, 2
1851, 2
1852, 2
1853, 3
1854, 3
1855, 3
1856, 3
1857, 3
1858, 3
1859, 3
1860, 2
1861, 3
1862, 3
1863, 3
1864, 3
1865, 3
1866, 7
1867, 7
1868, 8
1869, 6
1870, 5
1871, 4
1872, 4
1873, 5
1874, 11
1875, 9
1876, 8
1877, 8
1878, 8
1879, 8
1880, 8
1881, 8
1882, 6
1883, 4
1884, 4
1885, 9
1886, 8
1887, 5
1888, 6
1889, 6
1890, 6
1891, 6
1892, 6
1893, 4
1894, 5
1895, 5
1896, 1
1897, 1
1898, 1
1899, 1
1900, 1
1901, 6
1902, 2
1903, 5
1904, 8
1905, 2
1906, 4
1907, 8
1908, 8
1909, 7
1910, 7
1911, 7
1912, 7
1913, 5
1914, 5
1915, 5
1916, 6
1917, 3
1918, 3
1919, 11
1920, 11
1921, 11
1922, 9
1923, 9
1924, 9
1925, 8
1926, 6
1927, 6
1928, 6
1929, 9
1930, 9
1931, 9
1932, 8
1933, 8
1934, 5
1935, 3
1936, 3
1937, 7
1938, 5
1939, 3
1940, 3
1941, 3
1942, 3
1943, 3
1944, 3
1945, 5
1946, 5
1947, 5
1948, 5
1949, 5
1950, 6
1951, 6
1952, 6
1953, 5
1954, 7
1955, 7
1956, 6
1957, 7
1958, 7
1959, 7
1960, 8
1961, 7
1962, 7
1963, 5
1964, 5
1965, 7
1966, 7
1967, 7
1968, 7
1969, 6
1970, 6
1971, 6
1972, 9
1973, 6
1974, 8
1975, 8
1976, 6
1977, 6
1978, 6
1979, 3
1980, 3
1981, 3
1982, 2
1983, 6
1984, 6
1985, 6
1986, 6
1987, 6
1988, 6
1989, 6
1990, 6
1991, 7
1992, 8
1993, 7
1994, 7
1995, 5
1996, 3
1997, 3
1998, 3
1999, 3
2000, 4
2001, 4
2002, 3
2003, 5
2004, 5
2005, 5
2006, 5
2007, 5
2008, 6
2009, 3
2010, 3
2011, 2
2012, 4
2013, 7
2014, 2
2015, 2
2016, 7
2017, 7
2018, 7
2019, 7
2020, 7
2021, 6
2022, 6
2023, 6
2024, 6
2025, 3
2026, 3
2027, 6
2028, 3
2029, 2
2030, 2
2031, 2
2032, 5
2033, 5
2034, 5
2035, 6
2036, 7
2037, 7
2038, 6
2039, 6
2040, 6
2041, 8
2042, 8
2043, 4
2044, 5
2045, 5
2046, 10
2047, 5
2048, 5
2049, 4
2050, 5
2051, 5
2052, 5
2053, 5
2054, 6
2055, 8
2056, 8
2057, 8
2058, 6
2059, 6
2060, 7
2061, 7
2062, 6
2063, 6
2064, 6
2065, 6
2066, 5
2067, 6
2068, 6
2069, 8
2070, 5
2071, 6
2072, 6
2073, 4
2074, 4
2075, 4
2076, 4
2077, 4
2078, 4
2079, 4
2080, 6
2081, 7
2082, 5
2083, 5
2084, 3
2085, 3
2086, 4
2087, 5
2088, 5
2089, 5
2090, 5
2091, 5
2092, 3
2093, 6
2094, 6
2095, 6
2096, 3
2097, 6
2098, 3
2099, 7
2100, 7
2101, 7
2102, 4
2103, 5
2104, 6
2105, 6
2106, 6
2107, 4
2108, 4
2109, 4
2110, 4
2111, 4
2112, 4
2113, 5
2114, 5
2115, 5
2116, 5
2117, 4
2118, 7
2119, 7
2120, 7
2121, 8
2122, 8
2123, 8
2124, 8
2125, 8
2126, 8
2127, 8
2128, 8
2129, 8
2130, 5
2131, 4
2132, 4
2133, 4
2134, 4
2135, 4
2136, 4
2137, 5
2138, 5
2139, 8
2140, 8
2141, 9
2142, 9
2143, 6
2144, 4
2145, 4
2146, 5
2147, 5
2148, 5
2149, 5
2150, 5
2151, 5
2152, 5
2153, 5
2154, 5
2155, 10
2156, 8
2157, 5
2158, 5
2159, 5
2160, 5
2161, 5
2162, 5
2163, 4
2164, 3
2165, 7
2166, 7
2167, 7
2168, 9
2169, 9
2170, 3
2171, 2
2172, 6
2173, 6
2174, 6
2175, 6
2176, 6
2177, 6
2178, 6
2179, 5
2180, 5
2181, 5
2182, 4
2183, 4
2184, 5
2185, 5
2186, 4
2187, 4
2188, 4
2189, 6
2190, 6
2191, 8
2192, 8
2193, 8
2194, 4
2195, 4
2196, 6
2197, 6
2198, 5
2199, 4
2200, 11
2201, 11
2202, 12
2203, 12
2204, 7
2205, 7
2206, 5
2207, 5
2208, 5
2209, 7
2210, 3
2211, 3
2212, 3
2213, 3
2214, 3
2215, 5
2216, 5
2217, 5
2218, 5
2219, 7
2220, 5
2221, 5
2222, 5
2223, 4
2224, 5
2225, 8
2226, 8
2227, 8
2228, 6
2229, 7
2230, 6
2231, 7
2232, 8
2233, 4
2234, 4
2235, 4
2236, 4
2237, 4
2238, 4
2239, 1
2240, 1
2241, 5
2242, 3
2243, 3
2244, 5
2245, 7
2246, 7
2247, 4
2248, 4
2249, 6
2250, 6
2251, 4
2252, 4
2253, 5
2254, 5
2255, 6
2256, 6
2257, 6
2258, 1
2259, 1
2260, 1
2261, 5
2262, 5
2263, 5
2264, 2
2265, 2
2266, 3
2267, 3
2268, 6
2269, 6
2270, 4
2271, 3
2272, 3
2273, 3
2274, 3
2275, 4
2276, 5
2277, 3
2278, 3
2279, 3
2280, 3
2281, 3
2282, 7
2283, 7
2284, 7
2285, 5
2286, 5
2287, 5
2288, 7
2289, 7
2290, 7
2291, 6
2292, 8
2293, 7
2294, 7
2295, 7
2296, 6
2297, 8
2298, 5
2299, 6
2300, 6
2301, 7
2302, 6
2303, 6
2304, 6
2305, 8
2306, 7
2307, 7
2308, 7
2309, 7
2310, 5
2311, 4
2312, 7
2313, 6
2314, 6
2315, 7
2316, 5
2317, 5
2318, 4
2319, 4
2320, 5
2321, 4
2322, 4
2323, 4
2324, 4
2325, 5
2326, 6
2327, 6
2328, 4
2329, 4
2330, 4
2331, 4
2332, 4
2333, 4
2334, 4
2335, 4
2336, 4
2337, 4
2338, 7
2339, 9
2340, 6
2341, 7
2342, 6
2343, 8
2344, 8
2345, 8
2346, 8
2347, 8
2348, 8
2349, 7
2350, 7
2351, 7
2352, 6
2353, 12
2354, 9
2355, 13
2356, 7
2357, 7
2358, 5
2359, 5
2360, 5
2361, 5
2362, 5
2363, 5
2364, 4
2365, 4
2366, 5
2367, 7
2368, 9
2369, 9
2370, 11
2371, 11
2372, 6
2373, 6
2374, 6
2375, 6
2376, 6
2377, 6
2378, 6
2379, 4
2380, 7
2381, 7
2382, 8
2383, 2
2384, 3
2385, 4
2386, 3
2387, 3
2388, 3
2389, 3
2390, 6
2391, 6
2392, 6
2393, 6
2394, 6
2395, 7
2396, 7
2397, 7
2398, 6
2399, 3
2400, 2
2401, 3
2402, 8
2403, 5
2404, 5
2405, 6
2406, 6
2407, 6
2408, 4
2409, 2
2410, 2
2411, 7
2412, 7
2413, 3
2414, 4
2415, 4
2416, 3
2417, 3
2418, 3
2419, 3
2420, 4
2421, 7
2422, 7
2423, 8
2424, 6
2425, 6
2426, 6
2427, 6
2428, 6
2429, 4
2430, 6
2431, 7
2432, 7
2433, 7
2434, 7
2435, 5
2436, 4
2437, 4
2438, 4
2439, 4
2440, 4
2441, 4
2442, 4
2443, 4
2444, 10
2445, 10
2446, 9
2447, 5
2448, 5
2449, 5
2450, 5
2451, 4
2452, 4
2453, 4
2454, 4
2455, 4
2456, 4
2457, 5
2458, 6
2459, 5
2460, 5
2461, 5
2462, 2
2463, 5
2464, 5
2465, 8
2466, 8
2467, 8
2468, 7
2469, 5
2470, 4
2471, 4
2472, 6
2473, 6
2474, 7
2475, 5
2476, 5
2477, 4
2478, 3
2479, 3
2480, 3
2481, 2
2482, 6
2483, 6
2484, 9
2485, 9
2486, 4
2487, 4
2488, 4
2489, 4
2490, 4
2491, 4
2492, 5
2493, 5
2494, 5
2495, 6
2496, 7
2497, 7
2498, 7
2499, 4
2500, 4
2501, 4
2502, 4
2503, 8
2504, 8
2505, 9
2506, 9
2507, 10
2508, 7
2509, 7
2510, 3
2511, 3
2512, 3
2513, 3
2514, 3
2515, 3
2516, 3
2517, 4
2518, 5
2519, 5
2520, 3
2521, 3
2522, 3
2523, 3
2524, 3
2525, 3
2526, 4
2527, 4
2528, 4
2529, 4
2530, 5
2531, 4
2532, 6
2533, 5
2534, 5
2535, 6
2536, 6
2537, 4
2538, 4
2539, 4
2540, 4
2541, 3
2542, 3
2543, 3
2544, 5
2545, 3
2546, 3
2547, 3
2548, 5
2549, 3
2550, 3
2551, 3
2552, 3
2553, 3
2554, 3
2555, 3
2556, 3
2557, 3
2558, 4
2559, 4
2560, 3
2561, 3
2562, 3
2563, 3
2564, 4
2565, 5
2566, 5
2567, 5
2568, 4
2569, 4
2570, 4
2571, 4
2572, 4
2573, 4
2574, 4
2575, 8
2576, 8
2577, 9
2578, 9
2579, 9
2580, 8
2581, 4
2582, 4
2583, 4
2584, 3
2585, 5
2586, 5
2587, 6
2588, 7
2589, 7
2590, 7
2591, 4
2592, 4
2593, 4
2594, 4
2595, 4
2596, 3
2597, 3
2598, 3
2599, 3
2600, 4
2601, 5
2602, 5
2603, 4
2604, 4
2605, 3
2606, 3
2607, 6
2608, 3
2609, 6
2610, 5
2611, 5
2612, 6
2613, 4
2614, 3
2615, 3
2616, 3
2617, 7
2618, 6
2619, 6
2620, 6
2621, 6
2622, 7
2623, 5
2624, 7
2625, 6
2626, 6
2627, 6
2628, 6
2629, 6
2630, 6
2631, 7
2632, 8
2633, 5
2634, 5
2635, 5
2636, 6
2637, 6
2638, 6
2639, 7
2640, 7
2641, 7
2642, 7
2643, 6
2644, 5
2645, 5
2646, 5
2647, 6
2648, 6
2649, 6
2650, 5
2651, 3
2652, 3
2653, 4
2654, 4
2655, 4
2656, 4
2657, 4
2658, 4
2659, 6
2660, 6
2661, 6
2662, 5
2663, 5
2664, 2
2665, 5
2666, 5
2667, 4
2668, 4
2669, 4
2670, 4
2671, 4
2672, 4
2673, 4
2674, 5
2675, 5
2676, 4
2677, 4
2678, 6
2679, 6
2680, 6
2681, 6
2682, 6
2683, 6
2684, 5
2685, 5
2686, 5
2687, 5
2688, 7
2689, 6
2690, 8
2691, 7
2692, 7
2693, 8
2694, 8
2695, 9
2696, 5
2697, 2
2698, 3
2699, 3
2700, 3
2701, 3
2702, 3
2703, 2
2704, 2
2705, 3
2706, 3
2707, 3
2708, 6
2709, 7
2710, 8
2711, 8
2712, 8
2713, 8
2714, 8
2715, 8
2716, 8
2717, 7
2718, 7
2719, 6
2720, 6
2721, 7
2722, 5
2723, 6
2724, 3
2725, 4
2726, 3
2727, 3
2728, 3
2729, 3
2730, 3
2731, 4
2732, 6
2733, 2
2734, 2
2735, 2
2736, 4
2737, 4
2738, 4
2739, 4
2740, 3
2741, 3
2742, 3
2743, 5
2744, 4
2745, 4
2746, 4
2747, 3
2748, 1
2749, 7
2750, 7
2751, 9
2752, 7
2753, 7
2754, 6
2755, 7
2756, 8
2757, 5
2758, 5
2759, 10
2760, 10
2761, 3
2762, 4
2763, 4
2764, 2
2765, 3
2766, 4
2767, 4
2768, 4
2769, 4
2770, 4
2771, 4
2772, 4
2773, 4
2774, 4
2775, 5
2776, 5
2777, 5
2778, 3
2779, 3
2780, 5
2781, 5
2782, 5
2783, 5
2784, 5
2785, 5
2786, 5
2787, 5
2788, 2
2789, 2
2790, 6
2791, 6
2792, 9
2793, 6
2794, 6
2795, 6
2796, 5
2797, 3
2798, 3
2799, 3
2800, 3
2801, 3
2802, 3
2803, 3
2804, 6
2805, 6
2806, 6
2807, 6
2808, 6
2809, 3
2810, 3
2811, 3
2812, 3
2813, 3
2814, 3
2815, 3
2816, 3
2817, 5
2818, 4
2819, 7
2820, 11
2821, 6
2822, 7
2823, 8
2824, 9
2825, 7
2826, 5
2827, 6
2828, 5
2829, 6
2830, 7
2831, 8
2832, 8
2833, 7
2834, 7
2835, 5
2836, 5
2837, 5
2838, 6
2839, 6
2840, 5
2841, 5
2842, 3
2843, 5
2844, 5
2845, 5
2846, 9
2847, 5
2848, 5
2849, 5
2850, 4
2851, 4
2852, 3
2853, 3
2854, 2
2855, 2
2856, 2
2857, 2
2858, 2
2859, 3
2860, 2
2861, 2
2862, 3
2863, 4
2864, 6
2865, 6
2866, 7
2867, 7
2868, 3
2869, 3
2870, 3
2871, 6
2872, 7
2873, 5
2874, 4
2875, 5
2876, 7
2877, 5
2878, 5
2879, 5
2880, 5
2881, 5
2882, 5
2883, 6
2884, 6
2885, 6
2886, 6
2887, 3
2888, 6
2889, 6
2890, 5
2891, 5
2892, 8
2893, 3
2894, 3
2895, 3
2896, 6
2897, 4
2898, 2
2899, 2
2900, 2
2901, 2
2902, 3
2903, 3
2904, 3
2905, 3
2906, 4
2907, 4
2908, 4
2909, 4
2910, 4
2911, 4
2912, 6
2913, 6
2914, 7
2915, 7
2916, 8
2917, 8
2918, 8
2919, 8
2920, 8
2921, 8
2922, 8
2923, 8
2924, 8
2925, 3
2926, 3
2927, 3
2928, 4
2929, 4
2930, 4
2931, 3
2932, 3
2933, 6
2934, 6
2935, 6
2936, 7
2937, 11
2938, 12
2939, 12
2940, 12
2941, 6
2942, 4
2943, 7
2944, 6
2945, 6
2946, 6
2947, 4
2948, 5
2949, 4
2950, 4
2951, 5
2952, 9
2953, 8
2954, 5
2955, 6
2956, 6
2957, 6
2958, 4
2959, 4
2960, 6
2961, 5
2962, 5
2963, 7
2964, 7
2965, 7
2966, 8
2967, 7
2968, 7
2969, 6
2970, 4
2971, 4
2972, 5
2973, 6
2974, 5
2975, 6
2976, 5
2977, 5
2978, 5
2979, 5
2980, 3
2981, 6
2982, 5
2983, 6
2984, 6
2985, 6
2986, 4
2987, 9
2988, 9
2989, 8
2990, 5
2991, 5
2992, 7
2993, 3
2994, 3
2995, 3
2996, 3
2997, 7
2998, 5
2999, 4
3000, 4
3001, 2
3002, 3
3003, 4
3004, 3
3005, 2
3006, 6
3007, 6
3008, 6
3009, 6
3010, 6
3011, 7
3012, 7
3013, 7
3014, 3
3015, 5
3016, 5
3017, 5
3018, 5
3019, 4
3020, 4
3021, 3
3022, 3
3023, 4
3024, 5
3025, 5
3026, 3
3027, 3
3028, 3
3029, 5
3030, 4
3031, 5
3032, 4
3033, 4
3034, 7
3035, 8
3036, 7
3037, 7
3038, 3
3039, 3
3040, 3
3041, 3
3042, 4
3043, 3
3044, 5
3045, 5
3046, 5
3047, 6
3048, 5
3049, 7
3050, 5
3051, 2
3052, 2
3053, 2
3054, 2
3055, 2
3056, 2
3057, 3
3058, 4
3059, 4
3060, 4
3061, 4
3062, 4
3063, 4
3064, 4
3065, 4
3066, 3
3067, 3
3068, 5
3069, 5
3070, 8
3071, 4
3072, 3
3073, 3
3074, 3
3075, 3
3076, 4
3077, 8
3078, 8
3079, 6
3080, 6
3081, 6
3082, 6
3083, 6
3084, 6
3085, 6
3086, 5
3087, 5
3088, 5
3089, 5
3090, 9
3091, 8
3092, 4
3093, 4
3094, 4
3095, 4
3096, 4
3097, 4
3098, 4
3099, 4
3100, 4
3101, 4
3102, 4
3103, 3
3104, 3
3105, 4
3106, 4
3107, 6
3108, 5
3109, 5
3110, 6
3111, 4
3112, 5
3113, 9
3114, 8
3115, 4
3116, 4
3117, 3
3118, 7
3119, 6
3120, 6
3121, 3
3122, 3
3123, 4
3124, 4
3125, 4
3126, 5
3127, 5
3128, 5
3129, 6
3130, 4
3131, 5
3132, 2
3133, 4
3134, 5
3135, 4
3136, 4
3137, 4
3138, 3
3139, 3
3140, 3
3141, 3
3142, 4
3143, 4
3144, 4
3145, 4
3146, 4
3147, 5
3148, 6
3149, 6
3150, 6
3151, 5
3152, 5
3153, 4
3154, 4
3155, 4
3156, 4
3157, 4
3158, 4
3159, 4
3160, 4
3161, 4
3162, 4
3163, 4
3164, 4
3165, 4
3166, 3
3167, 4
3168, 4
3169, 4
3170, 7
3171, 7
3172, 7
3173, 5
3174, 5
3175, 3
3176, 5
3177, 5
3178, 5
3179, 7
3180, 7
3181, 7
3182, 5
3183, 5
3184, 3
3185, 3
3186, 6
3187, 6
3188, 4
3189, 4
3190, 4
3191, 5
3192, 6
3193, 7
3194, 10
3195, 4
3196, 4
3197, 7
3198, 7
3199, 7
3200, 9
3201, 4
3202, 6
3203, 6
3204, 4
3205, 5
3206, 4
3207, 4
3208, 4
3209, 4
3210, 2
3211, 5
3212, 5
3213, 5
3214, 5
3215, 4
3216, 4
3217, 4
3218, 6
3219, 6
3220, 6
3221, 7
3222, 8
3223, 8
3224, 5
3225, 6
3226, 4
3227, 6
3228, 6
3229, 6
3230, 6
3231, 6
3232, 6
3233, 6
3234, 3
3235, 7
3236, 7
3237, 7
3238, 5
3239, 4
3240, 4
3241, 4
3242, 7
3243, 7
3244, 7
3245, 7
3246, 7
3247, 5
3248, 6
3249, 4
3250, 3
3251, 3
3252, 3
3253, 4
3254, 4
3255, 1
3256, 1
3257, 1
3258, 1
3259, 3
3260, 3
3261, 3
3262, 3
3263, 4
3264, 5
3265, 5
3266, 5
3267, 6
3268, 6
3269, 6
3270, 9
3271, 9
3272, 9
3273, 3
3274, 5
3275, 4
3276, 6
3277, 6
3278, 6
3279, 6
3280, 4
3281, 1
3282, 4
3283, 4
3284, 4
3285, 3
3286, 3
3287, 3
3288, 3
3289, 2
3290, 2
3291, 7
3292, 4
3293, 7
3294, 7
3295, 7
3296, 6
3297, 6
3298, 6
3299, 4
3300, 6
3301, 8
3302, 8
3303, 8
3304, 4
3305, 4
3306, 4
3307, 5
3308, 5
3309, 4
3310, 4
3311, 6
3312, 6
3313, 4
3314, 4
3315, 8
3316, 8
3317, 7
3318, 8
3319, 8
3320, 7
3321, 9
3322, 8
3323, 8
3324, 8
3325, 8
3326, 5
3327, 5
3328, 9
3329, 9
3330, 10
3331, 10
3332, 6
3333, 7
3334, 6
3335, 5
3336, 5
3337, 5
3338, 4
3339, 4
3340, 6
3341, 5
3342, 4
3343, 8
3344, 6
3345, 5
3346, 5
3347, 2
3348, 2
3349, 4
3350, 5
3351, 5
3352, 6
3353, 6
3354, 8
3355, 8
3356, 8
3357, 8
3358, 5
3359, 4
3360, 8
3361, 8
3362, 7
3363, 7
3364, 8
3365, 8
3366, 4
3367, 3
3368, 4
3369, 2
3370, 4
3371, 4
3372, 5
3373, 5
3374, 5
3375, 5
3376, 11
3377, 10
3378, 10
3379, 2
3380, 2
3381, 2
3382, 2
3383, 2
3384, 10
3385, 7
3386, 7
3387, 7
3388, 6
3389, 6
3390, 6
3391, 6
3392, 6
3393, 6
3394, 6
3395, 6
3396, 5
3397, 6
3398, 5
3399, 6
3400, 5
3401, 5
3402, 6
3403, 6
3404, 5
3405, 5
3406, 6
3407, 8
3408, 6
3409, 6
3410, 6
3411, 6
3412, 8
3413, 6
3414, 5
3415, 5
3416, 4
3417, 5
3418, 5
3419, 6
3420, 6
3421, 6
3422, 5
3423, 5
3424, 6
3425, 8
3426, 8
3427, 8
3428, 8
3429, 8
3430, 5
3431, 6
3432, 7
3433, 5
3434, 5
3435, 5
3436, 4
3437, 3
3438, 3
3439, 5
3440, 5
3441, 12
3442, 12
3443, 11
3444, 4
3445, 4
3446, 6
3447, 6
3448, 5
3449, 5
3450, 5
3451, 8
3452, 9
3453, 9
3454, 10
3455, 10
3456, 10
3457, 9
3458, 9
3459, 7
3460, 7
3461, 5
3462, 5
3463, 4
3464, 4
3465, 2
3466, 4
3467, 4
3468, 9
3469, 4
3470, 5
3471, 5
3472, 5
3473, 5
3474, 5
3475, 5
3476, 4
3477, 4
3478, 5
3479, 5
3480, 7
3481, 7
3482, 7
3483, 7
3484, 7
3485, 6
3486, 7
3487, 9
3488, 5
3489, 6
3490, 5
3491, 4
3492, 5
3493, 7
3494, 9
3495, 9
3496, 4
3497, 4
3498, 5
3499, 5
3500, 9
3501, 6
3502, 5
3503, 4
3504, 4
3505, 4
3506, 7
3507, 7
3508, 7
3509, 7
3510, 7
3511, 8
3512, 8
3513, 8
3514, 8
3515, 9
3516, 9
3517, 7
3518, 7
3519, 7
3520, 7
3521, 7
3522, 10
3523, 5
3524, 5
3525, 5
3526, 5
3527, 5
3528, 5
3529, 5
3530, 5
3531, 5
3532, 5
3533, 9
3534, 9
3535, 9
3536, 3
3537, 3
3538, 3
3539, 5
3540, 5
3541, 5
3542, 5
3543, 5
3544, 5
3545, 7
3546, 7
3547, 7
3548, 6
3549, 6
3550, 7
3551, 7
3552, 7
3553, 8
3554, 9
3555, 3
3556, 3
3557, 3
3558, 3
3559, 4
3560, 4
3561, 4
3562, 6
3563, 5
3564, 7
3565, 7
3566, 7
3567, 7
3568, 7
3569, 7
3570, 7
3571, 7
3572, 7
3573, 8
3574, 5
3575, 6
3576, 6
3577, 5
3578, 6
3579, 6
3580, 10
3581, 4
3582, 3
3583, 3
3584, 3
3585, 4
3586, 6
3587, 6
3588, 6
3589, 6
3590, 4
3591, 3
3592, 3
3593, 3
3594, 3
3595, 3
3596, 3
3597, 2
3598, 2
3599, 2
3600, 3
3601, 4
3602, 4
3603, 4
3604, 4
3605, 4
3606, 4
3607, 4
3608, 4
3609, 7
3610, 4
3611, 5
3612, 5
3613, 6
3614, 6
3615, 3
3616, 7
3617, 7
3618, 2
3619, 5
3620, 5
3621, 5
3622, 5
3623, 4
3624, 4
3625, 4
3626, 4
3627, 5
3628, 5
3629, 5
3630, 6
3631, 4
3632, 4
3633, 5
3634, 4
3635, 4
3636, 4
3637, 4
3638, 5
3639, 5
3640, 4
3641, 5
3642, 5
3643, 5
3644, 5
3645, 5
3646, 5
3647, 6
3648, 6
3649, 5
3650, 6
3651, 6
3652, 7
3653, 3
3654, 3
3655, 7
3656, 7
3657, 7
3658, 5
3659, 3
3660, 3
3661, 3
3662, 3
3663, 4
3664, 4
3665, 4
3666, 4
3667, 4
3668, 4
3669, 5
3670, 5
3671, 5
3672, 4
3673, 4
3674, 4
3675, 5
3676, 11
3677, 5
3678, 5
3679, 4
3680, 4
3681, 4
3682, 4
3683, 4
3684, 4
3685, 7
3686, 6
3687, 7
3688, 7
3689, 9
3690, 8
3691, 4
3692, 5
3693, 5
3694, 4
3695, 4
3696, 4
3697, 4
3698, 5
3699, 5
3700, 7
3701, 8
3702, 5
3703, 4
3704, 4
3705, 7
3706, 7
3707, 5
3708, 5
3709, 5
3710, 6
3711, 6
3712, 7
3713, 7
3714, 4
3715, 4
3716, 4
3717, 4
3718, 1
3719, 2
3720, 2
3721, 2
3722, 2
3723, 2
3724, 3
3725, 5
3726, 5
3727, 5
3728, 5
3729, 5
3730, 4
3731, 4
3732, 3
3733, 3
3734, 3
3735, 3
3736, 3
3737, 8
3738, 8
3739, 7
3740, 5
3741, 5
3742, 6
3743, 6
3744, 7
3745, 7
3746, 7
3747, 11
3748, 3
3749, 3
3750, 3
3751, 4
3752, 3
3753, 3
3754, 2
3755, 7
3756, 7
3757, 7
3758, 6
3759, 5
3760, 5
3761, 5
3762, 10
3763, 2
3764, 1
3765, 1
3766, 1
3767, 3
3768, 2
3769, 2
3770, 2
3771, 3
3772, 3
3773, 3
3774, 4
3775, 5
3776, 4
3777, 3
3778, 3
3779, 3
3780, 3
3781, 3
3782, 3
3783, 6
3784, 6
3785, 6
3786, 3
3787, 5
3788, 6
3789, 6
3790, 4
3791, 7
3792, 6
3793, 6
3794, 6
3795, 6
3796, 5
3797, 5
3798, 5
3799, 3
3800, 3
3801, 6
3802, 3
3803, 3
3804, 4
3805, 4
3806, 8
3807, 7
3808, 7
3809, 7
3810, 8
3811, 4
3812, 5
3813, 6
3814, 3
3815, 3
3816, 4
3817, 5
3818, 5
3819, 7
3820, 7
3821, 7
3822, 7
3823, 8
3824, 10
3825, 11
3826, 8
3827, 3
3828, 5
3829, 6
3830, 6
3831, 5
3832, 5
3833, 6
3834, 7
3835, 3
3836, 3
3837, 4
3838, 3
3839, 3
3840, 3
3841, 2
3842, 2
3843, 10
3844, 6
3845, 6
3846, 6
3847, 6
3848, 8
3849, 9
3850, 4
3851, 5
3852, 4
3853, 3
3854, 8
3855, 5
3856, 5
3857, 5
3858, 4
3859, 6
3860, 6
3861, 6
3862, 6
3863, 4
3864, 6
3865, 6
3866, 6
3867, 6
3868, 2
3869, 3
3870, 3
3871, 3
3872, 3
3873, 2
3874, 2
3875, 2
3876, 6
3877, 3
3878, 5
3879, 4
3880, 4
3881, 4
3882, 2
3883, 2
3884, 3
3885, 3
3886, 3
3887, 3
3888, 3
3889, 4
3890, 4
3891, 4
3892, 2
3893, 2
3894, 2
3895, 2
3896, 5
3897, 5
3898, 5
3899, 4
3900, 4
3901, 5
3902, 5
3903, 5
3904, 4
3905, 2
3906, 2
3907, 3
3908, 3
3909, 3
3910, 5
3911, 3
3912, 1
3913, 1
3914, 1
3915, 6
3916, 5
3917, 5
3918, 5
3919, 7
3920, 6
3921, 5
3922, 5
3923, 4
3924, 5
3925, 7
3926, 7
3927, 7
3928, 7
3929, 3
3930, 2
3931, 6
3932, 6
3933, 5
3934, 5
3935, 5
3936, 6
3937, 7
3938, 10
3939, 9
3940, 5
3941, 5
3942, 6
3943, 6
3944, 6
3945, 6
3946, 6
3947, 5
3948, 3
3949, 2
3950, 3
3951, 4
3952, 3
3953, 2
3954, 2
3955, 2
3956, 5
3957, 5
3958, 4
3959, 4
3960, 6
3961, 5
3962, 10
3963, 10
3964, 10
3965, 11
3966, 8
3967, 8
3968, 7
3969, 4
3970, 7
3971, 7
3972, 5
3973, 6
3974, 5
3975, 5
3976, 5
3977, 9
3978, 9
3979, 10
3980, 6
3981, 6
3982, 5
3983, 7
3984, 4
3985, 4
3986, 3
3987, 8
3988, 3
3989, 3
3990, 3
3991, 3
3992, 4
3993, 5
3994, 6
3995, 6
3996, 6
3997, 6
3998, 3
3999, 3
4000, 3
4001, 5
4002, 4
4003, 8
4004, 8
4005, 8
4006, 8
4007, 7
4008, 7
4009, 7
4010, 4
4011, 4
4012, 7
4013, 2
4014, 2
4015, 2
4016, 8
4017, 8
4018, 8
4019, 8
4020, 4
4021, 3
4022, 2
4023, 2
4024, 3
4025, 4
4026, 5
4027, 5
4028, 5
4029, 7
4030, 5
4031, 3
4032, 3
4033, 3
4034, 7
4035, 4
4036, 5
4037, 6
4038, 10
4039, 7
4040, 5
4041, 7
4042, 6
4043, 6
4044, 6
4045, 6
4046, 6
4047, 5
4048, 2
4049, 3
4050, 3
4051, 4
4052, 4
4053, 3
4054, 3
4055, 3
4056, 4
4057, 4
4058, 5
4059, 5
4060, 5
4061, 3
4062, 3
4063, 6
4064, 6
4065, 4
4066, 8
4067, 7
4068, 7
4069, 7
4070, 7
4071, 7
4072, 7
4073, 9
4074, 5
4075, 7
4076, 7
4077, 7
4078, 6
4079, 9
4080, 9
4081, 5
4082, 7
4083, 7
4084, 7
4085, 6
4086, 7
4087, 7
4088, 7
4089, 7
4090, 7
4091, 4
4092, 3
4093, 3
4094, 4
4095, 4
4096, 3
4097, 7
4098, 7
4099, 7
4100, 7
4101, 6
4102, 7
4103, 6
4104, 6
4105, 6
4106, 6
4107, 6
4108, 6
4109, 7
4110, 5
4111, 7
4112, 7
4113, 7
4114, 6
4115, 6
4116, 7
4117, 11
4118, 4
4119, 7
4120, 7
4121, 6
4122, 7
4123, 6
4124, 9
4125, 7
4126, 5
4127, 5
4128, 9
4129, 9
4130, 9
4131, 9
4132, 10
4133, 10
4134, 8
4135, 8
4136, 9
4137, 8
4138, 6
4139, 7
4140, 5
4141, 5
4142, 7
4143, 8
4144, 7
4145, 7
4146, 5
4147, 4
4148, 6
4149, 4
4150, 3
4151, 2
4152, 6
4153, 5
4154, 5
4155, 7
4156, 7
4157, 7
4158, 7
4159, 7
4160, 4
4161, 5
4162, 5
4163, 7
4164, 7
4165, 7
4166, 6
4167, 6
4168, 6
4169, 4
4170, 4
4171, 6
4172, 6
4173, 6
4174, 6
4175, 7
4176, 7
4177, 5
4178, 4
4179, 5
4180, 5
4181, 5
4182, 4
4183, 3
4184, 3
4185, 2
4186, 2
4187, 9
4188, 9
4189, 9
4190, 9
4191, 10
4192, 6
4193, 7
4194, 5
4195, 4
4196, 3
4197, 6
4198, 9
4199, 9
4200, 6
4201, 6
4202, 6
4203, 5
4204, 6
4205, 6
4206, 6
4207, 7
4208, 7
4209, 5
4210, 5
4211, 6
4212, 3
4213, 3
4214, 8
4215, 6
4216, 6
4217, 6
4218, 10
4219, 8
4220, 11
4221, 11
4222, 5
4223, 4
4224, 4
4225, 5
4226, 5
4227, 5
4228, 5
4229, 5
4230, 3
4231, 3
4232, 2
4233, 2
4234, 2
4235, 2
4236, 2
4237, 2
4238, 2
4239, 4
4240, 8
4241, 7
4242, 4
4243, 6
4244, 5
4245, 5
4246, 3
4247, 4
4248, 4
4249, 4
4250, 4
4251, 6
4252, 7
4253, 7
4254, 7
4255, 7
4256, 7
4257, 5
4258, 4
4259, 3
4260, 3
4261, 4
4262, 6
4263, 6
4264, 6
4265, 6
4266, 6
4267, 6
4268, 8
4269, 4
4270, 5
4271, 5
4272, 5
4273, 2
4274, 8
4275, 8
4276, 6
4277, 6
4278, 6
4279, 3
4280, 3
4281, 3
4282, 3
4283, 3
4284, 3
4285, 6
4286, 6
4287, 8
4288, 8
4289, 8
4290, 8
4291, 8
4292, 11
4293, 11
4294, 11
4295, 11
4296, 11
4297, 10
4298, 7
4299, 6
4300, 5
4301, 5
4302, 5
4303, 5
4304, 4
4305, 7
4306, 6
4307, 6
4308, 6
4309, 7
4310, 5
4311, 5
4312, 4
4313, 6
4314, 6
4315, 6
4316, 6
4317, 8
4318, 5
4319, 2
4320, 3
4321, 5
4322, 6
4323, 4
4324, 4
4325, 5
4326, 4
4327, 5
4328, 7
4329, 7
4330, 8
4331, 7
4332, 7
4333, 7
4334, 5
4335, 5
4336, 5
4337, 7
4338, 4
4339, 4
4340, 4
4341, 4
4342, 4
4343, 4
4344, 4
4345, 3
4346, 3
4347, 3
4348, 3
4349, 3
4350, 3
4351, 3
4352, 3
4353, 2
4354, 2
4355, 2
4356, 2
4357, 2
4358, 4
4359, 2
4360, 2
4361, 4
4362, 4
4363, 4
4364, 4
4365, 7
4366, 6
4367, 2
4368, 5
4369, 5
4370, 7
4371, 4
4372, 4
4373, 4
4374, 5
4375, 5
4376, 5
4377, 6
4378, 6
4379, 5
4380, 5
4381, 6
4382, 7
4383, 6
4384, 9
4385, 9
4386, 7
4387, 7
4388, 7
4389, 7
4390, 7
4391, 7
4392, 7
4393, 7
4394, 5
4395, 6
4396, 6
4397, 2
4398, 4
4399, 4
4400, 10
4401, 8
4402, 10
4403, 11
4404, 10
4405, 10
4406, 10
4407, 10
4408, 10
4409, 11
4410, 11
4411, 11
4412, 10
4413, 10
4414, 5
4415, 3
4416, 3
4417, 7
4418, 4
4419, 2
4420, 3
4421, 7
4422, 7
4423, 7
4424, 7
4425, 7
4426, 7
4427, 6
4428, 6
4429, 6
4430, 6
4431, 6
4432, 6
4433, 6
4434, 5
4435, 8
4436, 8
4437, 10
4438, 10
4439, 10
4440, 12
4441, 7
4442, 7
4443, 4
4444, 4
4445, 4
4446, 4
4447, 7
4448, 7
4449, 9
4450, 9
4451, 9
4452, 6
4453, 6
4454, 6
4455, 7
4456, 7
4457, 7
4458, 7
4459, 7
4460, 6
4461, 6
4462, 2
4463, 4
4464, 4
4465, 6
4466, 7
4467, 6
4468, 6
4469, 6
4470, 5
4471, 5
4472, 5
4473, 5
4474, 6
4475, 6
4476, 6
4477, 6
4478, 6
4479, 5
4480, 3
4481, 3
4482, 3
4483, 3
4484, 3
4485, 3
4486, 3
4487, 3
4488, 7
4489, 5
4490, 6
4491, 6
4492, 6
4493, 6
4494, 2
4495, 3
4496, 3
4497, 3
4498, 3
4499, 2
4500, 2
4501, 2
4502, 2
4503, 2
4504, 6
4505, 2
4506, 4
4507, 3
4508, 2
4509, 2
4510, 4
4511, 4
4512, 4
4513, 3
4514, 3
4515, 3
4516, 3
4517, 4
4518, 4
4519, 4
4520, 4
4521, 4
4522, 4
4523, 3
4524, 3
4525, 4
4526, 2
4527, 2
4528, 2
4529, 2
4530, 3
4531, 4
4532, 4
4533, 4
4534, 4
4535, 5
4536, 6
4537, 4
4538, 4
4539, 4
4540, 3
4541, 3
4542, 4
4543, 4
4544, 4
4545, 2
4546, 2
4547, 5
4548, 6
4549, 5
4550, 4
4551, 4
4552, 3
4553, 4
4554, 6
4555, 3
4556, 3
4557, 3
4558, 4
4559, 5
4560, 4
4561, 5
4562, 5
4563, 5
4564, 4
4565, 3
4566, 3
4567, 4
4568, 4
4569, 4
4570, 4
4571, 7
4572, 9
4573, 10
4574, 8
4575, 5
4576, 7
4577, 7
4578, 9
4579, 9
4580, 3
4581, 3
4582, 3
4583, 5
4584, 7
4585, 7
4586, 10
4587, 8
4588, 8
4589, 7
4590, 7
4591, 7
4592, 5
4593, 5
4594, 5
4595, 7
4596, 7
4597, 6
4598, 8
4599, 7
4600, 5
4601, 7
4602, 6
4603, 7
4604, 9
4605, 9
4606, 9
4607, 9
4608, 9
4609, 5
4610, 7
4611, 7
4612, 5
4613, 3
4614, 4
4615, 3
4616, 3
4617, 3
4618, 3
4619, 3
4620, 3
4621, 4
4622, 4
4623, 4
4624, 6
4625, 8
4626, 5
4627, 5
4628, 5
4629, 6
4630, 4
4631, 4
4632, 5
4633, 8
4634, 10
4635, 8
4636, 8
4637, 8
4638, 5
4639, 5
4640, 5
4641, 5
4642, 5
4643, 3
4644, 4
4645, 5
4646, 7
4647, 6
4648, 6
4649, 3
4650, 4
4651, 4
4652, 4
4653, 4
4654, 7
4655, 7
4656, 7
4657, 7
4658, 7
4659, 7
4660, 8
4661, 8
4662, 8
4663, 8
4664, 7
4665, 7
4666, 7
4667, 9
4668, 9
4669, 9
4670, 9
4671, 3
4672, 5
4673, 2
4674, 3
4675, 7
4676, 8
4677, 6
4678, 8
4679, 10
4680, 6
4681, 5
4682, 7
4683, 5
4684, 5
4685, 10
4686, 6
4687, 6
4688, 6
4689, 6
4690, 6
4691, 8
4692, 3
4693, 3
4694, 3
4695, 3
4696, 2
4697, 2
4698, 4
4699, 4
4700, 4
4701, 4
4702, 3
4703, 4
4704, 4
4705, 4
4706, 5
4707, 3
4708, 2
4709, 4
4710, 4
4711, 4
4712, 3
4713, 3
4714, 3
4715, 3
4716, 3
4717, 5
4718, 4
4719, 7
4720, 8
4721, 5
4722, 3
4723, 3
4724, 3
4725, 4
4726, 4
4727, 9
4728, 6
4729, 6
4730, 7
4731, 9
4732, 10
4733, 10
4734, 9
4735, 9
4736, 9
4737, 9
4738, 9
4739, 5
4740, 5
4741, 5
4742, 5
4743, 2
4744, 2
4745, 3
4746, 2
4747, 2
4748, 2
4749, 4
4750, 4
4751, 4
4752, 4
4753, 4
4754, 4
4755, 4
4756, 5
4757, 6
4758, 4
4759, 4
4760, 5
4761, 5
4762, 5
4763, 5
4764, 5
4765, 4
4766, 5
4767, 4
4768, 9
4769, 5
4770, 5
4771, 4
4772, 3
4773, 3
4774, 3
4775, 3
4776, 6
4777, 6
4778, 4
4779, 4
4780, 4
4781, 4
4782, 6
4783, 6
4784, 5
4785, 5
4786, 5
4787, 5
4788, 4
4789, 5
4790, 5
4791, 4
4792, 5
4793, 6
4794, 5
4795, 5
4796, 5
4797, 5
4798, 5
4799, 5
4800, 5
4801, 7
4802, 7
4803, 7
4804, 2
4805, 5
4806, 7
4807, 4
4808, 3
4809, 3
4810, 3
4811, 3
4812, 3
4813, 7
4814, 4
4815, 3
4816, 3
4817, 3
4818, 3
4819, 3
4820, 3
4821, 5
4822, 6
4823, 6
4824, 6
4825, 6
4826, 6
4827, 6
4828, 6
4829, 6
4830, 8
4831, 3
4832, 6
4833, 6
4834, 6
4835, 3
4836, 3
4837, 2
4838, 3
4839, 3
4840, 3
4841, 8
4842, 8
4843, 8
4844, 7
4845, 4
4846, 4
4847, 4
4848, 4
4849, 4
4850, 6
4851, 6
4852, 6
4853, 5
4854, 5
4855, 5
4856, 5
4857, 7
4858, 7
4859, 6
4860, 6
4861, 6
4862, 5
4863, 7
4864, 4
4865, 4
4866, 5
4867, 6
4868, 6
4869, 7
4870, 4
4871, 4
4872, 4
4873, 4
4874, 5
4875, 4
4876, 4
4877, 3
4878, 3
4879, 3
4880, 3
4881, 3
4882, 3
4883, 6
4884, 6
4885, 6
4886, 6
4887, 6
4888, 5
4889, 6
4890, 8
4891, 8
4892, 6
4893, 6
4894, 6
4895, 6
4896, 6
4897, 6
4898, 6
4899, 6
4900, 6
4901, 8
4902, 8
4903, 9
4904, 2
4905, 5
4906, 4
4907, 4
4908, 4
4909, 4
4910, 5
4911, 5
4912, 3
4913, 3
4914, 4
4915, 3
4916, 8
4917, 6
4918, 6
4919, 6
4920, 4
4921, 4
4922, 4
4923, 4
4924, 7
4925, 5
4926, 3
4927, 3
4928, 3
4929, 2
4930, 2
4931, 2
4932, 3
4933, 3
4934, 3
4935, 2
4936, 2
4937, 2
4938, 3
4939, 4
4940, 4
4941, 4
4942, 2
4943, 3
4944, 7
4945, 7
4946, 8
4947, 9
4948, 9
4949, 9
4950, 4
4951, 4
4952, 4
4953, 5
4954, 7
4955, 6
4956, 7
4957, 7
4958, 3
4959, 3
4960, 4
4961, 6
4962, 6
4963, 5
4964, 3
4965, 4
4966, 4
4967, 4
4968, 3
4969, 4
4970, 4
4971, 4
4972, 4
4973, 4
4974, 5
4975, 3
4976, 3
4977, 3
4978, 3
4979, 3
4980, 3
4981, 3
4982, 3
4983, 5
4984, 5
4985, 5
4986, 5
4987, 5
4988, 4
4989, 4
4990, 4
4991, 4
4992, 6
4993, 3
4994, 6
4995, 6
4996, 6
4997, 6
4998, 5
4999, 5
5000, 5
5001, 5
5002, 7
5003, 7
5004, 7
5005, 5
5006, 6
5007, 3
5008, 6
5009, 4
5010, 3
5011, 3
5012, 3
5013, 3
5014, 5
5015, 5
5016, 5
5017, 6
5018, 3
5019, 3
5020, 4
5021, 4
5022, 4
5023, 4
5024, 4
5025, 7
5026, 7
5027, 6
5028, 6
5029, 4
5030, 5
5031, 3
5032, 3
5033, 4
5034, 4
5035, 4
5036, 8
5037, 8
5038, 5
5039, 4
5040, 3
5041, 6
5042, 6
5043, 6
5044, 6
5045, 5
5046, 5
5047, 2
5048, 1
5049, 3
5050, 4
5051, 2
5052, 2
5053, 3
5054, 3
5055, 3
5056, 8
5057, 4
5058, 4
5059, 5
5060, 5
5061, 7
5062, 3
5063, 2
5064, 2
5065, 6
5066, 6
5067, 3
5068, 4
5069, 4
5070, 2
5071, 2
5072, 7
5073, 5
5074, 5
5075, 4
5076, 4
5077, 5
5078, 4
5079, 2
5080, 2
5081, 3
5082, 3
5083, 4
5084, 6
5085, 6
5086, 4
5087, 4
5088, 4
5089, 4
5090, 4
5091, 4
5092, 4
5093, 4
5094, 4
5095, 4
5096, 2
5097, 2
5098, 2
5099, 5
5100, 6
5101, 5
5102, 5
5103, 5
5104, 5
5105, 5
5106, 5
5107, 5
5108, 7
5109, 7
5110, 7
5111, 10
5112, 10
5113, 10
5114, 3
5115, 8
5116, 8
5117, 3
5118, 3
5119, 2
5120, 4
5121, 4
5122, 4
5123, 3
5124, 1
5125, 2
5126, 4
5127, 4
5128, 4
5129, 4
5130, 4
5131, 4
5132, 5
5133, 5
5134, 6
5135, 6
5136, 6
5137, 4
5138, 4
5139, 4
5140, 5
5141, 5
5142, 6
5143, 6
5144, 6
5145, 6
5146, 6
5147, 9
5148, 9
5149, 9
5150, 10
5151, 4
5152, 4
5153, 4
5154, 2
5155, 3
5156, 7
5157, 6
5158, 8
5159, 8
5160, 6
5161, 8
5162, 8
5163, 5
5164, 4
5165, 4
5166, 5
5167, 9
5168, 7
5169, 7
5170, 4
5171, 6
5172, 5
5173, 5
5174, 6
5175, 6
5176, 5
5177, 6
5178, 7
5179, 6
5180, 9
5181, 9
5182, 9
5183, 7
5184, 6
5185, 7
5186, 5
5187, 4
5188, 4
5189, 4
5190, 4
5191, 5
5192, 7
5193, 5
5194, 5
5195, 5
5196, 5
5197, 5
5198, 4
5199, 4
5200, 4
5201, 4
5202, 4
5203, 3
5204, 3
5205, 3
5206, 3
5207, 3
5208, 3
5209, 3
5210, 2
5211, 3
5212, 4
5213, 4
5214, 4
5215, 7
5216, 3
5217, 3
5218, 3
5219, 3
5220, 3
5221, 3
5222, 5
5223, 7
5224, 7
5225, 5
5226, 4
5227, 7
5228, 4
5229, 7
5230, 7
5231, 8
5232, 5
5233, 6
5234, 6
5235, 6
5236, 3
5237, 4
5238, 6
5239, 5
5240, 5
5241, 5
5242, 5
5243, 4
5244, 4
5245, 4
5246, 4
5247, 10
5248, 6
5249, 5
5250, 7
5251, 5
5252, 3
5253, 3
5254, 4
5255, 4
5256, 7
5257, 7
5258, 10
5259, 10
5260, 10
5261, 10
5262, 10
5263, 3
5264, 3
5265, 7
5266, 7
5267, 8
5268, 7
5269, 7
5270, 7
5271, 4
5272, 4
5273, 6
5274, 6
5275, 6
5276, 5
5277, 4
5278, 4
5279, 4
5280, 3
5281, 4
5282, 6
5283, 6
5284, 5
5285, 10
5286, 9
5287, 7
5288, 6
5289, 6
5290, 6
5291, 4
5292, 4
5293, 3
5294, 2
5295, 4
5296, 3
5297, 8
5298, 8
5299, 8
5300, 9
5301, 4
5302, 6
5303, 6
5304, 6
5305, 5
5306, 5
5307, 5
5308, 5
5309, 5
5310, 5
5311, 3
5312, 7
5313, 7
5314, 10
5315, 10
5316, 10
5317, 9
5318, 9
5319, 8
5320, 8
5321, 11
5322, 11
5323, 11
5324, 8
5325, 7
5326, 4
5327, 4
5328, 2
5329, 2
5330, 2
5331, 2
5332, 5
5333, 5
5334, 5
5335, 4
5336, 3
5337, 6
5338, 6
5339, 6
5340, 7
5341, 7
5342, 8
5343, 5
5344, 5
5345, 2
5346, 3
5347, 11
5348, 4
5349, 4
5350, 4
5351, 4
5352, 3
5353, 4
5354, 4
5355, 4
5356, 4
5357, 6
5358, 7
5359, 7
5360, 6
5361, 5
5362, 5
5363, 6
5364, 6
5365, 6
5366, 4
5367, 2
5368, 2
5369, 4
5370, 5
5371, 4
5372, 6
5373, 7
5374, 3
5375, 3
5376, 2
5377, 3
5378, 3
5379, 4
5380, 4
5381, 4
5382, 7
5383, 7
5384, 6
5385, 6
5386, 6
5387, 6
5388, 6
5389, 3
5390, 4
5391, 5
5392, 6
5393, 2
5394, 7
5395, 7
5396, 7
5397, 10
5398, 3
5399, 3
5400, 3
5401, 3
5402, 3
5403, 3
5404, 4
5405, 3
5406, 4
5407, 4
5408, 3
5409, 4
5410, 4
5411, 3
5412, 3
5413, 3
5414, 4
5415, 4
5416, 4
5417, 6
5418, 7
5419, 7
5420, 9
5421, 6
5422, 4
5423, 4
5424, 4
5425, 4
5426, 5
5427, 5
5428, 5
5429, 5
5430, 4
5431, 4
5432, 2
5433, 2
5434, 3
5435, 3
5436, 3
5437, 3
5438, 5
5439, 5
5440, 6
5441, 6
5442, 4
5443, 4
5444, 4
5445, 6
5446, 3
5447, 3
5448, 6
5449, 6
5450, 5
5451, 5
5452, 5
5453, 5
5454, 5
5455, 5
5456, 4
5457, 4
5458, 4
5459, 5
5460, 5
5461, 5
5462, 5
5463, 4
5464, 5
5465, 5
5466, 5
5467, 3
5468, 4
5469, 4
5470, 5
5471, 6
5472, 6
5473, 4
5474, 5
5475, 8
5476, 6
5477, 6
5478, 6
5479, 6
5480, 6
5481, 4
5482, 4
5483, 4
5484, 4
5485, 6
5486, 4
5487, 8
5488, 7
5489, 7
5490, 7
5491, 9
5492, 9
5493, 9
5494, 9
5495, 9
5496, 9
5497, 9
5498, 5
5499, 6
5500, 7
5501, 5
5502, 5
5503, 5
5504, 5
5505, 7
5506, 7
5507, 9
5508, 9
5509, 4
5510, 9
5511, 10
5512, 8
5513, 8
5514, 6
5515, 6
5516, 6
5517, 5
5518, 5
5519, 4
5520, 4
5521, 6
5522, 4
5523, 4
5524, 5
5525, 5
5526, 5
5527, 5
5528, 6
5529, 6
5530, 6
5531, 6
5532, 3
5533, 2
5534, 2
5535, 2
5536, 2
5537, 4
5538, 5
5539, 2
5540, 2
5541, 2
5542, 5
5543, 5
5544, 5
5545, 2
5546, 6
5547, 6
5548, 6
5549, 6
5550, 2
5551, 2
5552, 2
5553, 5
5554, 5
5555, 5
5556, 4
5557, 4
5558, 4
5559, 4
5560, 4
5561, 4
5562, 2
5563, 8
5564, 8
5565, 8
5566, 4
5567, 4
5568, 4
5569, 5
5570, 4
5571, 5
5572, 5
5573, 5
5574, 5
5575, 4
5576, 4
5577, 4
5578, 4
5579, 4
5580, 3
5581, 4
5582, 3
5583, 4
5584, 3
5585, 3
5586, 3
5587, 8
5588, 5
5589, 5
5590, 5
5591, 5
5592, 6
5593, 6
5594, 5
5595, 5
5596, 8
5597, 8
5598, 4
5599, 4
5600, 4
5601, 4
5602, 4
5603, 6
5604, 6
5605, 5
5606, 7
5607, 8
5608, 8
5609, 8
5610, 4
5611, 5
5612, 8
5613, 8
5614, 4
5615, 4
5616, 7
5617, 5
5618, 5
5619, 5
5620, 4
5621, 8
5622, 6
5623, 6
5624, 4
5625, 4
5626, 5
5627, 5
5628, 4
5629, 2
5630, 5
5631, 5
5632, 5
5633, 5
5634, 5
5635, 6
5636, 6
5637, 6
5638, 6
5639, 10
5640, 10
5641, 4
5642, 4
5643, 3
5644, 3
5645, 5
5646, 4
5647, 4
5648, 3
5649, 3
5650, 3
5651, 3
5652, 3
5653, 7
5654, 8
5655, 7
5656, 6
5657, 5
5658, 6
5659, 4
5660, 5
5661, 5
5662, 2
5663, 5
5664, 5
5665, 5
5666, 4
5667, 4
5668, 4
5669, 4
5670, 4
5671, 6
5672, 6
5673, 6
5674, 6
5675, 6
5676, 6
5677, 3
5678, 4
5679, 6
5680, 6
5681, 6
5682, 3
5683, 3
5684, 3
5685, 3
5686, 2
5687, 3
5688, 2
5689, 2
5690, 2
5691, 2
5692, 4
5693, 4
5694, 3
5695, 7
5696, 3
5697, 4
5698, 4
5699, 3
5700, 3
5701, 3
5702, 2
5703, 2
5704, 2
5705, 2
5706, 5
5707, 5
5708, 6
5709, 6
5710, 6
5711, 7
5712, 5
5713, 5
5714, 6
5715, 5
5716, 5
5717, 5
5718, 7
5719, 3
5720, 3
5721, 3
5722, 3
5723, 3
5724, 3
5725, 3
5726, 6
5727, 6
5728, 8
5729, 10
5730, 10
5731, 10
5732, 10
5733, 10
5734, 8
5735, 6
5736, 6
5737, 4
5738, 3
5739, 3
5740, 3
5741, 3
5742, 3
5743, 3
5744, 4
5745, 5
5746, 4
5747, 4
5748, 4
5749, 3
5750, 3
5751, 8
5752, 8
5753, 5
5754, 4
5755, 4
5756, 4
5757, 5
5758, 2
5759, 4
5760, 3
5761, 6
5762, 6
5763, 6
5764, 6
5765, 5
5766, 5
5767, 5
5768, 6
5769, 7
5770, 3
5771, 2
5772, 2
5773, 3
5774, 5
5775, 6
5776, 6
5777, 6
5778, 5
5779, 4
5780, 5
5781, 8
5782, 8
5783, 8
5784, 8
5785, 5
5786, 5
5787, 5
5788, 6
5789, 3
5790, 5
5791, 8
5792, 9
5793, 11
5794, 4
5795, 4
5796, 4
5797, 4
5798, 4
5799, 4
5800, 8
5801, 7
5802, 5
5803, 5
5804, 4
5805, 3
5806, 3
5807, 3
5808, 3
5809, 4
5810, 4
5811, 4
5812, 4
5813, 7
5814, 4
5815, 4
5816, 6
5817, 6
5818, 3
5819, 1
5820, 5
5821, 3
5822, 8
5823, 7
5824, 7
5825, 7
5826, 7
5827, 6
5828, 6
5829, 8
5830, 4
5831, 4
5832, 5
5833, 6
5834, 6
5835, 6
5836, 6
5837, 5
5838, 4
5839, 5
5840, 5
5841, 5
5842, 5
5843, 6
5844, 6
5845, 4
5846, 4
5847, 4
5848, 4
5849, 4
5850, 5
5851, 4
5852, 4
5853, 4
5854, 4
5855, 3
5856, 7
5857, 7
5858, 7
5859, 7
5860, 7
5861, 7
5862, 7
5863, 7
5864, 7
5865, 7
5866, 7
5867, 7
5868, 6
5869, 6
5870, 6
5871, 6
5872, 6
5873, 6
5874, 6
5875, 6
5876, 6
5877, 3
5878, 3
5879, 4
5880, 4
5881, 3
5882, 2
5883, 2
5884, 2
5885, 2
5886, 2
5887, 2
5888, 2
5889, 3
5890, 6
5891, 6
5892, 5
5893, 6
5894, 10
5895, 10
5896, 10
5897, 10
5898, 9
5899, 9
5900, 13
5901, 13
5902, 13
5903, 13
5904, 7
5905, 3
5906, 2
5907, 2
5908, 2
5909, 2
5910, 3
5911, 3
5912, 3
5913, 3
5914, 5
5915, 4
5916, 4
5917, 6
5918, 5
5919, 5
5920, 8
5921, 7
5922, 7
5923, 4
5924, 2
5925, 2
5926, 2
5927, 4
5928, 4
5929, 5
5930, 5
5931, 3
5932, 3
5933, 3
5934, 5
5935, 5
5936, 5
5937, 7
5938, 7
5939, 12
5940, 4
5941, 4
5942, 4
5943, 4
5944, 4
5945, 9
5946, 4
5947, 5
5948, 4
5949, 5
5950, 5
5951, 8
5952, 6
5953, 6
5954, 4
5955, 4
5956, 3
5957, 4
5958, 6
5959, 8
5960, 3
5961, 1
5962, 1
5963, 7
5964, 2
5965, 2
5966, 2
5967, 6
5968, 6
5969, 6
5970, 5
5971, 5
5972, 8
5973, 8
5974, 8
5975, 7
5976, 8
5977, 8
5978, 8
5979, 8
5980, 8
5981, 7
5982, 6
5983, 6
5984, 6
5985, 5
5986, 5
5987, 5
5988, 5
5989, 5
5990, 3
5991, 3
5992, 3
5993, 3
5994, 3
5995, 3
5996, 4
5997, 4
5998, 7
5999, 4
6000, 4
6001, 4
6002, 4
6003, 2
6004, 2
6005, 2
6006, 2
6007, 3
6008, 3
6009, 3
6010, 6
6011, 7
6012, 4
6013, 5
6014, 6
6015, 7
6016, 8
6017, 8
6018, 7
6019, 2
6020, 6
6021, 6
6022, 6
6023, 6
6024, 6
6025, 6
6026, 7
6027, 7
6028, 4
6029, 4
6030, 7
6031, 7
6032, 6
6033, 5
6034, 5
6035, 3
6036, 9
6037, 4
6038, 4
6039, 4
6040, 4
6041, 2
6042, 3
6043, 3
6044, 3
6045, 4
6046, 4
6047, 3
6048, 3
6049, 4
6050, 4
6051, 2
6052, 2
6053, 3
6054, 3
6055, 3
6056, 3
6057, 3
6058, 8
6059, 8
6060, 4
6061, 3
6062, 6
6063, 5
6064, 5
6065, 5
6066, 5
6067, 5
6068, 6
6069, 5
6070, 5
6071, 5
6072, 5
6073, 5
6074, 5
6075, 4
6076, 5
6077, 4
6078, 4
6079, 4
6080, 4
6081, 5
6082, 5
6083, 5
6084, 6
6085, 7
6086, 9
6087, 9
6088, 6
6089, 6
6090, 5
6091, 6
6092, 6
6093, 5
6094, 5
6095, 6
6096, 6
6097, 6
6098, 10
6099, 10
6100, 7
6101, 7
6102, 7
6103, 7
6104, 5
6105, 3
6106, 6
6107, 8
6108, 8
6109, 4
6110, 4
6111, 4
6112, 3
6113, 3
6114, 3
6115, 5
6116, 5
6117, 4
6118, 12
6119, 13
6120, 7
6121, 7
6122, 7
6123, 5
6124, 5
6125, 5
6126, 5
6127, 3
6128, 3
6129, 8
6130, 8
6131, 5
6132, 5
6133, 5
6134, 7
6135, 7
6136, 6
6137, 6
6138, 3
6139, 3
6140, 3
6141, 3
6142, 3
6143, 3
6144, 3
6145, 5
6146, 5
6147, 4
6148, 6
6149, 6
6150, 6
6151, 12
6152, 9
6153, 9
6154, 6
6155, 5
6156, 5
6157, 1
6158, 4
6159, 4
6160, 6
6161, 6
6162, 6
6163, 8
6164, 7
6165, 5
6166, 8
6167, 5
6168, 5
6169, 4
6170, 4
6171, 4
6172, 5
6173, 6
6174, 3
6175, 3
6176, 3
6177, 4
6178, 4
6179, 4
6180, 4
6181, 4
6182, 4
6183, 4
6184, 4
6185, 4
6186, 4
6187, 4
6188, 4
6189, 3
6190, 3
6191, 3
6192, 3
6193, 6
6194, 6
6195, 6
6196, 6
6197, 6
6198, 6
6199, 6
6200, 8
6201, 8
6202, 8
6203, 5
6204, 5
6205, 4
6206, 3
6207, 5
6208, 3
6209, 3
6210, 2
6211, 3
6212, 3
6213, 7
6214, 6
6215, 4
6216, 5
6217, 8
6218, 7
6219, 6
6220, 7
6221, 6
6222, 6
6223, 6
6224, 5
6225, 4
6226, 7
6227, 4
6228, 3
6229, 3
6230, 4
6231, 4
6232, 3
6233, 6
6234, 7
6235, 7
6236, 7
6237, 8
6238, 8
6239, 8
6240, 8
6241, 8
6242, 2
6243, 2
6244, 2
6245, 2
6246, 4
6247, 7
6248, 7
6249, 7
6250, 5
6251, 5
6252, 6
6253, 6
6254, 5
6255, 5
6256, 6
6257, 9
6258, 4
6259, 4
6260, 5
6261, 4
6262, 4
6263, 9
6264, 8
6265, 6
6266, 6
6267, 7
6268, 7
6269, 8
6270, 8
6271, 8
6272, 2
6273, 5
6274, 6
6275, 7
6276, 6
6277, 6
6278, 7
6279, 7
6280, 8
6281, 5
6282, 5
6283, 5
6284, 5
6285, 5
6286, 7
6287, 6
6288, 10
6289, 5
6290, 3
6291, 4
6292, 7
6293, 7
6294, 7
6295, 7
6296, 7
6297, 7
6298, 7
6299, 4
6300, 4
6301, 4
6302, 3
6303, 4
6304, 4
6305, 7
6306, 9
6307, 8
6308, 6
6309, 4
6310, 5
6311, 5
6312, 5
6313, 5
6314, 5
6315, 6
6316, 6
6317, 6
6318, 5
6319, 5
6320, 7
6321, 4
6322, 4
6323, 5
6324, 4
6325, 4
6326, 4
6327, 5
6328, 5
6329, 5
6330, 7
6331, 7
6332, 8
6333, 7
6334, 5
6335, 5
6336, 5
6337, 5
6338, 7
6339, 7
6340, 7
6341, 6
6342, 4
6343, 4
6344, 3
6345, 3
6346, 3
6347, 3
6348, 3
6349, 2
6350, 2
6351, 8
6352, 8
6353, 5
6354, 5
6355, 7
6356, 7
6357, 7
6358, 6
6359, 6
6360, 4
6361, 4
6362, 4
6363, 4
6364, 4
6365, 5
6366, 5
6367, 5
6368, 5
6369, 5
6370, 8
6371, 7
6372, 7
6373, 6
6374, 6
6375, 3
6376, 3
6377, 6
6378, 6
6379, 6
6380, 6
6381, 5
6382, 7
6383, 7
6384, 8
6385, 8
6386, 8
6387, 8
6388, 8
6389, 4
6390, 5
6391, 6
6392, 5
6393, 7
6394, 7
6395, 7
6396, 7
6397, 7
6398, 3
6399, 3
6400, 3
6401, 3
6402, 3
6403, 3
6404, 2
6405, 2
6406, 2
6407, 2
6408, 2
6409, 2
6410, 2
6411, 2
6412, 4
6413, 4
6414, 4
6415, 5
6416, 4
6417, 4
6418, 4
6419, 10
6420, 10
6421, 7
6422, 5
6423, 7
6424, 7
6425, 7
6426, 8
6427, 7
6428, 7
6429, 7
6430, 7
6431, 7
6432, 7
6433, 9
6434, 9
6435, 9
6436, 7
6437, 7
6438, 5
6439, 7
6440, 10
6441, 8
6442, 8
6443, 6
6444, 4
6445, 3
6446, 3
6447, 3
6448, 3
6449, 3
6450, 5
6451, 5
6452, 5
6453, 5
6454, 7
6455, 7
6456, 3
6457, 3
6458, 3
6459, 4
6460, 4
6461, 7
6462, 7
6463, 7
6464, 9
6465, 7
6466, 3
6467, 3
6468, 6
6469, 6
6470, 6
6471, 6
6472, 6
6473, 3
6474, 7
6475, 9
6476, 9
6477, 8
6478, 6
6479, 7
6480, 4
6481, 10
6482, 5
6483, 5
6484, 5
6485, 5
6486, 3
6487, 5
6488, 8
6489, 6
6490, 6
6491, 6
6492, 6
6493, 6
6494, 3
6495, 3
6496, 3
6497, 6
6498, 6
6499, 6
6500, 6
6501, 6
6502, 5
6503, 6
6504, 6
6505, 5
6506, 5
6507, 5
6508, 7
6509, 7
6510, 6
6511, 6
6512, 5
6513, 7
6514, 4
6515, 5
6516, 5
6517, 5
6518, 5
6519, 5
6520, 5
6521, 8
6522, 8
6523, 5
6524, 6
6525, 9
6526, 6
6527, 6
6528, 2
6529, 2
6530, 4
6531, 7
6532, 7
6533, 7
6534, 5
6535, 4
6536, 4
6537, 10
6538, 7
6539, 7
6540, 7
6541, 7
6542, 7
6543, 7
6544, 4
6545, 4
6546, 2
6547, 2
6548, 2
6549, 6
6550, 6
6551, 8
6552, 8
6553, 8
6554, 8
6555, 8
6556, 9
6557, 5
6558, 5
6559, 5
6560, 5
6561, 9
6562, 9
6563, 6
6564, 6
6565, 8
6566, 7
6567, 7
6568, 7
6569, 7
6570, 7
6571, 7
6572, 8
6573, 8
6574, 8
6575, 8
6576, 9
6577, 4
6578, 5
6579, 5
6580, 8
6581, 8
6582, 8
6583, 6
6584, 6
6585, 7
6586, 5
6587, 5
6588, 5
6589, 8
6590, 5
6591, 4
6592, 2
6593, 7
6594, 8
6595, 9
6596, 8
6597, 7
6598, 4
6599, 4
6600, 5
6601, 5
6602, 5
6603, 5
6604, 4
6605, 4
6606, 4
6607, 4
6608, 8
6609, 8
6610, 8
6611, 8
6612, 7
6613, 4
6614, 4
6615, 1
6616, 2
6617, 2
6618, 2
6619, 2
6620, 2
6621, 2
6622, 3
6623, 3
6624, 2
6625, 2
6626, 2
6627, 6
6628, 6
6629, 6
6630, 4
6631, 8
6632, 8
6633, 11
6634, 10
6635, 5
6636, 5
6637, 5
6638, 5
6639, 5
6640, 5
6641, 5
6642, 7
6643, 9
6644, 9
6645, 5
6646, 5
6647, 5
6648, 5
6649, 4
6650, 4
6651, 3
6652, 11
6653, 7
6654, 2
6655, 2
6656, 2
6657, 4
6658, 3
6659, 3
6660, 6
6661, 8
6662, 8
6663, 6
6664, 6
6665, 1
6666, 1
6667, 1
6668, 1
6669, 1
6670, 1
6671, 2
6672, 2
6673, 2
6674, 6
6675, 5
6676, 6
6677, 3
6678, 3
6679, 3
6680, 4
6681, 3
6682, 4
6683, 6
6684, 5
6685, 5
6686, 5
6687, 5
6688, 5
6689, 5
6690, 3
6691, 6
6692, 6
6693, 3
6694, 5
6695, 5
6696, 5
6697, 4
6698, 4
6699, 5
6700, 5
6701, 5
6702, 6
6703, 5
6704, 5
6705, 7
6706, 6
6707, 4
6708, 4
6709, 4
6710, 2
6711, 2
6712, 3
6713, 4
6714, 4
6715, 4
6716, 4
6717, 9
6718, 7
6719, 7
6720, 8
6721, 7
6722, 8
6723, 8
6724, 8
6725, 8
6726, 4
6727, 4
6728, 4
6729, 4
6730, 6
6731, 6
6732, 6
6733, 6
6734, 4
6735, 5
6736, 5
6737, 5
6738, 7
6739, 7
6740, 2
6741, 3
6742, 3
6743, 3
6744, 3
6745, 3
6746, 3
6747, 3
6748, 3
6749, 3
6750, 5
6751, 5
6752, 5
6753, 3
6754, 3
6755, 3
6756, 4
6757, 4
6758, 5
6759, 4
6760, 6
6761, 6
6762, 6
6763, 6
6764, 6
6765, 5
6766, 8
6767, 8
6768, 6
6769, 8
6770, 4
6771, 4
6772, 5
6773, 5
6774, 4
6775, 5
6776, 5
6777, 5
6778, 4
6779, 8
6780, 8
6781, 2
6782, 3
6783, 2
6784, 5
6785, 5
6786, 5
6787, 4
6788, 5
6789, 5
6790, 5
6791, 3
6792, 3
6793, 3
6794, 3
6795, 5
6796, 3
6797, 3
6798, 5
6799, 4
6800, 3
6801, 4
6802, 4
6803, 4
6804, 5
6805, 6
6806, 6
6807, 6
6808, 2
6809, 7
6810, 7
6811, 7
6812, 6
6813, 6
6814, 5
6815, 9
6816, 9
6817, 9
6818, 5
6819, 4
6820, 3
6821, 3
6822, 3
6823, 3
6824, 3
6825, 3
6826, 3
6827, 4
6828, 4
6829, 5
6830, 7
6831, 7
6832, 6
6833, 6
6834, 3
6835, 3
6836, 3
6837, 5
6838, 4
6839, 4
6840, 5
6841, 5
6842, 5
6843, 5
6844, 3
6845, 6
6846, 6
6847, 6
6848, 6
6849, 7
6850, 5
6851, 5
6852, 5
6853, 6
6854, 6
6855, 4
6856, 4
6857, 4
6858, 2
6859, 5
6860, 5
6861, 4
6862, 4
6863, 5
6864, 6
6865, 4
6866, 4
6867, 4
6868, 4
6869, 4
6870, 3
6871, 6
6872, 9
6873, 9
6874, 9
6875, 6
6876, 5
6877, 5
6878, 6
6879, 6
6880, 2
6881, 2
6882, 2
6883, 2
6884, 2
6885, 4
6886, 4
6887, 3
6888, 3
6889, 3
6890, 3
6891, 5
6892, 3
6893, 1
6894, 6
6895, 4
6896, 3
6897, 3
6898, 5
6899, 3
6900, 4
6901, 6
6902, 6
6903, 6
6904, 3
6905, 5
6906, 5
6907, 5
6908, 5
6909, 6
6910, 4
6911, 3
6912, 3
6913, 3
6914, 3
6915, 3
6916, 3
6917, 3
6918, 5
6919, 5
6920, 7
6921, 4
6922, 4
6923, 4
6924, 3
6925, 5
6926, 7
6927, 7
6928, 7
6929, 3
6930, 6
6931, 8
6932, 9
6933, 9
6934, 10
6935, 9
6936, 9
6937, 7
6938, 8
6939, 8
6940, 7
6941, 6
6942, 3
6943, 3
6944, 3
6945, 3
6946, 3
6947, 6
6948, 6
6949, 6
6950, 6
6951, 6
6952, 6
6953, 3
6954, 2
6955, 2
6956, 3
6957, 4
6958, 4
6959, 4
6960, 4
6961, 5
6962, 5
6963, 5
6964, 5
6965, 8
6966, 6
6967, 5
6968, 3
6969, 4
6970, 6
6971, 5
6972, 5
6973, 5
6974, 5
6975, 5
6976, 5
6977, 4
6978, 5
6979, 8
6980, 8
6981, 8
6982, 6
6983, 6
6984, 4
6985, 7
6986, 6
6987, 6
6988, 4
6989, 6
6990, 6
6991, 5
6992, 5
6993, 5
6994, 5
6995, 5
6996, 5
6997, 5
6998, 5
6999, 5
7000, 5
7001, 6
7002, 6
7003, 5
7004, 5
7005, 4
7006, 4
7007, 4
7008, 4
7009, 6
7010, 6
7011, 6
7012, 6
7013, 7
7014, 6
7015, 6
7016, 7
7017, 6
7018, 3
7019, 3
7020, 4
7021, 4
7022, 4
7023, 4
7024, 9
7025, 9
7026, 5
7027, 5
7028, 5
7029, 5
7030, 4
7031, 6
7032, 6
7033, 7
7034, 7
7035, 8
7036, 8
7037, 8
7038, 6
7039, 6
7040, 8
7041, 8
7042, 8
7043, 9
7044, 9
7045, 9
7046, 8
7047, 4
7048, 4
7049, 4
7050, 4
7051, 4
7052, 4
7053, 3
7054, 3
7055, 2
7056, 2
7057, 3
7058, 4
7059, 3
7060, 2
7061, 2
7062, 2
7063, 2
7064, 5
7065, 5
7066, 7
7067, 6
7068, 5
7069, 4
7070, 10
7071, 5
7072, 4
7073, 4
7074, 4
7075, 4
7076, 4
7077, 5
7078, 7
7079, 5
7080, 2
7081, 2
7082, 2
7083, 2
7084, 3
7085, 3
7086, 6
7087, 6
7088, 6
7089, 6
7090, 6
7091, 2
7092, 2
7093, 2
7094, 2
7095, 3
7096, 3
7097, 2
7098, 2
7099, 2
7100, 5
7101, 5
7102, 6
7103, 6
7104, 2
7105, 3
7106, 4
7107, 4
7108, 7
7109, 7
7110, 6
7111, 6
7112, 6
7113, 7
7114, 4
7115, 3
7116, 3
7117, 4
7118, 4
7119, 4
7120, 4
7121, 6
7122, 5
7123, 5
7124, 3
7125, 2
7126, 2
7127, 2
7128, 3
7129, 3
7130, 7
7131, 7
7132, 6
7133, 6
7134, 5
7135, 5
7136, 5
7137, 4
7138, 4
7139, 5
7140, 6
7141, 6
7142, 7
7143, 7
7144, 5
7145, 1
7146, 3
7147, 7
7148, 7
7149, 7
7150, 3
7151, 3
7152, 3
7153, 3
7154, 8
7155, 8
7156, 8
7157, 8
7158, 9
7159, 9
7160, 3
7161, 3
7162, 4
7163, 4
7164, 8
7165, 8
7166, 7
7167, 9
7168, 9
7169, 9
7170, 9
7171, 5
7172, 3
7173, 3
7174, 3
7175, 2
7176, 2
7177, 2
7178, 2
7179, 2
7180, 2
7181, 4
7182, 4
7183, 4
7184, 4
7185, 3
7186, 3
7187, 6
7188, 6
7189, 6
7190, 5
7191, 5
7192, 7
7193, 7
7194, 4
7195, 4
7196, 4
7197, 7
7198, 8
7199, 8
7200, 8
7201, 4
7202, 4
7203, 5
7204, 5
7205, 5
7206, 6
7207, 3
7208, 7
7209, 7
7210, 6
7211, 5
7212, 10
7213, 10
7214, 11
7215, 7
7216, 6
7217, 6
7218, 8
7219, 5
7220, 7
7221, 6
7222, 6
7223, 6
7224, 6
7225, 7
7226, 7
7227, 10
7228, 10
7229, 8
7230, 7
7231, 5
7232, 9
7233, 9
7234, 5
7235, 4
7236, 4
7237, 4
7238, 4
7239, 4
7240, 4
7241, 3
7242, 7
7243, 7
7244, 6
7245, 6
7246, 5
7247, 5
7248, 7
7249, 10
7250, 10
7251, 3
7252, 4
7253, 4
7254, 2
7255, 2
7256, 2
7257, 2
7258, 2
7259, 2
7260, 3
7261, 3
7262, 3
7263, 3
7264, 3
7265, 6
7266, 9
7267, 8
7268, 5
7269, 5
7270, 6
7271, 4
7272, 4
7273, 7
7274, 7
7275, 7
7276, 7
7277, 7
7278, 9
7279, 4
7280, 6
7281, 6
7282, 5
7283, 5
7284, 5
7285, 5
7286, 5
7287, 5
7288, 5
7289, 6
7290, 7
7291, 7
7292, 4
7293, 7
7294, 7
7295, 6
7296, 6
7297, 6
7298, 3
7299, 5
7300, 6
7301, 5
7302, 5
7303, 5
7304, 7
7305, 6
7306, 8
7307, 8
7308, 6
7309, 6
7310, 6
7311, 6
7312, 6
7313, 3
7314, 2
7315, 2
7316, 3
7317, 6
7318, 3
7319, 3
7320, 3
7321, 5
7322, 6
7323, 3
7324, 2
7325, 2
7326, 2
7327, 4
7328, 4
7329, 4
7330, 4
7331, 4
7332, 4
7333, 5
7334, 4
7335, 6
7336, 6
7337, 5
7338, 6
7339, 6
7340, 6
7341, 3
7342, 3
7343, 3
7344, 3
7345, 5
7346, 4
7347, 9
7348, 9
7349, 10
7350, 11
7351, 3
7352, 3
7353, 3
7354, 5
7355, 4
7356, 2
7357, 7
7358, 5
7359, 5
7360, 4
7361, 4
7362, 2
7363, 2
7364, 2
7365, 2
7366, 2
7367, 2
7368, 4
7369, 4
7370, 4
7371, 2
7372, 2
7373, 2
7374, 2
7375, 2
7376, 2
7377, 2
7378, 2
7379, 2
7380, 2
7381, 7
7382, 4
7383, 4
7384, 3
7385, 3
7386, 3
7387, 3
7388, 4
7389, 4
7390, 4
7391, 5
7392, 2
7393, 2
7394, 4
7395, 4
7396, 4
7397, 3
7398, 3
7399, 8
7400, 6
7401, 5
7402, 5
7403, 5
7404, 6
7405, 5
7406, 4
7407, 4
7408, 2
7409, 6
7410, 7
7411, 7
7412, 7
7413, 6
7414, 11
7415, 11
7416, 11
7417, 4
7418, 7
7419, 7
7420, 7
7421, 5
7422, 4
7423, 4
7424, 9
7425, 9
7426, 9
7427, 8
7428, 7
7429, 7
7430, 5
7431, 4
7432, 4
7433, 4
7434, 4
7435, 6
7436, 6
7437, 6
7438, 8
7439, 5
7440, 5
7441, 5
7442, 4
7443, 5
7444, 4
7445, 5
7446, 5
7447, 2
7448, 2
7449, 2
7450, 2
7451, 2
7452, 6
7453, 6
7454, 3
7455, 3
7456, 3
7457, 5
7458, 6
7459, 6
7460, 7
7461, 5
7462, 5
7463, 5
7464, 4
7465, 5
7466, 5
7467, 4
7468, 4
7469, 4
7470, 4
7471, 4
7472, 6
7473, 9
7474, 6
7475, 6
7476, 5
7477, 4
7478, 6
7479, 6
7480, 3
7481, 3
7482, 3
7483, 4
7484, 7
7485, 4
7486, 4
7487, 4
7488, 3
7489, 3
7490, 9
7491, 8
7492, 8
7493, 7
7494, 4
7495, 4
7496, 4
7497, 7
7498, 7
7499, 7
7500, 7
7501, 7
7502, 9
7503, 7
7504, 7
7505, 7
7506, 4
7507, 6
7508, 6
7509, 6
7510, 6
7511, 6
7512, 6
7513, 6
7514, 7
7515, 7
7516, 6
7517, 6
7518, 6
7519, 3
7520, 3
7521, 3
7522, 3
7523, 3
7524, 3
7525, 3
7526, 3
7527, 3
7528, 3
7529, 2
7530, 2
7531, 2
7532, 7
7533, 5
7534, 5
7535, 9
7536, 9
7537, 9
7538, 8
7539, 8
7540, 8
7541, 7
7542, 7
7543, 7
7544, 7
7545, 4
7546, 5
7547, 5
7548, 5
7549, 4
7550, 6
7551, 6
7552, 4
7553, 4
7554, 4
7555, 4
7556, 3
7557, 5
7558, 9
7559, 9
7560, 9
7561, 7
7562, 4
7563, 3
7564, 3
7565, 3
7566, 2
7567, 2
7568, 5
7569, 5
7570, 6
7571, 6
7572, 6
7573, 4
7574, 5
7575, 5
7576, 5
7577, 4
7578, 4
7579, 4
7580, 4
7581, 2
7582, 3
7583, 3
7584, 3
7585, 5
7586, 5
7587, 5
7588, 5
7589, 7
7590, 5
7591, 5
7592, 5
7593, 5
7594, 5
7595, 9
7596, 9
7597, 9
7598, 9
7599, 6
7600, 6
7601, 6
7602, 6
7603, 6
7604, 6
7605, 7
7606, 6
7607, 6
7608, 6
7609, 5
7610, 6
7611, 5
7612, 3
7613, 7
7614, 7
7615, 7
7616, 8
7617, 7
7618, 7
7619, 7
7620, 6
7621, 6
7622, 6
7623, 6
7624, 3
7625, 4
7626, 3
7627, 3
7628, 3
7629, 7
7630, 8
7631, 4
7632, 4
7633, 4
7634, 6
7635, 7
7636, 7
7637, 5
7638, 5
7639, 6
7640, 6
7641, 6
7642, 5
7643, 5
7644, 5
7645, 6
7646, 5
7647, 6
7648, 8
7649, 8
7650, 9
7651, 9
7652, 9
7653, 9
7654, 9
7655, 8
7656, 8
7657, 3
7658, 3
7659, 3
7660, 6
7661, 6
7662, 8
7663, 4
7664, 4
7665, 5
7666, 5
7667, 3
7668, 7
7669, 5
7670, 4
7671, 4
7672, 4
7673, 4
7674, 2
7675, 2
7676, 2
7677, 3
7678, 4
7679, 4
7680, 5
7681, 5
7682, 5
7683, 4
7684, 4
7685, 4
7686, 4
7687, 5
7688, 5
7689, 5
7690, 5
7691, 5
7692, 5
7693, 5
7694, 4
7695, 5
7696, 5
7697, 5
7698, 3
7699, 3
7700, 8
7701, 4
7702, 4
7703, 4
7704, 7
7705, 6
7706, 6
7707, 6
7708, 7
7709, 7
7710, 7
7711, 7
7712, 9
7713, 7
7714, 5
7715, 6
7716, 5
7717, 4
7718, 2
7719, 2
7720, 6
7721, 9
7722, 8
7723, 4
7724, 4
7725, 4
7726, 6
7727, 6
7728, 6
7729, 9
7730, 8
7731, 8
7732, 8
7733, 9
7734, 9
7735, 10
7736, 8
7737, 8
7738, 8
7739, 7
7740, 7
7741, 7
7742, 7
7743, 8
7744, 6
7745, 6
7746, 4
7747, 6
7748, 11
7749, 11
7750, 11
7751, 11
7752, 11
7753, 5
7754, 4
7755, 7
7756, 6
7757, 6
7758, 5
7759, 5
7760, 4
7761, 7
7762, 7
7763, 7
7764, 7
7765, 8
7766, 2
7767, 2
7768, 7
7769, 4
7770, 5
7771, 5
7772, 4
7773, 4
7774, 4
7775, 4
7776, 4
7777, 4
7778, 4
7779, 9
7780, 9
7781, 9
7782, 8
7783, 8
7784, 6
7785, 7
7786, 7
7787, 6
7788, 5
7789, 5
7790, 5
7791, 5
7792, 7
7793, 8
7794, 4
7795, 4
7796, 4
7797, 4
7798, 4
7799, 6
7800, 6
7801, 2
7802, 4
7803, 4
7804, 4
7805, 4
7806, 4
7807, 5
7808, 4
7809, 7
7810, 4
7811, 5
7812, 5
7813, 5
7814, 5
7815, 2
7816, 2
7817, 4
7818, 2
7819, 3
7820, 3
7821, 3
7822, 5
7823, 7
7824, 5
7825, 6
7826, 5
7827, 5
7828, 12
7829, 8
7830, 9
7831, 4
7832, 3
7833, 3
7834, 4
7835, 4
7836, 5
7837, 5
7838, 8
7839, 7
7840, 7
7841, 8
7842, 9
7843, 9
7844, 9
7845, 6
7846, 2
7847, 2
7848, 2
7849, 2
7850, 2
7851, 2
7852, 2
7853, 4
7854, 9
7855, 9
7856, 9
7857, 9
7858, 9
7859, 4
7860, 4
7861, 4
7862, 4
7863, 3
7864, 3
7865, 3
7866, 3
7867, 6
7868, 9
7869, 8
7870, 7
7871, 7
7872, 7
7873, 7
7874, 5
7875, 5
7876, 5
7877, 5
7878, 5
7879, 5
7880, 6
7881, 6
7882, 6
7883, 4
7884, 4
7885, 5
7886, 5
7887, 6
7888, 6
7889, 3
7890, 3
7891, 3
7892, 3
7893, 3
7894, 3
7895, 3
7896, 3
7897, 3
7898, 4
7899, 6
7900, 6
7901, 6
7902, 6
7903, 7
7904, 7
7905, 7
7906, 6
7907, 2
7908, 5
7909, 1
7910, 2
7911, 2
7912, 2
7913, 2
7914, 3
7915, 4
7916, 4
7917, 7
7918, 4
7919, 6
7920, 3
7921, 3
7922, 5
7923, 5
7924, 4
7925, 5
7926, 6
7927, 5
7928, 4
7929, 4
7930, 4
7931, 5
7932, 5
7933, 5
7934, 4
7935, 5
7936, 5
7937, 5
7938, 4
7939, 4
7940, 4
7941, 7
7942, 4
7943, 4
7944, 6
7945, 3
7946, 3
7947, 3
7948, 2
7949, 5
7950, 5
7951, 5
7952, 5
7953, 5
7954, 5
7955, 4
7956, 3
7957, 3
7958, 3
7959, 8
7960, 5
7961, 5
7962, 5
7963, 5
7964, 3
7965, 3
7966, 4
7967, 4
7968, 6
7969, 5
7970, 6
7971, 3
7972, 3
7973, 3
7974, 3
7975, 3
7976, 2
7977, 2
7978, 5
7979, 5
7980, 6
7981, 6
7982, 6
7983, 5
7984, 7
7985, 7
7986, 7
7987, 8
7988, 8
7989, 11
7990, 12
7991, 12
7992, 13
7993, 13
7994, 8
7995, 8
7996, 5
7997, 7
7998, 6
7999, 6
8000, 6
8001, 1
8002, 3
8003, 4
8004, 3
8005, 4
8006, 6
8007, 6
8008, 6
8009, 6
8010, 5
8011, 1
8012, 1
8013, 2
8014, 2
8015, 2
8016, 2
8017, 2
8018, 4
8019, 7
8020, 5
8021, 5
8022, 5
8023, 5
8024, 6
8025, 3
8026, 3
8027, 4
8028, 5
8029, 5
8030, 5
8031, 5
8032, 5
8033, 5
8034, 5
8035, 4
8036, 4
8037, 3
8038, 3
8039, 4
8040, 4
8041, 4
8042, 6
8043, 6
8044, 6
8045, 5
8046, 3
8047, 2
8048, 2
8049, 5
8050, 4
8051, 4
8052, 4
8053, 4
8054, 4
8055, 2
8056, 2
8057, 6
8058, 6
8059, 4
8060, 5
8061, 4
8062, 4
8063, 6
8064, 6
8065, 6
8066, 6
8067, 6
8068, 5
8069, 5
8070, 5
8071, 5
8072, 4
8073, 4
8074, 4
8075, 7
8076, 3
8077, 3
8078, 5
8079, 10
8080, 5
8081, 5
8082, 5
8083, 5
8084, 5
8085, 4
8086, 3
8087, 3
8088, 3
8089, 3
8090, 5
8091, 5
8092, 5
8093, 5
8094, 5
8095, 5
8096, 5
8097, 5
8098, 5
8099, 5
8100, 5
8101, 5
8102, 9
8103, 6
8104, 15
8105, 10
8106, 11
8107, 11
8108, 4
8109, 3
8110, 3
8111, 3
8112, 3
8113, 3
8114, 3
8115, 3
8116, 4
8117, 7
8118, 7
8119, 3
8120, 3
8121, 3
8122, 3
8123, 3
8124, 8
8125, 8
8126, 10
8127, 7
8128, 3
8129, 3
8130, 3
8131, 2
8132, 3
8133, 3
8134, 3
8135, 3
8136, 3
8137, 3
8138, 3
8139, 4
8140, 5
8141, 5
8142, 5
8143, 4
8144, 4
8145, 6
8146, 6
8147, 6
8148, 6
8149, 6
8150, 6
8151, 6
8152, 5
8153, 3
8154, 3
8155, 3
8156, 6
8157, 6
8158, 6
8159, 5
8160, 5
8161, 3
8162, 3
8163, 4
8164, 3
8165, 3
8166, 4
8167, 4
8168, 5
8169, 5
8170, 5
8171, 6
8172, 6
8173, 6
8174, 4
8175, 4
8176, 4
8177, 5
8178, 5
8179, 6
8180, 6
8181, 5
8182, 5
8183, 3
8184, 3
8185, 4
8186, 4
8187, 5
8188, 5
8189, 5
8190, 5
8191, 3
8192, 4
8193, 4
8194, 4
8195, 3
8196, 1
8197, 4
8198, 4
8199, 4
8200, 3
8201, 7
8202, 6
8203, 3
8204, 3
8205, 5
8206, 8
8207, 8
8208, 9
8209, 9
8210, 4
8211, 4
8212, 4
8213, 4
8214, 6
8215, 6
8216, 6
8217, 6
8218, 6
8219, 5
8220, 5
8221, 7
8222, 7
8223, 7
8224, 3
8225, 3
8226, 4
8227, 4
8228, 4
8229, 4
8230, 4
8231, 4
8232, 6
8233, 7
8234, 3
8235, 3
8236, 3
8237, 2
8238, 2
8239, 4
8240, 4
8241, 3
8242, 3
8243, 3
8244, 3
8245, 6
8246, 6
8247, 6
8248, 5
8249, 5
8250, 5
8251, 4
8252, 5
8253, 5
8254, 5
8255, 5
8256, 5
8257, 6
8258, 6
8259, 4
8260, 5
8261, 5
8262, 5
8263, 7
8264, 7
8265, 7
8266, 6
8267, 6
8268, 7
8269, 7
8270, 5
8271, 7
8272, 6
8273, 4
8274, 3
8275, 3
8276, 3
8277, 6
8278, 6
8279, 7
8280, 7
8281, 7
8282, 3
8283, 7
8284, 5
8285, 5
8286, 6
8287, 6
8288, 6
8289, 5
8290, 4
8291, 3
8292, 7
8293, 7
8294, 6
8295, 9
8296, 8
8297, 7
8298, 6
8299, 4
8300, 4
8301, 4
8302, 4
8303, 4
8304, 4
8305, 4
8306, 4
8307, 3
8308, 6
8309, 6
8310, 3
8311, 4
8312, 4
8313, 5
8314, 4
8315, 5
8316, 4
8317, 4
8318, 4
8319, 6
8320, 5
8321, 5
8322, 5
8323, 5
8324, 5
8325, 5
8326, 5
8327, 4
8328, 4
8329, 4
8330, 4
8331, 4
8332, 6
8333, 5
8334, 6
8335, 2
8336, 1
8337, 6
8338, 8
8339, 7
8340, 7
8341, 8
8342, 8
8343, 6
8344, 6
8345, 6
8346, 6
8347, 6
8348, 9
8349, 9
8350, 9
8351, 9
8352, 7
8353, 6
8354, 6
8355, 4
8356, 4
8357, 4
8358, 3
8359, 4
8360, 4
8361, 4
8362, 4
8363, 4
8364, 8
8365, 8
8366, 7
8367, 7
8368, 6
8369, 5
8370, 5
8371, 5
8372, 6
8373, 6
8374, 6
8375, 2
8376, 2
8377, 3
8378, 5
8379, 5
8380, 6
8381, 4
8382, 3
8383, 7
8384, 9
8385, 10
8386, 7
8387, 6
8388, 7
8389, 8
8390, 8
8391, 8
8392, 7
8393, 7
8394, 3
8395, 3
8396, 3
8397, 2
8398, 3
8399, 6
8400, 4
8401, 5
8402, 5
8403, 3
8404, 3
8405, 3
8406, 4
8407, 6
8408, 6
8409, 6
8410, 6
8411, 3
8412, 3
8413, 3
8414, 9
8415, 5
8416, 5
8417, 5
8418, 6
8419, 6
8420, 7
8421, 7
8422, 7
8423, 7
8424, 5
8425, 5
8426, 6
8427, 6
8428, 4
8429, 4
8430, 8
8431, 6
8432, 6
8433, 2
8434, 2
8435, 3
8436, 4
8437, 4
8438, 2
8439, 2
8440, 3
8441, 3
8442, 5
8443, 6
8444, 6
8445, 4
8446, 5
8447, 6
8448, 6
8449, 7
8450, 9
8451, 9
8452, 1
8453, 1
8454, 1
8455, 2
8456, 2
8457, 2
8458, 2
8459, 2
8460, 2
8461, 2
8462, 2
8463, 4
8464, 3
8465, 3
8466, 3
8467, 4
8468, 4
8469, 4
8470, 4
8471, 4
8472, 6
8473, 6
8474, 6
8475, 6
8476, 6
8477, 4
8478, 4
8479, 5
8480, 5
8481, 3
8482, 2
8483, 2
8484, 3
8485, 3
8486, 4
8487, 5
8488, 3
8489, 4
8490, 4
8491, 4
8492, 3
8493, 4
8494, 5
8495, 5
8496, 2
8497, 4
8498, 7
8499, 8
8500, 9
8501, 9
8502, 9
8503, 9
8504, 9
8505, 7
8506, 7
8507, 6
8508, 7
8509, 6
8510, 4
8511, 6
8512, 6
8513, 4
8514, 5
8515, 5
8516, 5
8517, 5
8518, 5
8519, 5
8520, 7
8521, 4
8522, 4
8523, 6
8524, 4
8525, 5
8526, 5
8527, 5
8528, 4
8529, 4
8530, 5
8531, 5
8532, 5
8533, 5
8534, 5
8535, 5
8536, 3
8537, 6
8538, 4
8539, 4
8540, 5
8541, 3
8542, 5
8543, 4
8544, 5
8545, 4
8546, 4
8547, 4
8548, 6
8549, 3
8550, 3
8551, 8
8552, 8
8553, 8
8554, 8
8555, 6
8556, 6
8557, 6
8558, 7
8559, 8
8560, 8
8561, 8
8562, 8
8563, 8
8564, 3
8565, 3
8566, 3
8567, 3
8568, 3
8569, 5
8570, 5
8571, 5
8572, 3
8573, 3
8574, 3
8575, 3
8576, 4
8577, 4
8578, 4
8579, 5
8580, 7
8581, 8
8582, 6
8583, 5
8584, 5
8585, 6
8586, 2
8587, 1
8588, 6
8589, 7
8590, 5
8591, 4
8592, 5
8593, 2
8594, 3
8595, 8
8596, 7
8597, 7
8598, 7
8599, 5
8600, 5
8601, 4
8602, 7
8603, 6
8604, 6
8605, 6
8606, 8
8607, 7
8608, 7
8609, 8
8610, 8
8611, 12
8612, 12
8613, 5
8614, 7
8615, 7
8616, 4
8617, 4
8618, 5
8619, 6
8620, 5
8621, 10
8622, 5
8623, 4
8624, 4
8625, 8
8626, 4
8627, 6
8628, 5
8629, 5
8630, 6
8631, 6
8632, 6
8633, 5
8634, 8
8635, 8
8636, 6
8637, 5
8638, 5
8639, 5
8640, 5
8641, 5
8642, 2
8643, 3
8644, 8
8645, 6
8646, 6
8647, 6
8648, 6
8649, 6
8650, 6
8651, 5
8652, 4
8653, 4
8654, 3
8655, 3
8656, 5
8657, 8
8658, 7
8659, 7
8660, 5
8661, 4
8662, 8
8663, 8
8664, 10
8665, 4
8666, 4
8667, 5
8668, 5
8669, 5
8670, 8
8671, 6
8672, 6
8673, 5
8674, 7
8675, 4
8676, 4
8677, 2
8678, 4
8679, 4
8680, 4
8681, 4
8682, 5
8683, 5
8684, 4
8685, 7
8686, 7
8687, 5
8688, 3
8689, 3
8690, 3
8691, 3
8692, 6
8693, 6
8694, 6
8695, 6
8696, 6
8697, 3
8698, 2
8699, 2
8700, 4
8701, 3
8702, 3
8703, 6
8704, 6
8705, 6
8706, 6
8707, 6
8708, 7
8709, 7
8710, 4
8711, 7
8712, 7
8713, 7
8714, 6
8715, 6
8716, 6
8717, 6
8718, 2
8719, 2
8720, 2
8721, 6
8722, 3
8723, 3
8724, 1
8725, 5
8726, 3
8727, 3
8728, 3
8729, 3
8730, 3
8731, 5
8732, 5
8733, 4
8734, 3
8735, 3
8736, 3
8737, 5
8738, 4
8739, 9
8740, 2
8741, 2
8742, 4
8743, 5
8744, 11
8745, 10
8746, 11
8747, 11
8748, 10
8749, 9
8750, 6
8751, 13
8752, 13
8753, 8
8754, 9
8755, 9
8756, 8
8757, 7
8758, 7
8759, 8
8760, 8
8761, 8
8762, 8
8763, 8
8764, 8
8765, 4
8766, 3
8767, 4
8768, 4
8769, 4
8770, 4
8771, 5
8772, 5
8773, 5
8774, 4
8775, 4
8776, 4
8777, 5
8778, 5
8779, 5
8780, 5
8781, 9
8782, 9
8783, 9
8784, 9
8785, 9
8786, 4
8787, 7
8788, 7
8789, 9
8790, 4
8791, 4
8792, 2
8793, 2
8794, 2
8795, 2
8796, 2
8797, 2
8798, 4
8799, 4
8800, 4
8801, 4
8802, 11
8803, 7
8804, 7
8805, 7
8806, 8
8807, 8
8808, 7
8809, 8
8810, 5
8811, 5
8812, 5
8813, 5
8814, 7
8815, 5
8816, 3
8817, 3
8818, 3
8819, 3
8820, 3
8821, 3
8822, 3
8823, 3
8824, 4
8825, 3
8826, 3
8827, 3
8828, 7
8829, 7
8830, 8
8831, 6
8832, 6
8833, 6
8834, 6
8835, 6
8836, 3
8837, 3
8838, 3
8839, 3
8840, 3
8841, 3
8842, 3
8843, 3
8844, 1
8845, 2
8846, 2
8847, 2
8848, 3
8849, 8
8850, 3
8851, 4
8852, 3
8853, 5
8854, 5
8855, 4
8856, 3
8857, 3
8858, 4
8859, 6
8860, 9
8861, 7
8862, 7
8863, 5
8864, 6
8865, 9
8866, 7
8867, 8
8868, 5
8869, 5
8870, 6
8871, 6
8872, 6
8873, 6
8874, 5
8875, 6
8876, 5
8877, 6
8878, 7
8879, 7
8880, 8
8881, 8
8882, 8
8883, 9
8884, 5
8885, 4
8886, 3
8887, 4
8888, 4
8889, 4
8890, 7
8891, 7
8892, 7
8893, 7
8894, 7
8895, 7
8896, 3
8897, 3
8898, 4
8899, 4
8900, 5
8901, 4
8902, 3
8903, 3
8904, 3
8905, 2
8906, 4
8907, 4
8908, 3
8909, 3
8910, 3
8911, 7
8912, 6
8913, 6
8914, 6
8915, 6
8916, 3
8917, 5
8918, 5
8919, 7
8920, 5
8921, 5
8922, 3
8923, 3
8924, 4
8925, 10
8926, 10
8927, 4
8928, 8
8929, 8
8930, 7
8931, 3
8932, 3
8933, 6
8934, 5
8935, 5
8936, 6
8937, 7
8938, 7
8939, 7
8940, 7
8941, 5
8942, 7
8943, 7
8944, 7
8945, 7
8946, 9
8947, 9
8948, 9
8949, 5
8950, 5
8951, 4
8952, 6
8953, 9
8954, 9
8955, 9
8956, 7
8957, 7
8958, 3
8959, 3
8960, 9
8961, 9
8962, 6
8963, 6
8964, 6
8965, 6
8966, 7
8967, 6
8968, 5
8969, 6
8970, 7
8971, 7
8972, 7
8973, 5
8974, 5
8975, 5
8976, 5
8977, 6
8978, 5
8979, 8
8980, 5
8981, 5
8982, 6
8983, 5
8984, 3
8985, 3
8986, 3
8987, 3
8988, 3
8989, 3
8990, 3
8991, 4
8992, 4
8993, 6
8994, 6
8995, 6
8996, 6
8997, 6
8998, 4
8999, 3
9000, 3
9001, 3
9002, 3
9003, 3
9004, 4
9005, 6
9006, 6
9007, 6
9008, 8
9009, 7
9010, 4
9011, 6
9012, 6
9013, 6
9014, 6
9015, 4
9016, 6
9017, 6
9018, 6
9019, 3
9020, 3
9021, 3
9022, 3
9023, 2
9024, 2
9025, 6
9026, 6
9027, 8
9028, 4
9029, 4
9030, 9
9031, 8
9032, 8
9033, 10
9034, 10
9035, 7
9036, 4
9037, 2
9038, 2
9039, 2
9040, 2
9041, 2
9042, 6
9043, 6
9044, 6
9045, 6
9046, 5
9047, 5
9048, 5
9049, 5
9050, 4
9051, 4
9052, 4
9053, 5
9054, 5
9055, 9
9056, 8
9057, 8
9058, 4
9059, 4
9060, 6
9061, 6
9062, 6
9063, 7
9064, 7
9065, 6
9066, 8
9067, 8
9068, 8
9069, 9
9070, 9
9071, 5
9072, 5
9073, 5
9074, 6
9075, 5
9076, 4
9077, 3
9078, 1
9079, 1
9080, 1
9081, 2
9082, 2
9083, 2
9084, 4
9085, 6
9086, 6
9087, 4
9088, 4
9089, 4
9090, 4
9091, 5
9092, 5
9093, 6
9094, 6
9095, 7
9096, 7
9097, 4
9098, 4
9099, 4
9100, 9
9101, 6
9102, 6
9103, 8
9104, 8
9105, 8
9106, 7
9107, 7
9108, 6
9109, 6
9110, 7
9111, 6
9112, 3
9113, 4
9114, 8
9115, 8
9116, 4
9117, 3
9118, 4
9119, 4
9120, 5
9121, 5
9122, 4
9123, 4
9124, 4
9125, 4
9126, 4
9127, 4
9128, 4
9129, 4
9130, 4
9131, 4
9132, 5
9133, 5
9134, 8
9135, 4
9136, 5
9137, 5
9138, 5
9139, 5
9140, 4
9141, 8
9142, 5
9143, 5
9144, 5
9145, 7
9146, 8
9147, 8
9148, 6
9149, 6
9150, 6
9151, 6
9152, 7
9153, 6
9154, 6
9155, 6
9156, 7
9157, 7
9158, 7
9159, 8
9160, 8
9161, 8
9162, 8
9163, 5
9164, 5
9165, 5
9166, 5
9167, 5
9168, 5
9169, 5
9170, 6
9171, 9
9172, 8
9173, 8
9174, 5
9175, 6
9176, 6
9177, 5
9178, 5
9179, 5
9180, 4
9181, 4
9182, 5
9183, 5
9184, 3
9185, 3
9186, 3
9187, 3
9188, 3
9189, 7
9190, 5
9191, 6
9192, 3
9193, 5
9194, 5
9195, 3
9196, 4
9197, 5
9198, 5
9199, 5
9200, 4
9201, 6
9202, 4
9203, 8
9204, 8
9205, 5
9206, 5
9207, 7
9208, 7
9209, 4
9210, 4
9211, 4
9212, 5
9213, 5
9214, 5
9215, 4
9216, 4
9217, 4
9218, 4
9219, 7
9220, 7
9221, 6
9222, 6
9223, 5
9224, 5
9225, 5
9226, 2
9227, 4
9228, 5
9229, 5
9230, 5
9231, 5
9232, 5
9233, 5
9234, 6
9235, 4
9236, 5
9237, 5
9238, 5
9239, 8
9240, 4
9241, 4
9242, 4
9243, 4
9244, 4
9245, 4
9246, 4
9247, 3
9248, 3
9249, 2
9250, 2
9251, 3
9252, 3
9253, 4
9254, 4
9255, 4
9256, 6
9257, 4
9258, 2
9259, 3
9260, 3
9261, 3
9262, 3
9263, 2
9264, 4
9265, 7
9266, 5
9267, 5
9268, 7
9269, 3
9270, 2
9271, 7
9272, 7
9273, 5
9274, 4
9275, 5
9276, 1
9277, 2
9278, 2
9279, 6
9280, 4
9281, 4
9282, 9
9283, 6
9284, 6
9285, 3
9286, 9
9287, 8
9288, 5
9289, 5
9290, 5
9291, 5
9292, 5
9293, 5
9294, 8
9295, 5
9296, 9
9297, 5
9298, 5
9299, 5
9300, 5
9301, 6
9302, 7
9303, 9
9304, 9
9305, 9
9306, 5
9307, 3
9308, 5
9309, 3
9310, 4
9311, 4
9312, 4
9313, 4
9314, 4
9315, 4
9316, 4
9317, 4
9318, 4
9319, 4
9320, 6
9321, 12
9322, 12
9323, 12
9324, 12
9325, 12
9326, 12
9327, 8
9328, 5
9329, 5
9330, 5
9331, 9
9332, 9
9333, 10
9334, 10
9335, 10
9336, 6
9337, 6
9338, 3
9339, 4
9340, 5
9341, 5
9342, 2
9343, 2
9344, 2
9345, 4
9346, 5
9347, 5
9348, 5
9349, 5
9350, 8
9351, 8
9352, 3
9353, 4
9354, 5
9355, 5
9356, 5
9357, 5
9358, 4
9359, 4
9360, 4
9361, 4
9362, 3
9363, 3
9364, 3
9365, 7
9366, 8
9367, 8
9368, 7
9369, 7
9370, 7
9371, 7
9372, 5
9373, 5
9374, 5
9375, 5
9376, 5
9377, 3
9378, 3
9379, 3
9380, 3
9381, 5
9382, 5
9383, 6
9384, 6
9385, 6
9386, 6
9387, 6
9388, 2
9389, 2
9390, 2
9391, 2
9392, 2
9393, 4
9394, 4
9395, 7
9396, 7
9397, 7
9398, 6
9399, 4
9400, 8
9401, 3
9402, 3
9403, 3
9404, 3
9405, 5
9406, 5
9407, 5
9408, 5
9409, 6
9410, 5
9411, 6
9412, 5
9413, 5
9414, 4
9415, 6
9416, 7
9417, 4
9418, 7
9419, 4
9420, 4
9421, 4
9422, 5
9423, 5
9424, 5
9425, 3
9426, 3
9427, 2
9428, 2
9429, 3
9430, 2
9431, 3
9432, 3
9433, 3
9434, 3
9435, 3
9436, 3
9437, 3
9438, 3
9439, 4
9440, 5
9441, 6
9442, 6
9443, 4
9444, 2
9445, 2
9446, 3
9447, 4
9448, 3
9449, 3
9450, 6
9451, 6
9452, 5
9453, 5
9454, 5
9455, 1
9456, 10
9457, 10
9458, 5
9459, 7
9460, 7
9461, 7
9462, 7
9463, 4
9464, 7
9465, 3
9466, 3
9467, 7
9468, 7
9469, 8
9470, 6
9471, 7
9472, 4
9473, 5
9474, 7
9475, 7
9476, 7
9477, 5
9478, 5
9479, 9
9480, 9
9481, 5
9482, 5
9483, 6
9484, 5
9485, 4
9486, 5
9487, 5
9488, 5
9489, 5
9490, 4
9491, 3
9492, 4
9493, 5
9494, 4
9495, 4
9496, 5
9497, 5
9498, 5
9499, 5
9500, 5
9501, 5
9502, 5
9503, 5
9504, 5
9505, 5
9506, 9
9507, 9
9508, 7
9509, 7
9510, 5
9511, 9
9512, 9
9513, 9
9514, 8
9515, 8
9516, 5
9517, 5
9518, 5
9519, 5
9520, 5
9521, 3
9522, 4
9523, 4
9524, 6
9525, 4
9526, 4
9527, 3
9528, 3
9529, 3
9530, 3
9531, 3
9532, 3
9533, 6
9534, 4
9535, 4
9536, 5
9537, 8
9538, 9
9539, 9
9540, 10
9541, 10
9542, 10
9543, 7
9544, 6
9545, 7
9546, 4
9547, 4
9548, 4
9549, 4
9550, 5
9551, 5
9552, 5
9553, 9
9554, 5
9555, 4
9556, 4
9557, 4
9558, 7
9559, 10
9560, 3
9561, 5
9562, 5
9563, 5
9564, 8
9565, 8
9566, 7
9567, 3
9568, 4
9569, 4
9570, 4
9571, 4
9572, 4
9573, 4
9574, 4
9575, 4
9576, 5
9577, 6
9578, 5
9579, 5
9580, 5
9581, 5
9582, 5
9583, 5
9584, 3
9585, 3
9586, 3
9587, 3
9588, 4
9589, 4
9590, 4
9591, 4
9592, 4
9593, 2
9594, 2
9595, 2
9596, 2
9597, 5
9598, 5
9599, 7
9600, 5
9601, 6
9602, 6
9603, 5
9604, 5
9605, 6
9606, 3
9607, 4
9608, 3
9609, 3
9610, 5
9611, 6
9612, 6
9613, 6
9614, 6
9615, 5
9616, 5
9617, 4
9618, 4
9619, 5
9620, 5
9621, 5
9622, 6
9623, 2
9624, 6
9625, 5
9626, 5
9627, 5
9628, 5
9629, 3
9630, 3
9631, 2
9632, 2
9633, 2
9634, 2
9635, 2
9636, 2
9637, 2
9638, 4
9639, 4
9640, 3
9641, 3
9642, 3
9643, 3
9644, 3
9645, 4
9646, 2
9647, 2
9648, 2
9649, 2
9650, 5
9651, 2
9652, 2
9653, 3
9654, 4
9655, 4
9656, 4
9657, 4
9658, 9
9659, 4
9660, 4
9661, 4
9662, 4
9663, 4
9664, 7
9665, 8
9666, 8
9667, 7
9668, 5
9669, 5
9670, 5
9671, 2
9672, 4
9673, 5
9674, 6
9675, 8
9676, 7
9677, 8
9678, 7
9679, 7
9680, 7
9681, 7
9682, 7
9683, 9
9684, 9
9685, 11
9686, 6
9687, 8
9688, 8
9689, 4
9690, 6
9691, 4
9692, 3
9693, 3
9694, 2
9695, 4
9696, 4
9697, 4
9698, 5
9699, 4
9700, 4
9701, 8
9702, 8
9703, 7
9704, 7
9705, 7
9706, 2
9707, 5
9708, 4
9709, 5
9710, 5
9711, 7
9712, 7
9713, 8
9714, 7
9715, 5
9716, 4
9717, 4
9718, 2
9719, 2
9720, 3
9721, 5
9722, 5
9723, 3
9724, 6
9725, 6
9726, 4
9727, 4
9728, 11
9729, 7
9730, 7
9731, 7
9732, 9
9733, 9
9734, 10
9735, 10
9736, 10
9737, 10
9738, 10
9739, 10
9740, 11
9741, 11
9742, 9
9743, 8
9744, 7
9745, 4
9746, 4
9747, 2
9748, 2
9749, 6
9750, 6
9751, 6
9752, 5
9753, 5
9754, 5
9755, 3
9756, 3
9757, 5
9758, 4
9759, 3
9760, 6
9761, 7
9762, 5
9763, 7
9764, 6
9765, 6
9766, 6
9767, 1
9768, 1
9769, 4
9770, 4
9771, 3
9772, 3
9773, 3
9774, 3
9775, 4
9776, 8
9777, 4
9778, 4
9779, 3
9780, 6
9781, 5
9782, 5
9783, 6
9784, 5
9785, 6
9786, 6
9787, 6
9788, 6
9789, 8
9790, 4
9791, 7
9792, 6
9793, 5
9794, 5
9795, 2
9796, 2
9797, 6
9798, 5
9799, 2
9800, 2
9801, 2
9802, 2
9803, 2
9804, 2
9805, 2
9806, 1
9807, 1
9808, 1
9809, 5
9810, 2
9811, 3
9812, 6
9813, 4
9814, 4
9815, 4
9816, 4
9817, 4
9818, 4
9819, 6
9820, 6
9821, 5
9822, 6
9823, 6
9824, 5
9825, 5
9826, 6
9827, 6
9828, 5
9829, 5
9830, 5
9831, 5
9832, 5
9833, 5
9834, 5
9835, 5
9836, 5
9837, 3
9838, 3
9839, 3
9840, 4
9841, 7
9842, 5
9843, 5
9844, 7
9845, 5
9846, 5
9847, 5
9848, 5
9849, 5
9850, 5
9851, 2
9852, 3
9853, 3
9854, 5
9855, 7
9856, 7
9857, 7
9858, 7
9859, 7
9860, 7
9861, 5
9862, 3
9863, 3
9864, 3
9865, 8
9866, 4
9867, 5
9868, 5
9869, 5
9870, 5
9871, 5
9872, 4
9873, 3
9874, 7
9875, 7
9876, 7
9877, 7
9878, 7
9879, 7
9880, 4
9881, 4
9882, 4
9883, 4
9884, 5
9885, 4
9886, 4
9887, 7
9888, 7
9889, 7
9890, 8
9891, 7
9892, 7
9893, 7
9894, 7
9895, 7
9896, 7
9897, 5
9898, 5
9899, 4
9900, 4
9901, 2
9902, 3
9903, 5
9904, 5
9905, 5
9906, 6
9907, 7
9908, 6
9909, 5
9910, 5
9911, 5
9912, 5
9913, 5
9914, 5
9915, 6
9916, 6
9917, 6
9918, 6
9919, 6
9920, 3
9921, 3
9922, 3
9923, 3
9924, 3
9925, 3
9926, 5
9927, 5
9928, 5
9929, 4
9930, 7
9931, 6
9932, 6
9933, 6
9934, 6
9935, 6
9936, 6
9937, 6
9938, 6
9939, 6
9940, 6
9941, 6
9942, 9
9943, 9
9944, 9
9945, 5
9946, 7
9947, 7
9948, 3
9949, 4
9950, 5
9951, 3
9952, 5
9953, 5
9954, 4
9955, 4
9956, 4
9957, 4
9958, 4
9959, 4
9960, 3
9961, 3
9962, 3
9963, 3
9964, 3
9965, 3
9966, 5
9967, 4
9968, 4
9969, 7
9970, 7
9971, 7
9972, 7
9973, 5
9974, 5
9975, 5
9976, 3
9977, 4
9978, 4
9979, 6
9980, 6
9981, 8
9982, 8
9983, 3
9984, 3
9985, 3
9986, 3
9987, 3
9988, 5
9989, 5
9990, 5
9991, 5
9992, 7
9993, 7
9994, 6
9995, 5
9996, 6
9997, 6
9998, 6
9999, 5
10000, 5
10001, 7
