iter, nrecombs
0, 7
1, 3
2, 0
3, 2
4, 1
5, 3
6, 2
7, 1
8, 1
9, 4
10, 3
11, 4
12, 2
13, 3
14, 3
15, 3
16, 2
17, 2
18, 4
19, 4
20, 3
21, 4
22, 5
23, 3
24, 3
25, 7
26, 5
27, 6
28, 5
29, 5
30, 3
31, 1
32, 6
33, 7
34, 2
35, 1
36, 5
37, 6
38, 2
39, 2
40, 4
41, 3
42, 4
43, 3
44, 3
45, 3
46, 3
47, 5
48, 6
49, 2
50, 5
51, 4
52, 5
53, 5
54, 1
55, 6
56, 5
57, 3
58, 9
59, 5
60, 2
61, 2
62, 4
63, 11
64, 6
65, 2
66, 6
67, 13
68, 3
69, 10
70, 3
71, 4
72, 3
73, 10
74, 4
75, 4
76, 3
77, 2
78, 7
79, 6
80, 4
81, 4
82, 3
83, 3
84, 3
85, 8
86, 9
87, 10
88, 4
89, 3
90, 4
91, 4
92, 9
93, 5
94, 4
95, 9
96, 4
97, 5
98, 1
99, 9
100, 3
101, 5
102, 10
103, 6
104, 2
105, 6
106, 4
107, 3
108, 4
109, 7
110, 5
111, 6
112, 4
113, 0
114, 4
115, 5
116, 6
117, 6
118, 11
119, 4
120, 2
121, 7
122, 8
123, 11
124, 6
125, 6
126, 4
127, 6
128, 9
129, 6
130, 6
131, 6
132, 2
133, 6
134, 3
135, 5
136, 2
137, 4
138, 4
139, 3
140, 3
141, 9
142, 6
143, 7
144, 3
145, 3
146, 10
147, 2
148, 5
149, 8
150, 8
151, 4
152, 7
153, 10
154, 8
155, 5
156, 7
157, 10
158, 3
159, 9
160, 3
161, 8
162, 6
163, 5
164, 5
165, 8
166, 4
167, 4
168, 10
169, 8
170, 9
171, 7
172, 7
173, 4
174, 3
175, 7
176, 7
177, 7
178, 9
179, 6
180, 6
181, 3
182, 6
183, 10
184, 5
185, 3
186, 11
187, 8
188, 13
189, 5
190, 8
191, 8
192, 6
193, 5
194, 5
195, 8
196, 14
197, 5
198, 16
199, 7
200, 5
201, 10
202, 8
203, 8
204, 8
205, 7
206, 5
207, 6
208, 6
209, 7
210, 4
211, 7
212, 4
213, 7
214, 9
215, 7
216, 4
217, 7
218, 4
219, 7
220, 4
221, 9
222, 6
223, 11
224, 8
225, 8
226, 7
227, 6
228, 4
229, 5
230, 6
231, 6
232, 3
233, 13
234, 7
235, 12
236, 9
237, 8
238, 7
239, 11
240, 4
241, 5
242, 8
243, 2
244, 6
245, 4
246, 6
247, 6
248, 12
249, 7
250, 9
251, 2
252, 6
253, 14
254, 10
255, 7
256, 8
257, 6
258, 3
259, 8
260, 3
261, 6
262, 3
263, 13
264, 6
265, 11
266, 10
267, 9
268, 8
269, 7
270, 5
271, 5
272, 7
273, 10
274, 3
275, 7
276, 5
277, 6
278, 2
279, 5
280, 7
281, 5
282, 4
283, 8
284, 5
285, 5
286, 7
287, 7
288, 7
289, 7
290, 10
291, 8
292, 4
293, 3
294, 8
295, 8
296, 12
297, 13
298, 2
299, 8
300, 10
301, 5
302, 9
303, 6
304, 6
305, 9
306, 6
307, 3
308, 5
309, 5
310, 7
311, 8
312, 11
313, 9
314, 8
315, 4
316, 4
317, 6
318, 4
319, 3
320, 6
321, 8
322, 6
323, 8
324, 8
325, 6
326, 9
327, 11
328, 9
329, 3
330, 5
331, 6
332, 5
333, 5
334, 5
335, 8
336, 2
337, 6
338, 5
339, 6
340, 8
341, 9
342, 4
343, 5
344, 4
345, 13
346, 5
347, 5
348, 5
349, 5
350, 7
351, 4
352, 6
353, 6
354, 3
355, 10
356, 7
357, 6
358, 9
359, 6
360, 5
361, 4
362, 2
363, 6
364, 8
365, 7
366, 4
367, 12
368, 5
369, 4
370, 5
371, 7
372, 5
373, 8
374, 4
375, 6
376, 4
377, 8
378, 7
379, 6
380, 7
381, 6
382, 3
383, 4
384, 7
385, 5
386, 4
387, 9
388, 2
389, 4
390, 6
391, 8
392, 6
393, 5
394, 9
395, 8
396, 6
397, 6
398, 7
399, 7
400, 12
401, 9
402, 6
403, 6
404, 4
405, 3
406, 5
407, 4
408, 6
409, 4
410, 4
411, 7
412, 4
413, 7
414, 10
415, 11
416, 4
417, 8
418, 6
419, 8
420, 7
421, 10
422, 7
423, 4
424, 14
425, 6
426, 5
427, 6
428, 9
429, 8
430, 11
431, 2
432, 9
433, 1
434, 5
435, 2
436, 4
437, 5
438, 4
439, 6
440, 4
441, 3
442, 7
443, 7
444, 2
445, 10
446, 4
447, 5
448, 8
449, 6
450, 4
451, 7
452, 2
453, 10
454, 4
455, 4
456, 9
457, 7
458, 5
459, 8
460, 3
461, 5
462, 3
463, 7
464, 8
465, 8
466, 6
467, 10
468, 10
469, 8
470, 4
471, 5
472, 3
473, 12
474, 11
475, 2
476, 5
477, 4
478, 4
479, 6
480, 8
481, 6
482, 2
483, 6
484, 5
485, 9
486, 4
487, 6
488, 4
489, 13
490, 5
491, 8
492, 12
493, 8
494, 6
495, 3
496, 3
497, 7
498, 4
499, 7
500, 9
501, 4
502, 7
503, 7
504, 4
505, 6
506, 8
507, 9
508, 10
509, 5
510, 8
511, 7
512, 11
513, 6
514, 7
515, 6
516, 11
517, 7
518, 7
519, 4
520, 8
521, 6
522, 12
523, 9
524, 3
525, 5
526, 2
527, 7
528, 2
529, 7
530, 5
531, 4
532, 6
533, 7
534, 10
535, 8
536, 9
537, 6
538, 3
539, 10
540, 7
541, 4
542, 7
543, 8
544, 5
545, 7
546, 4
547, 9
548, 4
549, 7
550, 2
551, 10
552, 4
553, 4
554, 4
555, 12
556, 2
557, 12
558, 4
559, 3
560, 12
561, 5
562, 7
563, 5
564, 5
565, 10
566, 10
567, 6
568, 7
569, 6
570, 11
571, 7
572, 3
573, 11
574, 11
575, 4
576, 7
577, 7
578, 8
579, 7
580, 10
581, 12
582, 10
583, 9
584, 5
585, 11
586, 8
587, 7
588, 2
589, 6
590, 5
591, 10
592, 6
593, 7
594, 8
595, 5
596, 3
597, 9
598, 4
599, 4
600, 9
601, 4
602, 5
603, 9
604, 3
605, 6
606, 8
607, 6
608, 12
609, 5
610, 10
611, 4
612, 6
613, 6
614, 8
615, 5
616, 7
617, 7
618, 6
619, 12
620, 7
621, 7
622, 4
623, 9
624, 3
625, 7
626, 5
627, 7
628, 5
629, 7
630, 3
631, 6
632, 5
633, 4
634, 10
635, 6
636, 5
637, 4
638, 2
639, 3
640, 3
641, 7
642, 3
643, 7
644, 7
645, 7
646, 4
647, 8
648, 5
649, 3
650, 8
651, 7
652, 5
653, 6
654, 4
655, 6
656, 11
657, 9
658, 10
659, 9
660, 6
661, 2
662, 9
663, 4
664, 7
665, 5
666, 5
667, 6
668, 3
669, 6
670, 8
671, 3
672, 10
673, 7
674, 6
675, 11
676, 10
677, 10
678, 5
679, 6
680, 7
681, 5
682, 2
683, 4
684, 5
685, 7
686, 4
687, 5
688, 8
689, 5
690, 6
691, 6
692, 6
693, 6
694, 4
695, 6
696, 5
697, 9
698, 5
699, 8
700, 7
701, 5
702, 7
703, 7
704, 10
705, 9
706, 7
707, 7
708, 7
709, 7
710, 2
711, 8
712, 3
713, 9
714, 8
715, 7
716, 6
717, 9
718, 7
719, 7
720, 5
721, 8
722, 3
723, 7
724, 6
725, 4
726, 10
727, 9
728, 7
729, 8
730, 8
731, 10
732, 9
733, 5
734, 6
735, 3
736, 4
737, 8
738, 5
739, 9
740, 5
741, 4
742, 6
743, 5
744, 9
745, 6
746, 7
747, 5
748, 5
749, 9
750, 5
751, 6
752, 6
753, 2
754, 4
755, 2
756, 9
757, 3
758, 8
759, 7
760, 8
761, 4
762, 8
763, 7
764, 4
765, 6
766, 6
767, 5
768, 5
769, 10
770, 5
771, 7
772, 5
773, 8
774, 5
775, 4
776, 4
777, 8
778, 5
779, 8
780, 4
781, 5
782, 8
783, 7
784, 4
785, 7
786, 5
787, 7
788, 6
789, 4
790, 5
791, 3
792, 5
793, 8
794, 4
795, 2
796, 4
797, 7
798, 8
799, 3
800, 3
801, 5
802, 3
803, 2
804, 6
805, 4
806, 2
807, 7
808, 7
809, 7
810, 3
811, 5
812, 7
813, 8
814, 3
815, 16
816, 8
817, 5
818, 8
819, 7
820, 8
821, 9
822, 2
823, 6
824, 11
825, 6
826, 2
827, 4
828, 8
829, 5
830, 6
831, 8
832, 5
833, 5
834, 5
835, 5
836, 15
837, 4
838, 8
839, 3
840, 9
841, 10
842, 4
843, 4
844, 3
845, 8
846, 6
847, 10
848, 14
849, 3
850, 3
851, 5
852, 4
853, 5
854, 6
855, 5
856, 7
857, 9
858, 10
859, 8
860, 7
861, 5
862, 3
863, 7
864, 5
865, 4
866, 7
867, 9
868, 3
869, 5
870, 7
871, 5
872, 8
873, 5
874, 6
875, 8
876, 8
877, 4
878, 7
879, 3
880, 5
881, 3
882, 5
883, 14
884, 9
885, 2
886, 4
887, 9
888, 4
889, 9
890, 5
891, 4
892, 4
893, 3
894, 9
895, 3
896, 5
897, 3
898, 3
899, 9
900, 9
901, 1
902, 9
903, 8
904, 5
905, 7
906, 3
907, 4
908, 7
909, 7
910, 2
911, 3
912, 2
913, 8
914, 6
915, 9
916, 6
917, 9
918, 9
919, 3
920, 6
921, 5
922, 5
923, 8
924, 7
925, 5
926, 2
927, 8
928, 6
929, 8
930, 8
931, 6
932, 6
933, 12
934, 11
935, 8
936, 7
937, 5
938, 6
939, 7
940, 5
941, 5
942, 7
943, 6
944, 9
945, 6
946, 14
947, 7
948, 3
949, 6
950, 6
951, 6
952, 4
953, 11
954, 6
955, 6
956, 9
957, 6
958, 4
959, 6
960, 5
961, 6
962, 4
963, 5
964, 5
965, 6
966, 4
967, 6
968, 5
969, 7
970, 5
971, 6
972, 6
973, 4
974, 7
975, 9
976, 6
977, 4
978, 7
979, 5
980, 11
981, 4
982, 3
983, 7
984, 5
985, 7
986, 6
987, 6
988, 8
989, 6
990, 6
991, 7
992, 4
993, 8
994, 5
995, 9
996, 5
997, 5
998, 3
999, 5
1000, 5
1001, 3
1002, 5
1003, 3
1004, 3
1005, 5
1006, 4
1007, 7
1008, 6
1009, 7
1010, 7
1011, 3
1012, 3
1013, 3
1014, 6
1015, 3
1016, 8
1017, 6
1018, 4
1019, 2
1020, 4
1021, 8
1022, 7
1023, 7
1024, 6
1025, 7
1026, 8
1027, 6
1028, 5
1029, 5
1030, 6
1031, 9
1032, 4
1033, 7
1034, 6
1035, 6
1036, 2
1037, 11
1038, 2
1039, 10
1040, 6
1041, 2
1042, 3
1043, 1
1044, 9
1045, 11
1046, 8
1047, 9
1048, 2
1049, 9
1050, 9
1051, 5
1052, 2
1053, 5
1054, 4
1055, 6
1056, 9
1057, 4
1058, 4
1059, 2
1060, 7
1061, 4
1062, 5
1063, 4
1064, 4
1065, 1
1066, 4
1067, 6
1068, 5
1069, 7
1070, 2
1071, 6
1072, 6
1073, 6
1074, 4
1075, 6
1076, 6
1077, 11
1078, 5
1079, 13
1080, 4
1081, 8
1082, 8
1083, 6
1084, 8
1085, 6
1086, 5
1087, 8
1088, 5
1089, 4
1090, 4
1091, 5
1092, 7
1093, 7
1094, 6
1095, 6
1096, 7
1097, 9
1098, 3
1099, 6
1100, 5
1101, 8
1102, 5
1103, 6
1104, 4
1105, 5
1106, 4
1107, 3
1108, 3
1109, 6
1110, 6
1111, 6
1112, 8
1113, 8
1114, 8
1115, 6
1116, 4
1117, 9
1118, 4
1119, 4
1120, 3
1121, 4
1122, 8
1123, 8
1124, 4
1125, 3
1126, 7
1127, 5
1128, 10
1129, 5
1130, 7
1131, 9
1132, 4
1133, 5
1134, 6
1135, 4
1136, 7
1137, 5
1138, 8
1139, 8
1140, 8
1141, 5
1142, 6
1143, 11
1144, 5
1145, 10
1146, 6
1147, 5
1148, 9
1149, 5
1150, 8
1151, 5
1152, 9
1153, 5
1154, 9
1155, 4
1156, 11
1157, 4
1158, 4
1159, 8
1160, 6
1161, 6
1162, 8
1163, 5
1164, 5
1165, 5
1166, 7
1167, 6
1168, 7
1169, 3
1170, 6
1171, 7
1172, 7
1173, 8
1174, 7
1175, 9
1176, 6
1177, 6
1178, 6
1179, 6
1180, 6
1181, 7
1182, 4
1183, 7
1184, 7
1185, 3
1186, 5
1187, 9
1188, 6
1189, 3
1190, 5
1191, 6
1192, 7
1193, 4
1194, 9
1195, 6
1196, 4
1197, 3
1198, 7
1199, 6
1200, 6
1201, 5
1202, 6
1203, 9
1204, 6
1205, 3
1206, 5
1207, 7
1208, 7
1209, 4
1210, 4
1211, 5
1212, 6
1213, 7
1214, 5
1215, 7
1216, 6
1217, 9
1218, 7
1219, 2
1220, 5
1221, 5
1222, 11
1223, 6
1224, 7
1225, 2
1226, 8
1227, 10
1228, 8
1229, 4
1230, 8
1231, 2
1232, 4
1233, 5
1234, 7
1235, 6
1236, 6
1237, 3
1238, 5
1239, 4
1240, 9
1241, 7
1242, 5
1243, 6
1244, 8
1245, 3
1246, 6
1247, 6
1248, 5
1249, 5
1250, 4
1251, 4
1252, 5
1253, 3
1254, 5
1255, 5
1256, 7
1257, 5
1258, 4
1259, 5
1260, 3
1261, 3
1262, 6
1263, 6
1264, 4
1265, 7
1266, 6
1267, 3
1268, 4
1269, 7
1270, 5
1271, 4
1272, 5
1273, 7
1274, 7
1275, 8
1276, 4
1277, 11
1278, 3
1279, 6
1280, 4
1281, 9
1282, 3
1283, 6
1284, 4
1285, 3
1286, 6
1287, 4
1288, 3
1289, 9
1290, 10
1291, 7
1292, 11
1293, 4
1294, 7
1295, 3
1296, 6
1297, 4
1298, 2
1299, 9
1300, 2
1301, 9
1302, 6
1303, 3
1304, 6
1305, 8
1306, 5
1307, 6
1308, 6
1309, 7
1310, 6
1311, 6
1312, 7
1313, 7
1314, 6
1315, 7
1316, 10
1317, 4
1318, 6
1319, 6
1320, 9
1321, 7
1322, 5
1323, 7
1324, 5
1325, 6
1326, 9
1327, 8
1328, 8
1329, 9
1330, 5
1331, 8
1332, 5
1333, 7
1334, 7
1335, 6
1336, 8
1337, 8
1338, 7
1339, 6
1340, 8
1341, 10
1342, 4
1343, 6
1344, 10
1345, 4
1346, 2
1347, 10
1348, 3
1349, 4
1350, 4
1351, 7
1352, 9
1353, 5
1354, 3
1355, 9
1356, 5
1357, 3
1358, 3
1359, 9
1360, 5
1361, 4
1362, 2
1363, 7
1364, 2
1365, 4
1366, 1
1367, 10
1368, 2
1369, 4
1370, 1
1371, 6
1372, 4
1373, 6
1374, 1
1375, 8
1376, 5
1377, 4
1378, 6
1379, 6
1380, 4
1381, 8
1382, 7
1383, 4
1384, 3
1385, 8
1386, 10
1387, 5
1388, 6
1389, 3
1390, 3
1391, 7
1392, 4
1393, 3
1394, 4
1395, 8
1396, 5
1397, 5
1398, 2
1399, 4
1400, 4
1401, 9
1402, 4
1403, 9
1404, 7
1405, 10
1406, 4
1407, 6
1408, 4
1409, 8
1410, 5
1411, 9
1412, 6
1413, 4
1414, 4
1415, 8
1416, 6
1417, 5
1418, 2
1419, 7
1420, 8
1421, 4
1422, 10
1423, 10
1424, 8
1425, 5
1426, 4
1427, 5
1428, 8
1429, 8
1430, 12
1431, 7
1432, 3
1433, 5
1434, 6
1435, 6
1436, 5
1437, 4
1438, 4
1439, 3
1440, 4
1441, 3
1442, 7
1443, 7
1444, 3
1445, 7
1446, 4
1447, 3
1448, 10
1449, 9
1450, 4
1451, 3
1452, 5
1453, 8
1454, 6
1455, 8
1456, 3
1457, 4
1458, 10
1459, 7
1460, 6
1461, 12
1462, 4
1463, 4
1464, 5
1465, 8
1466, 6
1467, 3
1468, 6
1469, 4
1470, 5
1471, 6
1472, 4
1473, 9
1474, 6
1475, 9
1476, 6
1477, 9
1478, 8
1479, 4
1480, 2
1481, 5
1482, 3
1483, 6
1484, 6
1485, 4
1486, 3
1487, 12
1488, 4
1489, 6
1490, 7
1491, 5
1492, 6
1493, 9
1494, 5
1495, 9
1496, 6
1497, 4
1498, 7
1499, 7
1500, 6
1501, 4
1502, 6
1503, 4
1504, 7
1505, 3
1506, 6
1507, 6
1508, 6
1509, 3
1510, 6
1511, 7
1512, 8
1513, 5
1514, 7
1515, 5
1516, 8
1517, 5
1518, 5
1519, 6
1520, 3
1521, 7
1522, 6
1523, 5
1524, 12
1525, 4
1526, 2
1527, 6
1528, 12
1529, 5
1530, 2
1531, 6
1532, 8
1533, 6
1534, 10
1535, 6
1536, 6
1537, 6
1538, 2
1539, 3
1540, 5
1541, 5
1542, 8
1543, 5
1544, 7
1545, 5
1546, 1
1547, 6
1548, 9
1549, 7
1550, 8
1551, 7
1552, 7
1553, 6
1554, 7
1555, 5
1556, 9
1557, 8
1558, 3
1559, 5
1560, 3
1561, 7
1562, 5
1563, 8
1564, 4
1565, 8
1566, 4
1567, 8
1568, 4
1569, 7
1570, 3
1571, 5
1572, 5
1573, 7
1574, 5
1575, 9
1576, 3
1577, 5
1578, 5
1579, 7
1580, 8
1581, 6
1582, 4
1583, 8
1584, 10
1585, 7
1586, 8
1587, 4
1588, 3
1589, 4
1590, 5
1591, 2
1592, 6
1593, 7
1594, 10
1595, 7
1596, 8
1597, 6
1598, 7
1599, 2
1600, 3
1601, 8
1602, 9
1603, 8
1604, 6
1605, 8
1606, 11
1607, 6
1608, 7
1609, 6
1610, 6
1611, 6
1612, 9
1613, 4
1614, 12
1615, 4
1616, 4
1617, 3
1618, 8
1619, 4
1620, 7
1621, 6
1622, 2
1623, 5
1624, 5
1625, 4
1626, 5
1627, 8
1628, 4
1629, 12
1630, 6
1631, 7
1632, 6
1633, 9
1634, 11
1635, 7
1636, 6
1637, 6
1638, 6
1639, 11
1640, 7
1641, 6
1642, 1
1643, 4
1644, 10
1645, 4
1646, 2
1647, 8
1648, 9
1649, 10
1650, 5
1651, 8
1652, 6
1653, 8
1654, 8
1655, 10
1656, 6
1657, 7
1658, 5
1659, 5
1660, 2
1661, 5
1662, 10
1663, 9
1664, 5
1665, 5
1666, 5
1667, 5
1668, 6
1669, 5
1670, 11
1671, 4
1672, 4
1673, 5
1674, 5
1675, 11
1676, 6
1677, 3
1678, 5
1679, 4
1680, 5
1681, 4
1682, 6
1683, 4
1684, 5
1685, 7
1686, 5
1687, 3
1688, 3
1689, 6
1690, 7
1691, 4
1692, 8
1693, 10
1694, 7
1695, 9
1696, 3
1697, 10
1698, 9
1699, 5
1700, 5
1701, 9
1702, 7
1703, 6
1704, 4
1705, 11
1706, 3
1707, 7
1708, 12
1709, 5
1710, 4
1711, 10
1712, 5
1713, 2
1714, 4
1715, 7
1716, 10
1717, 8
1718, 2
1719, 4
1720, 6
1721, 9
1722, 2
1723, 9
1724, 5
1725, 9
1726, 4
1727, 3
1728, 5
1729, 6
1730, 6
1731, 5
1732, 5
1733, 8
1734, 6
1735, 11
1736, 7
1737, 5
1738, 8
1739, 5
1740, 3
1741, 9
1742, 4
1743, 7
1744, 6
1745, 8
1746, 6
1747, 6
1748, 4
1749, 8
1750, 4
1751, 7
1752, 7
1753, 6
1754, 8
1755, 9
1756, 3
1757, 7
1758, 3
1759, 5
1760, 4
1761, 9
1762, 7
1763, 9
1764, 4
1765, 3
1766, 5
1767, 4
1768, 3
1769, 9
1770, 7
1771, 4
1772, 6
1773, 8
1774, 1
1775, 7
1776, 6
1777, 9
1778, 1
1779, 9
1780, 6
1781, 6
1782, 4
1783, 4
1784, 7
1785, 9
1786, 3
1787, 7
1788, 3
1789, 6
1790, 2
1791, 6
1792, 9
1793, 6
1794, 9
1795, 6
1796, 6
1797, 6
1798, 3
1799, 4
1800, 3
1801, 6
1802, 6
1803, 4
1804, 5
1805, 8
1806, 5
1807, 5
1808, 5
1809, 5
1810, 3
1811, 7
1812, 6
1813, 3
1814, 3
1815, 4
1816, 6
1817, 6
1818, 5
1819, 6
1820, 4
1821, 6
1822, 7
1823, 6
1824, 5
1825, 3
1826, 11
1827, 6
1828, 6
1829, 6
1830, 2
1831, 8
1832, 7
1833, 6
1834, 8
1835, 5
1836, 1
1837, 3
1838, 8
1839, 3
1840, 6
1841, 5
1842, 6
1843, 5
1844, 2
1845, 4
1846, 2
1847, 6
1848, 4
1849, 5
1850, 8
1851, 4
1852, 1
1853, 6
1854, 7
1855, 6
1856, 3
1857, 2
1858, 8
1859, 6
1860, 2
1861, 7
1862, 8
1863, 4
1864, 5
1865, 9
1866, 8
1867, 5
1868, 10
1869, 3
1870, 2
1871, 6
1872, 5
1873, 6
1874, 7
1875, 6
1876, 3
1877, 4
1878, 6
1879, 5
1880, 6
1881, 6
1882, 6
1883, 7
1884, 11
1885, 6
1886, 5
1887, 6
1888, 5
1889, 4
1890, 4
1891, 7
1892, 6
1893, 6
1894, 7
1895, 6
1896, 7
1897, 4
1898, 3
1899, 4
1900, 3
1901, 5
1902, 4
1903, 6
1904, 6
1905, 10
1906, 6
1907, 4
1908, 7
1909, 2
1910, 4
1911, 9
1912, 3
1913, 7
1914, 4
1915, 11
1916, 4
1917, 10
1918, 8
1919, 5
1920, 5
1921, 6
1922, 8
1923, 7
1924, 11
1925, 7
1926, 3
1927, 4
1928, 4
1929, 8
1930, 5
1931, 5
1932, 4
1933, 9
1934, 4
1935, 4
1936, 12
1937, 5
1938, 3
1939, 6
1940, 15
1941, 7
1942, 4
1943, 6
1944, 5
1945, 13
1946, 7
1947, 7
1948, 7
1949, 6
1950, 5
1951, 5
1952, 6
1953, 4
1954, 5
1955, 5
1956, 8
1957, 8
1958, 8
1959, 4
1960, 4
1961, 3
1962, 5
1963, 6
1964, 8
1965, 5
1966, 11
1967, 6
1968, 8
1969, 6
1970, 11
1971, 5
1972, 7
1973, 7
1974, 5
1975, 6
1976, 5
1977, 6
1978, 8
1979, 5
1980, 6
1981, 5
1982, 3
1983, 7
1984, 3
1985, 5
1986, 4
1987, 6
1988, 6
1989, 4
1990, 3
1991, 5
1992, 7
1993, 5
1994, 8
1995, 4
1996, 3
1997, 3
1998, 7
1999, 3
2000, 6
2001, 9
2002, 8
2003, 7
2004, 2
2005, 13
2006, 6
2007, 3
2008, 4
2009, 8
2010, 7
2011, 5
2012, 7
2013, 5
2014, 7
2015, 9
2016, 6
2017, 3
2018, 7
2019, 4
2020, 9
2021, 5
2022, 6
2023, 11
2024, 5
2025, 5
2026, 3
2027, 6
2028, 3
2029, 7
2030, 6
2031, 7
2032, 8
2033, 5
2034, 8
2035, 7
2036, 5
2037, 7
2038, 2
2039, 6
2040, 9
2041, 6
2042, 4
2043, 5
2044, 11
2045, 12
2046, 5
2047, 7
2048, 10
2049, 3
2050, 3
2051, 7
2052, 11
2053, 9
2054, 5
2055, 7
2056, 4
2057, 6
2058, 9
2059, 8
2060, 6
2061, 5
2062, 10
2063, 6
2064, 4
2065, 13
2066, 4
2067, 5
2068, 3
2069, 7
2070, 8
2071, 5
2072, 7
2073, 6
2074, 2
2075, 11
2076, 4
2077, 7
2078, 3
2079, 4
2080, 6
2081, 8
2082, 8
2083, 7
2084, 4
2085, 7
2086, 7
2087, 7
2088, 5
2089, 7
2090, 4
2091, 3
2092, 4
2093, 7
2094, 5
2095, 6
2096, 4
2097, 9
2098, 4
2099, 5
2100, 4
2101, 6
2102, 4
2103, 5
2104, 2
2105, 7
2106, 3
2107, 6
2108, 8
2109, 6
2110, 5
2111, 5
2112, 3
2113, 4
2114, 7
2115, 8
2116, 6
2117, 4
2118, 6
2119, 3
2120, 6
2121, 5
2122, 8
2123, 7
2124, 8
2125, 7
2126, 5
2127, 4
2128, 6
2129, 4
2130, 5
2131, 4
2132, 10
2133, 6
2134, 4
2135, 8
2136, 3
2137, 7
2138, 4
2139, 7
2140, 3
2141, 7
2142, 8
2143, 7
2144, 5
2145, 4
2146, 7
2147, 9
2148, 7
2149, 7
2150, 9
2151, 6
2152, 6
2153, 8
2154, 2
2155, 6
2156, 6
2157, 5
2158, 5
2159, 3
2160, 6
2161, 4
2162, 6
2163, 4
2164, 7
2165, 5
2166, 5
2167, 10
2168, 8
2169, 7
2170, 4
2171, 4
2172, 6
2173, 7
2174, 9
2175, 2
2176, 5
2177, 8
2178, 5
2179, 8
2180, 8
2181, 6
2182, 4
2183, 5
2184, 3
2185, 4
2186, 4
2187, 7
2188, 4
2189, 5
2190, 6
2191, 13
2192, 6
2193, 8
2194, 5
2195, 9
2196, 7
2197, 5
2198, 4
2199, 10
2200, 6
2201, 7
2202, 6
2203, 14
2204, 6
2205, 3
2206, 7
2207, 6
2208, 6
2209, 7
2210, 12
2211, 4
2212, 5
2213, 3
2214, 10
2215, 5
2216, 5
2217, 9
2218, 6
2219, 5
2220, 6
2221, 5
2222, 7
2223, 3
2224, 8
2225, 6
2226, 4
2227, 3
2228, 4
2229, 5
2230, 5
2231, 2
2232, 5
2233, 10
2234, 6
2235, 4
2236, 6
2237, 10
2238, 7
2239, 3
2240, 6
2241, 3
2242, 5
2243, 6
2244, 6
2245, 10
2246, 5
2247, 8
2248, 3
2249, 8
2250, 5
2251, 6
2252, 3
2253, 4
2254, 4
2255, 5
2256, 4
2257, 5
2258, 7
2259, 8
2260, 3
2261, 9
2262, 4
2263, 6
2264, 5
2265, 6
2266, 4
2267, 6
2268, 9
2269, 4
2270, 3
2271, 7
2272, 6
2273, 6
2274, 5
2275, 6
2276, 8
2277, 8
2278, 3
2279, 6
2280, 7
2281, 6
2282, 6
2283, 8
2284, 5
2285, 11
2286, 4
2287, 2
2288, 9
2289, 6
2290, 5
2291, 5
2292, 5
2293, 6
2294, 5
2295, 8
2296, 6
2297, 5
2298, 3
2299, 7
2300, 4
2301, 8
2302, 5
2303, 3
2304, 4
2305, 3
2306, 4
2307, 3
2308, 3
2309, 7
2310, 5
2311, 12
2312, 4
2313, 9
2314, 10
2315, 5
2316, 5
2317, 10
2318, 10
2319, 5
2320, 6
2321, 9
2322, 6
2323, 8
2324, 5
2325, 4
2326, 3
2327, 7
2328, 4
2329, 5
2330, 4
2331, 7
2332, 3
2333, 10
2334, 5
2335, 7
2336, 6
2337, 4
2338, 10
2339, 7
2340, 4
2341, 4
2342, 6
2343, 4
2344, 3
2345, 3
2346, 6
2347, 10
2348, 4
2349, 11
2350, 5
2351, 4
2352, 6
2353, 15
2354, 9
2355, 6
2356, 7
2357, 5
2358, 8
2359, 4
2360, 6
2361, 6
2362, 7
2363, 10
2364, 6
2365, 8
2366, 2
2367, 5
2368, 8
2369, 8
2370, 9
2371, 8
2372, 4
2373, 4
2374, 6
2375, 4
2376, 5
2377, 4
2378, 8
2379, 5
2380, 6
2381, 5
2382, 8
2383, 4
2384, 5
2385, 4
2386, 3
2387, 4
2388, 5
2389, 6
2390, 5
2391, 7
2392, 8
2393, 7
2394, 7
2395, 8
2396, 3
2397, 9
2398, 6
2399, 2
2400, 5
2401, 5
2402, 11
2403, 4
2404, 3
2405, 10
2406, 2
2407, 4
2408, 2
2409, 6
2410, 7
2411, 9
2412, 6
2413, 2
2414, 5
2415, 8
2416, 5
2417, 6
2418, 7
2419, 4
2420, 5
2421, 6
2422, 8
2423, 4
2424, 6
2425, 9
2426, 2
2427, 5
2428, 5
2429, 7
2430, 9
2431, 12
2432, 3
2433, 4
2434, 8
2435, 5
2436, 3
2437, 5
2438, 6
2439, 6
2440, 7
2441, 3
2442, 3
2443, 5
2444, 5
2445, 7
2446, 4
2447, 8
2448, 7
2449, 5
2450, 8
2451, 4
2452, 5
2453, 5
2454, 5
2455, 5
2456, 4
2457, 8
2458, 3
2459, 8
2460, 7
2461, 4
2462, 4
2463, 2
2464, 9
2465, 7
2466, 7
2467, 5
2468, 7
2469, 5
2470, 4
2471, 6
2472, 4
2473, 4
2474, 4
2475, 4
2476, 9
2477, 9
2478, 3
2479, 6
2480, 6
2481, 8
2482, 7
2483, 2
2484, 2
2485, 5
2486, 4
2487, 4
2488, 5
2489, 3
2490, 5
2491, 11
2492, 4
2493, 6
2494, 6
2495, 7
2496, 4
2497, 5
2498, 6
2499, 6
2500, 9
2501, 5
2502, 4
2503, 7
2504, 10
2505, 5
2506, 4
2507, 5
2508, 6
2509, 5
2510, 4
2511, 6
2512, 7
2513, 3
2514, 7
2515, 6
2516, 8
2517, 12
2518, 6
2519, 5
2520, 9
2521, 8
2522, 4
2523, 5
2524, 6
2525, 4
2526, 6
2527, 5
2528, 3
2529, 4
2530, 3
2531, 4
2532, 6
2533, 7
2534, 5
2535, 6
2536, 5
2537, 3
2538, 4
2539, 3
2540, 6
2541, 5
2542, 6
2543, 4
2544, 3
2545, 5
2546, 7
2547, 5
2548, 9
2549, 10
2550, 3
2551, 6
2552, 4
2553, 3
2554, 4
2555, 4
2556, 6
2557, 8
2558, 7
2559, 8
2560, 5
2561, 7
2562, 5
2563, 6
2564, 4
2565, 7
2566, 6
2567, 3
2568, 5
2569, 10
2570, 7
2571, 4
2572, 5
2573, 5
2574, 3
2575, 2
2576, 6
2577, 5
2578, 5
2579, 7
2580, 9
2581, 4
2582, 6
2583, 4
2584, 7
2585, 10
2586, 3
2587, 7
2588, 5
2589, 3
2590, 4
2591, 11
2592, 5
2593, 9
2594, 4
2595, 5
2596, 9
2597, 3
2598, 6
2599, 1
2600, 7
2601, 8
2602, 6
2603, 5
2604, 3
2605, 5
2606, 7
2607, 4
2608, 7
2609, 4
2610, 6
2611, 8
2612, 9
2613, 1
2614, 8
2615, 4
2616, 7
2617, 3
2618, 4
2619, 5
2620, 4
2621, 3
2622, 10
2623, 8
2624, 4
2625, 9
2626, 4
2627, 6
2628, 10
2629, 2
2630, 7
2631, 3
2632, 6
2633, 8
2634, 3
2635, 6
2636, 8
2637, 8
2638, 7
2639, 8
2640, 7
2641, 4
2642, 8
2643, 4
2644, 8
2645, 4
2646, 6
2647, 5
2648, 5
2649, 5
2650, 5
2651, 7
2652, 5
2653, 5
2654, 4
2655, 3
2656, 4
2657, 3
2658, 3
2659, 5
2660, 5
2661, 4
2662, 7
2663, 5
2664, 5
2665, 6
2666, 7
2667, 2
2668, 7
2669, 4
2670, 7
2671, 4
2672, 6
2673, 7
2674, 3
2675, 7
2676, 5
2677, 9
2678, 6
2679, 3
2680, 8
2681, 5
2682, 4
2683, 5
2684, 4
2685, 6
2686, 4
2687, 3
2688, 9
2689, 2
2690, 4
2691, 6
2692, 4
2693, 3
2694, 8
2695, 9
2696, 4
2697, 10
2698, 6
2699, 7
2700, 6
2701, 4
2702, 4
2703, 10
2704, 7
2705, 4
2706, 4
2707, 7
2708, 8
2709, 4
2710, 8
2711, 5
2712, 3
2713, 3
2714, 5
2715, 3
2716, 5
2717, 5
2718, 5
2719, 5
2720, 4
2721, 8
2722, 7
2723, 4
2724, 5
2725, 7
2726, 6
2727, 7
2728, 10
2729, 10
2730, 8
2731, 4
2732, 5
2733, 4
2734, 3
2735, 9
2736, 6
2737, 2
2738, 5
2739, 7
2740, 7
2741, 9
2742, 5
2743, 10
2744, 5
2745, 6
2746, 7
2747, 5
2748, 6
2749, 5
2750, 10
2751, 7
2752, 6
2753, 6
2754, 6
2755, 4
2756, 5
2757, 9
2758, 8
2759, 6
2760, 3
2761, 5
2762, 7
2763, 9
2764, 4
2765, 9
2766, 5
2767, 3
2768, 6
2769, 3
2770, 4
2771, 7
2772, 4
2773, 2
2774, 9
2775, 6
2776, 6
2777, 6
2778, 4
2779, 2
2780, 6
2781, 3
2782, 6
2783, 5
2784, 9
2785, 7
2786, 3
2787, 5
2788, 10
2789, 5
2790, 7
2791, 5
2792, 2
2793, 6
2794, 3
2795, 11
2796, 7
2797, 7
2798, 3
2799, 5
2800, 7
2801, 7
2802, 3
2803, 6
2804, 2
2805, 2
2806, 6
2807, 5
2808, 5
2809, 3
2810, 4
2811, 4
2812, 13
2813, 5
2814, 4
2815, 7
2816, 2
2817, 10
2818, 4
2819, 5
2820, 3
2821, 7
2822, 5
2823, 2
2824, 4
2825, 4
2826, 2
2827, 2
2828, 2
2829, 7
2830, 6
2831, 7
2832, 4
2833, 12
2834, 9
2835, 7
2836, 6
2837, 5
2838, 6
2839, 5
2840, 4
2841, 4
2842, 4
2843, 4
2844, 6
2845, 7
2846, 4
2847, 7
2848, 10
2849, 6
2850, 6
2851, 6
2852, 9
2853, 4
2854, 5
2855, 5
2856, 6
2857, 3
2858, 5
2859, 7
2860, 5
2861, 6
2862, 5
2863, 6
2864, 5
2865, 6
2866, 6
2867, 6
2868, 7
2869, 8
2870, 6
2871, 4
2872, 3
2873, 4
2874, 2
2875, 5
2876, 6
2877, 8
2878, 3
2879, 3
2880, 3
2881, 5
2882, 4
2883, 9
2884, 5
2885, 5
2886, 8
2887, 6
2888, 5
2889, 5
2890, 3
2891, 7
2892, 9
2893, 6
2894, 6
2895, 11
2896, 6
2897, 5
2898, 4
2899, 6
2900, 8
2901, 5
2902, 11
2903, 6
2904, 6
2905, 7
2906, 5
2907, 4
2908, 7
2909, 5
2910, 7
2911, 3
2912, 8
2913, 3
2914, 5
2915, 3
2916, 9
2917, 4
2918, 4
2919, 7
2920, 6
2921, 3
2922, 3
2923, 10
2924, 11
2925, 3
2926, 3
2927, 3
2928, 8
2929, 7
2930, 7
2931, 2
2932, 5
2933, 8
2934, 3
2935, 5
2936, 8
2937, 3
2938, 4
2939, 4
2940, 2
2941, 5
2942, 7
2943, 5
2944, 8
2945, 11
2946, 9
2947, 5
2948, 5
2949, 5
2950, 3
2951, 7
2952, 2
2953, 4
2954, 3
2955, 5
2956, 8
2957, 8
2958, 7
2959, 4
2960, 7
2961, 6
2962, 5
2963, 3
2964, 2
2965, 4
2966, 3
2967, 4
2968, 6
2969, 6
2970, 5
2971, 3
2972, 7
2973, 3
2974, 4
2975, 6
2976, 3
2977, 4
2978, 5
2979, 4
2980, 7
2981, 6
2982, 4
2983, 5
2984, 6
2985, 5
2986, 5
2987, 7
2988, 6
2989, 4
2990, 7
2991, 5
2992, 5
2993, 5
2994, 8
2995, 6
2996, 4
2997, 6
2998, 3
2999, 9
3000, 9
3001, 4
3002, 6
3003, 5
3004, 7
3005, 5
3006, 10
3007, 4
3008, 7
3009, 5
3010, 3
3011, 8
3012, 3
3013, 5
3014, 8
3015, 4
3016, 3
3017, 5
3018, 9
3019, 6
3020, 4
3021, 5
3022, 4
3023, 8
3024, 4
3025, 4
3026, 7
3027, 7
3028, 8
3029, 8
3030, 4
3031, 9
3032, 5
3033, 5
3034, 4
3035, 5
3036, 3
3037, 8
3038, 3
3039, 5
3040, 7
3041, 4
3042, 10
3043, 5
3044, 9
3045, 7
3046, 6
3047, 2
3048, 5
3049, 6
3050, 3
3051, 7
3052, 7
3053, 11
3054, 10
3055, 5
3056, 4
3057, 7
3058, 9
3059, 3
3060, 7
3061, 6
3062, 3
3063, 12
3064, 4
3065, 5
3066, 3
3067, 4
3068, 7
3069, 4
3070, 2
3071, 4
3072, 5
3073, 11
3074, 9
3075, 4
3076, 4
3077, 5
3078, 6
3079, 4
3080, 5
3081, 6
3082, 7
3083, 10
3084, 5
3085, 8
3086, 4
3087, 7
3088, 10
3089, 12
3090, 5
3091, 7
3092, 6
3093, 4
3094, 8
3095, 11
3096, 3
3097, 4
3098, 6
3099, 6
3100, 8
3101, 6
3102, 3
3103, 7
3104, 5
3105, 5
3106, 6
3107, 8
3108, 5
3109, 6
3110, 5
3111, 3
3112, 6
3113, 9
3114, 5
3115, 5
3116, 9
3117, 8
3118, 8
3119, 5
3120, 5
3121, 9
3122, 6
3123, 3
3124, 5
3125, 6
3126, 6
3127, 8
3128, 6
3129, 3
3130, 6
3131, 6
3132, 8
3133, 6
3134, 3
3135, 7
3136, 6
3137, 6
3138, 6
3139, 11
3140, 7
3141, 6
3142, 4
3143, 5
3144, 6
3145, 9
3146, 5
3147, 5
3148, 8
3149, 9
3150, 9
3151, 11
3152, 6
3153, 4
3154, 5
3155, 6
3156, 6
3157, 3
3158, 9
3159, 2
3160, 7
3161, 6
3162, 5
3163, 8
3164, 7
3165, 6
3166, 3
3167, 9
3168, 7
3169, 3
3170, 6
3171, 5
3172, 4
3173, 5
3174, 4
3175, 4
3176, 6
3177, 5
3178, 7
3179, 5
3180, 5
3181, 8
3182, 11
3183, 6
3184, 6
3185, 9
3186, 4
3187, 3
3188, 4
3189, 7
3190, 8
3191, 10
3192, 4
3193, 5
3194, 4
3195, 6
3196, 5
3197, 5
3198, 6
3199, 8
3200, 7
3201, 7
3202, 6
3203, 9
3204, 7
3205, 4
3206, 5
3207, 4
3208, 7
3209, 7
3210, 5
3211, 4
3212, 10
3213, 6
3214, 5
3215, 8
3216, 6
3217, 7
3218, 4
3219, 4
3220, 8
3221, 8
3222, 6
3223, 7
3224, 4
3225, 7
3226, 5
3227, 6
3228, 2
3229, 6
3230, 5
3231, 7
3232, 6
3233, 6
3234, 7
3235, 5
3236, 8
3237, 5
3238, 9
3239, 4
3240, 9
3241, 5
3242, 8
3243, 10
3244, 4
3245, 11
3246, 5
3247, 7
3248, 5
3249, 6
3250, 4
3251, 5
3252, 7
3253, 4
3254, 4
3255, 9
3256, 3
3257, 9
3258, 6
3259, 3
3260, 4
3261, 9
3262, 6
3263, 5
3264, 4
3265, 6
3266, 5
3267, 7
3268, 4
3269, 6
3270, 7
3271, 8
3272, 8
3273, 9
3274, 3
3275, 3
3276, 4
3277, 7
3278, 5
3279, 3
3280, 4
3281, 6
3282, 7
3283, 5
3284, 9
3285, 5
3286, 4
3287, 10
3288, 5
3289, 11
3290, 5
3291, 7
3292, 6
3293, 9
3294, 4
3295, 7
3296, 9
3297, 6
3298, 6
3299, 10
3300, 8
3301, 3
3302, 3
3303, 8
3304, 6
3305, 13
3306, 6
3307, 5
3308, 5
3309, 7
3310, 6
3311, 4
3312, 7
3313, 6
3314, 5
3315, 8
3316, 5
3317, 12
3318, 9
3319, 8
3320, 5
3321, 6
3322, 10
3323, 7
3324, 4
3325, 7
3326, 8
3327, 8
3328, 7
3329, 6
3330, 4
3331, 5
3332, 11
3333, 10
3334, 5
3335, 11
3336, 4
3337, 9
3338, 5
3339, 8
3340, 5
3341, 9
3342, 3
3343, 9
3344, 9
3345, 5
3346, 9
3347, 4
3348, 8
3349, 5
3350, 11
3351, 3
3352, 9
3353, 3
3354, 3
3355, 2
3356, 11
3357, 2
3358, 6
3359, 7
3360, 10
3361, 6
3362, 10
3363, 3
3364, 6
3365, 5
3366, 8
3367, 5
3368, 9
3369, 7
3370, 7
3371, 8
3372, 7
3373, 8
3374, 11
3375, 8
3376, 6
3377, 5
3378, 10
3379, 9
3380, 4
3381, 6
3382, 7
3383, 4
3384, 11
3385, 3
3386, 6
3387, 5
3388, 4
3389, 9
3390, 6
3391, 6
3392, 6
3393, 7
3394, 3
3395, 7
3396, 4
3397, 7
3398, 6
3399, 6
3400, 8
3401, 8
3402, 7
3403, 13
3404, 6
3405, 9
3406, 5
3407, 3
3408, 6
3409, 5
3410, 8
3411, 6
3412, 7
3413, 6
3414, 6
3415, 6
3416, 6
3417, 4
3418, 4
3419, 6
3420, 5
3421, 6
3422, 4
3423, 2
3424, 9
3425, 2
3426, 9
3427, 4
3428, 5
3429, 8
3430, 3
3431, 4
3432, 3
3433, 7
3434, 6
3435, 7
3436, 2
3437, 4
3438, 2
3439, 6
3440, 6
3441, 4
3442, 7
3443, 5
3444, 5
3445, 7
3446, 7
3447, 3
3448, 2
3449, 6
3450, 5
3451, 5
3452, 7
3453, 5
3454, 3
3455, 7
3456, 6
3457, 5
3458, 4
3459, 4
3460, 8
3461, 5
3462, 8
3463, 5
3464, 3
3465, 3
3466, 7
3467, 4
3468, 5
3469, 10
3470, 5
3471, 7
3472, 5
3473, 8
3474, 4
3475, 6
3476, 7
3477, 4
3478, 5
3479, 11
3480, 5
3481, 9
3482, 5
3483, 3
3484, 6
3485, 11
3486, 8
3487, 4
3488, 9
3489, 4
3490, 5
3491, 7
3492, 8
3493, 4
3494, 8
3495, 7
3496, 7
3497, 7
3498, 3
3499, 8
3500, 7
3501, 2
3502, 5
3503, 2
3504, 7
3505, 3
3506, 9
3507, 9
3508, 3
3509, 6
3510, 5
3511, 5
3512, 4
3513, 6
3514, 8
3515, 4
3516, 4
3517, 7
3518, 7
3519, 6
3520, 11
3521, 1
3522, 9
3523, 12
3524, 7
3525, 7
3526, 6
3527, 7
3528, 6
3529, 6
3530, 4
3531, 3
3532, 11
3533, 3
3534, 6
3535, 2
3536, 9
3537, 4
3538, 4
3539, 5
3540, 6
3541, 4
3542, 5
3543, 7
3544, 9
3545, 4
3546, 7
3547, 5
3548, 5
3549, 2
3550, 7
3551, 3
3552, 3
3553, 7
3554, 4
3555, 8
3556, 7
3557, 5
3558, 6
3559, 4
3560, 6
3561, 6
3562, 8
3563, 7
3564, 5
3565, 6
3566, 4
3567, 11
3568, 6
3569, 8
3570, 10
3571, 7
3572, 3
3573, 7
3574, 4
3575, 4
3576, 3
3577, 6
3578, 7
3579, 9
3580, 8
3581, 4
3582, 8
3583, 3
3584, 7
3585, 5
3586, 5
3587, 9
3588, 8
3589, 7
3590, 7
3591, 4
3592, 7
3593, 2
3594, 8
3595, 6
3596, 9
3597, 5
3598, 3
3599, 6
3600, 7
3601, 3
3602, 7
3603, 2
3604, 3
3605, 2
3606, 9
3607, 2
3608, 6
3609, 3
3610, 9
3611, 2
3612, 6
3613, 2
3614, 6
3615, 2
3616, 2
3617, 4
3618, 6
3619, 6
3620, 5
3621, 11
3622, 5
3623, 4
3624, 6
3625, 5
3626, 4
3627, 5
3628, 7
3629, 4
3630, 3
3631, 4
3632, 7
3633, 3
3634, 5
3635, 7
3636, 6
3637, 6
3638, 3
3639, 8
3640, 12
3641, 3
3642, 2
3643, 4
3644, 7
3645, 4
3646, 4
3647, 5
3648, 9
3649, 4
3650, 7
3651, 3
3652, 3
3653, 5
3654, 3
3655, 4
3656, 9
3657, 5
3658, 4
3659, 7
3660, 3
3661, 8
3662, 5
3663, 8
3664, 6
3665, 6
3666, 4
3667, 5
3668, 12
3669, 11
3670, 4
3671, 5
3672, 6
3673, 7
3674, 5
3675, 5
3676, 5
3677, 5
3678, 6
3679, 3
3680, 5
3681, 7
3682, 6
3683, 7
3684, 7
3685, 8
3686, 3
3687, 5
3688, 4
3689, 3
3690, 3
3691, 6
3692, 3
3693, 3
3694, 5
3695, 4
3696, 6
3697, 7
3698, 6
3699, 4
3700, 4
3701, 4
3702, 5
3703, 5
3704, 6
3705, 14
3706, 4
3707, 5
3708, 4
3709, 6
3710, 7
3711, 8
3712, 6
3713, 7
3714, 4
3715, 6
3716, 4
3717, 5
3718, 3
3719, 5
3720, 3
3721, 5
3722, 4
3723, 4
3724, 3
3725, 5
3726, 4
3727, 6
3728, 4
3729, 9
3730, 3
3731, 4
3732, 5
3733, 7
3734, 3
3735, 7
3736, 9
3737, 11
3738, 6
3739, 7
3740, 6
3741, 10
3742, 2
3743, 7
3744, 5
3745, 5
3746, 3
3747, 5
3748, 6
3749, 4
3750, 5
3751, 10
3752, 4
3753, 6
3754, 2
3755, 5
3756, 4
3757, 8
3758, 4
3759, 16
3760, 5
3761, 11
3762, 7
3763, 12
3764, 5
3765, 2
3766, 6
3767, 6
3768, 12
3769, 7
3770, 5
3771, 7
3772, 4
3773, 11
3774, 9
3775, 10
3776, 6
3777, 10
3778, 7
3779, 3
3780, 3
3781, 5
3782, 8
3783, 9
3784, 5
3785, 9
3786, 4
3787, 7
3788, 5
3789, 9
3790, 8
3791, 3
3792, 3
3793, 6
3794, 5
3795, 10
3796, 5
3797, 9
3798, 5
3799, 14
3800, 2
3801, 11
3802, 5
3803, 10
3804, 10
3805, 4
3806, 6
3807, 14
3808, 6
3809, 5
3810, 8
3811, 5
3812, 9
3813, 8
3814, 4
3815, 8
3816, 3
3817, 8
3818, 3
3819, 6
3820, 3
3821, 5
3822, 2
3823, 11
3824, 3
3825, 9
3826, 5
3827, 7
3828, 9
3829, 6
3830, 4
3831, 6
3832, 3
3833, 6
3834, 4
3835, 9
3836, 3
3837, 11
3838, 11
3839, 4
3840, 5
3841, 8
3842, 3
3843, 5
3844, 5
3845, 3
3846, 5
3847, 7
3848, 9
3849, 7
3850, 4
3851, 5
3852, 2
3853, 4
3854, 5
3855, 8
3856, 5
3857, 11
3858, 5
3859, 7
3860, 6
3861, 8
3862, 4
3863, 9
3864, 2
3865, 8
3866, 4
3867, 2
3868, 8
3869, 8
3870, 4
3871, 4
3872, 3
3873, 8
3874, 3
3875, 5
3876, 6
3877, 5
3878, 8
3879, 4
3880, 7
3881, 6
3882, 5
3883, 6
3884, 8
3885, 5
3886, 6
3887, 8
3888, 6
3889, 6
3890, 5
3891, 3
3892, 4
3893, 7
3894, 4
3895, 7
3896, 3
3897, 6
3898, 7
3899, 9
3900, 9
3901, 4
3902, 5
3903, 8
3904, 5
3905, 7
3906, 12
3907, 4
3908, 7
3909, 2
3910, 5
3911, 9
3912, 3
3913, 4
3914, 8
3915, 6
3916, 4
3917, 8
3918, 5
3919, 3
3920, 6
3921, 6
3922, 3
3923, 9
3924, 5
3925, 12
3926, 4
3927, 4
3928, 7
3929, 3
3930, 10
3931, 8
3932, 5
3933, 7
3934, 7
3935, 8
3936, 4
3937, 7
3938, 8
3939, 3
3940, 8
3941, 10
3942, 5
3943, 6
3944, 5
3945, 6
3946, 10
3947, 10
3948, 7
3949, 8
3950, 6
3951, 8
3952, 4
3953, 8
3954, 7
3955, 4
3956, 8
3957, 4
3958, 11
3959, 6
3960, 4
3961, 7
3962, 2
3963, 4
3964, 7
3965, 4
3966, 3
3967, 7
3968, 8
3969, 5
3970, 10
3971, 9
3972, 3
3973, 6
3974, 4
3975, 9
3976, 6
3977, 4
3978, 5
3979, 7
3980, 7
3981, 7
3982, 4
3983, 10
3984, 6
3985, 6
3986, 4
3987, 8
3988, 5
3989, 6
3990, 3
3991, 7
3992, 7
3993, 6
3994, 3
3995, 6
3996, 7
3997, 12
3998, 6
3999, 5
4000, 9
4001, 7
4002, 6
4003, 7
4004, 6
4005, 9
4006, 8
4007, 6
4008, 5
4009, 7
4010, 7
4011, 6
4012, 7
4013, 5
4014, 7
4015, 8
4016, 5
4017, 8
4018, 4
4019, 7
4020, 7
4021, 6
4022, 7
4023, 6
4024, 7
4025, 3
4026, 3
4027, 6
4028, 3
4029, 6
4030, 4
4031, 5
4032, 3
4033, 8
4034, 4
4035, 4
4036, 9
4037, 7
4038, 5
4039, 4
4040, 7
4041, 9
4042, 5
4043, 5
4044, 5
4045, 7
4046, 4
4047, 6
4048, 3
4049, 5
4050, 8
4051, 6
4052, 2
4053, 6
4054, 7
4055, 7
4056, 5
4057, 6
4058, 7
4059, 3
4060, 7
4061, 6
4062, 6
4063, 4
4064, 6
4065, 6
4066, 8
4067, 4
4068, 7
4069, 6
4070, 5
4071, 7
4072, 5
4073, 6
4074, 8
4075, 6
4076, 3
4077, 7
4078, 6
4079, 5
4080, 6
4081, 6
4082, 7
4083, 6
4084, 5
4085, 8
4086, 9
4087, 5
4088, 7
4089, 8
4090, 7
4091, 9
4092, 7
4093, 9
4094, 5
4095, 9
4096, 8
4097, 4
4098, 7
4099, 5
4100, 5
4101, 7
4102, 12
4103, 6
4104, 4
4105, 10
4106, 6
4107, 5
4108, 7
4109, 10
4110, 6
4111, 8
4112, 7
4113, 8
4114, 6
4115, 6
4116, 5
4117, 7
4118, 8
4119, 6
4120, 6
4121, 7
4122, 4
4123, 7
4124, 10
4125, 3
4126, 4
4127, 9
4128, 4
4129, 6
4130, 4
4131, 9
4132, 5
4133, 4
4134, 6
4135, 3
4136, 6
4137, 7
4138, 5
4139, 7
4140, 3
4141, 7
4142, 8
4143, 3
4144, 8
4145, 5
4146, 6
4147, 9
4148, 5
4149, 5
4150, 6
4151, 5
4152, 6
4153, 3
4154, 3
4155, 3
4156, 4
4157, 5
4158, 4
4159, 3
4160, 8
4161, 9
4162, 10
4163, 20
4164, 5
4165, 6
4166, 3
4167, 9
4168, 8
4169, 4
4170, 9
4171, 2
4172, 5
4173, 4
4174, 8
4175, 4
4176, 6
4177, 7
4178, 10
4179, 4
4180, 4
4181, 3
4182, 6
4183, 2
4184, 4
4185, 5
4186, 3
4187, 1
4188, 7
4189, 4
4190, 2
4191, 8
4192, 3
4193, 2
4194, 9
4195, 6
4196, 6
4197, 7
4198, 6
4199, 5
4200, 7
4201, 4
4202, 5
4203, 4
4204, 8
4205, 4
4206, 3
4207, 6
4208, 7
4209, 4
4210, 8
4211, 4
4212, 8
4213, 4
4214, 4
4215, 6
4216, 11
4217, 5
4218, 7
4219, 5
4220, 4
4221, 4
4222, 9
4223, 6
4224, 5
4225, 8
4226, 4
4227, 8
4228, 6
4229, 3
4230, 6
4231, 4
4232, 12
4233, 5
4234, 12
4235, 8
4236, 6
4237, 3
4238, 5
4239, 7
4240, 13
4241, 5
4242, 2
4243, 6
4244, 5
4245, 7
4246, 6
4247, 6
4248, 3
4249, 4
4250, 4
4251, 8
4252, 6
4253, 6
4254, 3
4255, 8
4256, 6
4257, 7
4258, 6
4259, 4
4260, 6
4261, 6
4262, 6
4263, 3
4264, 10
4265, 3
4266, 4
4267, 5
4268, 3
4269, 2
4270, 7
4271, 4
4272, 10
4273, 5
4274, 4
4275, 2
4276, 5
4277, 12
4278, 7
4279, 5
4280, 5
4281, 4
4282, 5
4283, 4
4284, 4
4285, 5
4286, 3
4287, 3
4288, 3
4289, 8
4290, 4
4291, 7
4292, 5
4293, 5
4294, 9
4295, 5
4296, 6
4297, 4
4298, 8
4299, 7
4300, 8
4301, 3
4302, 4
4303, 6
4304, 5
4305, 7
4306, 8
4307, 7
4308, 6
4309, 12
4310, 5
4311, 7
4312, 7
4313, 7
4314, 6
4315, 4
4316, 6
4317, 8
4318, 8
4319, 7
4320, 7
4321, 11
4322, 8
4323, 7
4324, 8
4325, 7
4326, 7
4327, 5
4328, 4
4329, 8
4330, 8
4331, 6
4332, 5
4333, 6
4334, 9
4335, 7
4336, 6
4337, 11
4338, 5
4339, 7
4340, 5
4341, 5
4342, 4
4343, 7
4344, 10
4345, 5
4346, 4
4347, 4
4348, 5
4349, 4
4350, 5
4351, 2
4352, 3
4353, 5
4354, 5
4355, 8
4356, 4
4357, 3
4358, 4
4359, 2
4360, 4
4361, 9
4362, 7
4363, 3
4364, 6
4365, 10
4366, 6
4367, 10
4368, 6
4369, 8
4370, 4
4371, 3
4372, 8
4373, 9
4374, 9
4375, 7
4376, 7
4377, 4
4378, 8
4379, 4
4380, 4
4381, 2
4382, 3
4383, 2
4384, 9
4385, 3
4386, 6
4387, 7
4388, 4
4389, 2
4390, 4
4391, 3
4392, 6
4393, 4
4394, 4
4395, 8
4396, 6
4397, 3
4398, 6
4399, 8
4400, 5
4401, 3
4402, 8
4403, 3
4404, 4
4405, 5
4406, 5
4407, 5
4408, 6
4409, 5
4410, 3
4411, 5
4412, 5
4413, 7
4414, 5
4415, 10
4416, 4
4417, 5
4418, 12
4419, 4
4420, 5
4421, 4
4422, 6
4423, 5
4424, 7
4425, 7
4426, 4
4427, 7
4428, 3
4429, 6
4430, 11
4431, 4
4432, 5
4433, 4
4434, 6
4435, 4
4436, 8
4437, 6
4438, 6
4439, 7
4440, 10
4441, 5
4442, 9
4443, 8
4444, 4
4445, 8
4446, 12
4447, 5
4448, 5
4449, 5
4450, 8
4451, 2
4452, 11
4453, 7
4454, 6
4455, 4
4456, 5
4457, 7
4458, 6
4459, 5
4460, 9
4461, 5
4462, 7
4463, 7
4464, 4
4465, 5
4466, 8
4467, 7
4468, 5
4469, 6
4470, 4
4471, 11
4472, 8
4473, 5
4474, 5
4475, 7
4476, 3
4477, 5
4478, 3
4479, 3
4480, 4
4481, 9
4482, 5
4483, 6
4484, 6
4485, 6
4486, 8
4487, 11
4488, 3
4489, 8
4490, 3
4491, 6
4492, 6
4493, 7
4494, 2
4495, 4
4496, 7
4497, 11
4498, 2
4499, 5
4500, 4
4501, 3
4502, 8
4503, 3
4504, 5
4505, 4
4506, 4
4507, 5
4508, 4
4509, 8
4510, 6
4511, 14
4512, 8
4513, 6
4514, 4
4515, 6
4516, 6
4517, 7
4518, 8
4519, 6
4520, 8
4521, 7
4522, 8
4523, 7
4524, 5
4525, 5
4526, 9
4527, 4
4528, 6
4529, 4
4530, 4
4531, 8
4532, 6
4533, 4
4534, 5
4535, 4
4536, 4
4537, 5
4538, 7
4539, 5
4540, 9
4541, 3
4542, 3
4543, 6
4544, 8
4545, 4
4546, 4
4547, 5
4548, 7
4549, 4
4550, 6
4551, 4
4552, 6
4553, 6
4554, 3
4555, 7
4556, 7
4557, 4
4558, 8
4559, 5
4560, 4
4561, 7
4562, 4
4563, 6
4564, 8
4565, 5
4566, 5
4567, 7
4568, 8
4569, 8
4570, 6
4571, 6
4572, 5
4573, 5
4574, 4
4575, 8
4576, 9
4577, 6
4578, 5
4579, 5
4580, 6
4581, 7
4582, 7
4583, 8
4584, 6
4585, 6
4586, 6
4587, 7
4588, 3
4589, 10
4590, 2
4591, 6
4592, 5
4593, 8
4594, 4
4595, 2
4596, 6
4597, 7
4598, 7
4599, 7
4600, 6
4601, 3
4602, 3
4603, 5
4604, 6
4605, 6
4606, 6
4607, 9
4608, 4
4609, 5
4610, 4
4611, 4
4612, 3
4613, 2
4614, 8
4615, 4
4616, 4
4617, 3
4618, 9
4619, 5
4620, 6
4621, 3
4622, 5
4623, 3
4624, 5
4625, 5
4626, 6
4627, 5
4628, 5
4629, 8
4630, 2
4631, 6
4632, 2
4633, 3
4634, 5
4635, 6
4636, 5
4637, 6
4638, 7
4639, 6
4640, 4
4641, 7
4642, 5
4643, 4
4644, 5
4645, 3
4646, 4
4647, 2
4648, 5
4649, 5
4650, 7
4651, 3
4652, 6
4653, 6
4654, 5
4655, 4
4656, 4
4657, 10
4658, 7
4659, 8
4660, 9
4661, 4
4662, 8
4663, 3
4664, 3
4665, 5
4666, 7
4667, 1
4668, 4
4669, 7
4670, 6
4671, 5
4672, 4
4673, 4
4674, 5
4675, 3
4676, 3
4677, 2
4678, 5
4679, 10
4680, 5
4681, 2
4682, 3
4683, 11
4684, 4
4685, 7
4686, 10
4687, 2
4688, 7
4689, 9
4690, 7
4691, 5
4692, 8
4693, 11
4694, 3
4695, 9
4696, 7
4697, 9
4698, 3
4699, 2
4700, 8
4701, 2
4702, 7
4703, 3
4704, 3
4705, 2
4706, 9
4707, 4
4708, 7
4709, 5
4710, 6
4711, 6
4712, 8
4713, 7
4714, 5
4715, 4
4716, 7
4717, 4
4718, 7
4719, 3
4720, 6
4721, 2
4722, 5
4723, 6
4724, 6
4725, 8
4726, 6
4727, 3
4728, 11
4729, 7
4730, 7
4731, 5
4732, 6
4733, 8
4734, 6
4735, 2
4736, 3
4737, 5
4738, 10
4739, 6
4740, 4
4741, 5
4742, 6
4743, 8
4744, 9
4745, 5
4746, 4
4747, 5
4748, 6
4749, 5
4750, 5
4751, 6
4752, 9
4753, 13
4754, 6
4755, 7
4756, 6
4757, 8
4758, 3
4759, 7
4760, 6
4761, 6
4762, 9
4763, 6
4764, 7
4765, 6
4766, 5
4767, 9
4768, 6
4769, 8
4770, 6
4771, 10
4772, 4
4773, 8
4774, 5
4775, 5
4776, 10
4777, 9
4778, 5
4779, 7
4780, 7
4781, 7
4782, 7
4783, 8
4784, 5
4785, 9
4786, 7
4787, 6
4788, 8
4789, 7
4790, 4
4791, 7
4792, 8
4793, 8
4794, 4
4795, 4
4796, 7
4797, 7
4798, 5
4799, 4
4800, 3
4801, 8
4802, 4
4803, 5
4804, 4
4805, 8
4806, 5
4807, 6
4808, 8
4809, 7
4810, 4
4811, 7
4812, 6
4813, 7
4814, 6
4815, 6
4816, 6
4817, 7
4818, 5
4819, 4
4820, 7
4821, 6
4822, 8
4823, 9
4824, 3
4825, 4
4826, 3
4827, 6
4828, 7
4829, 5
4830, 4
4831, 13
4832, 5
4833, 5
4834, 2
4835, 6
4836, 3
4837, 8
4838, 5
4839, 7
4840, 2
4841, 5
4842, 6
4843, 6
4844, 6
4845, 4
4846, 6
4847, 13
4848, 6
4849, 7
4850, 9
4851, 4
4852, 8
4853, 5
4854, 8
4855, 10
4856, 7
4857, 11
4858, 13
4859, 6
4860, 4
4861, 3
4862, 4
4863, 3
4864, 8
4865, 10
4866, 7
4867, 6
4868, 9
4869, 9
4870, 7
4871, 9
4872, 8
4873, 5
4874, 4
4875, 5
4876, 8
4877, 3
4878, 7
4879, 7
4880, 6
4881, 5
4882, 5
4883, 2
4884, 6
4885, 3
4886, 5
4887, 7
4888, 9
4889, 10
4890, 3
4891, 5
4892, 11
4893, 3
4894, 5
4895, 6
4896, 11
4897, 5
4898, 4
4899, 5
4900, 7
4901, 9
4902, 7
4903, 3
4904, 3
4905, 4
4906, 8
4907, 9
4908, 7
4909, 4
4910, 7
4911, 6
4912, 5
4913, 4
4914, 7
4915, 5
4916, 2
4917, 6
4918, 6
4919, 6
4920, 5
4921, 7
4922, 5
4923, 6
4924, 6
4925, 7
4926, 5
4927, 5
4928, 4
4929, 3
4930, 6
4931, 8
4932, 7
4933, 6
4934, 8
4935, 7
4936, 5
4937, 6
4938, 4
4939, 5
4940, 6
4941, 4
4942, 5
4943, 3
4944, 6
4945, 6
4946, 7
4947, 6
4948, 6
4949, 6
4950, 8
4951, 6
4952, 5
4953, 7
4954, 4
4955, 6
4956, 6
4957, 9
4958, 6
4959, 7
4960, 6
4961, 2
4962, 7
4963, 7
4964, 5
4965, 4
4966, 6
4967, 6
4968, 6
4969, 5
4970, 5
4971, 4
4972, 6
4973, 10
4974, 7
4975, 3
4976, 5
4977, 3
4978, 7
4979, 8
4980, 6
4981, 5
4982, 5
4983, 3
4984, 7
4985, 4
4986, 4
4987, 4
4988, 4
4989, 6
4990, 6
4991, 6
4992, 5
4993, 4
4994, 7
4995, 5
4996, 9
4997, 3
4998, 6
4999, 7
5000, 10
5001, 6
5002, 7
5003, 7
5004, 7
5005, 6
5006, 2
5007, 2
5008, 5
5009, 8
5010, 8
5011, 8
5012, 5
5013, 6
5014, 5
5015, 6
5016, 7
5017, 6
5018, 7
5019, 5
5020, 5
5021, 8
5022, 8
5023, 8
5024, 9
5025, 7
5026, 5
5027, 6
5028, 4
5029, 4
5030, 7
5031, 5
5032, 3
5033, 12
5034, 5
5035, 6
5036, 3
5037, 5
5038, 4
5039, 5
5040, 4
5041, 5
5042, 5
5043, 6
5044, 10
5045, 4
5046, 6
5047, 7
5048, 9
5049, 6
5050, 3
5051, 8
5052, 5
5053, 2
5054, 4
5055, 10
5056, 4
5057, 3
5058, 8
5059, 7
5060, 9
5061, 4
5062, 4
5063, 7
5064, 3
5065, 4
5066, 3
5067, 4
5068, 2
5069, 2
5070, 11
5071, 8
5072, 6
5073, 4
5074, 2
5075, 8
5076, 3
5077, 8
5078, 2
5079, 6
5080, 3
5081, 9
5082, 8
5083, 8
5084, 2
5085, 7
5086, 9
5087, 5
5088, 9
5089, 4
5090, 3
5091, 7
5092, 3
5093, 4
5094, 6
5095, 6
5096, 2
5097, 4
5098, 6
5099, 4
5100, 9
5101, 4
5102, 4
5103, 8
5104, 5
5105, 7
5106, 6
5107, 10
5108, 4
5109, 4
5110, 5
5111, 4
5112, 5
5113, 5
5114, 5
5115, 5
5116, 5
5117, 6
5118, 4
5119, 5
5120, 4
5121, 5
5122, 8
5123, 5
5124, 7
5125, 5
5126, 7
5127, 6
5128, 5
5129, 4
5130, 6
5131, 5
5132, 6
5133, 5
5134, 6
5135, 3
5136, 7
5137, 6
5138, 7
5139, 8
5140, 5
5141, 4
5142, 4
5143, 6
5144, 6
5145, 6
5146, 6
5147, 6
5148, 3
5149, 4
5150, 4
5151, 3
5152, 5
5153, 3
5154, 5
5155, 5
5156, 8
5157, 5
5158, 4
5159, 5
5160, 9
5161, 9
5162, 4
5163, 8
5164, 4
5165, 2
5166, 9
5167, 3
5168, 8
5169, 3
5170, 9
5171, 6
5172, 7
5173, 3
5174, 9
5175, 5
5176, 3
5177, 6
5178, 5
5179, 4
5180, 7
5181, 3
5182, 5
5183, 5
5184, 5
5185, 10
5186, 6
5187, 2
5188, 6
5189, 2
5190, 5
5191, 2
5192, 2
5193, 3
5194, 2
5195, 5
5196, 7
5197, 3
5198, 6
5199, 3
5200, 5
5201, 3
5202, 5
5203, 7
5204, 5
5205, 6
5206, 4
5207, 6
5208, 6
5209, 7
5210, 4
5211, 3
5212, 9
5213, 4
5214, 7
5215, 6
5216, 5
5217, 4
5218, 5
5219, 6
5220, 5
5221, 6
5222, 3
5223, 3
5224, 3
5225, 5
5226, 4
5227, 10
5228, 5
5229, 6
5230, 9
5231, 10
5232, 8
5233, 7
5234, 6
5235, 4
5236, 5
5237, 6
5238, 3
5239, 3
5240, 7
5241, 6
5242, 10
5243, 9
5244, 6
5245, 9
5246, 6
5247, 9
5248, 4
5249, 10
5250, 5
5251, 4
5252, 8
5253, 6
5254, 6
5255, 7
5256, 5
5257, 10
5258, 5
5259, 6
5260, 6
5261, 7
5262, 4
5263, 1
5264, 6
5265, 8
5266, 9
5267, 2
5268, 8
5269, 8
5270, 6
5271, 4
5272, 6
5273, 7
5274, 5
5275, 4
5276, 5
5277, 4
5278, 6
5279, 8
5280, 7
5281, 4
5282, 4
5283, 7
5284, 5
5285, 7
5286, 9
5287, 9
5288, 4
5289, 10
5290, 2
5291, 8
5292, 10
5293, 5
5294, 9
5295, 4
5296, 6
5297, 8
5298, 9
5299, 3
5300, 3
5301, 3
5302, 8
5303, 7
5304, 3
5305, 3
5306, 8
5307, 7
5308, 3
5309, 10
5310, 9
5311, 4
5312, 4
5313, 10
5314, 4
5315, 7
5316, 5
5317, 9
5318, 5
5319, 3
5320, 3
5321, 5
5322, 14
5323, 4
5324, 4
5325, 5
5326, 10
5327, 11
5328, 3
5329, 6
5330, 2
5331, 4
5332, 4
5333, 5
5334, 9
5335, 6
5336, 6
5337, 4
5338, 6
5339, 4
5340, 11
5341, 5
5342, 11
5343, 11
5344, 3
5345, 6
5346, 4
5347, 6
5348, 5
5349, 9
5350, 4
5351, 10
5352, 4
5353, 4
5354, 5
5355, 5
5356, 8
5357, 4
5358, 8
5359, 5
5360, 7
5361, 4
5362, 8
5363, 6
5364, 5
5365, 7
5366, 7
5367, 7
5368, 5
5369, 5
5370, 8
5371, 4
5372, 4
5373, 4
5374, 8
5375, 3
5376, 7
5377, 6
5378, 7
5379, 7
5380, 10
5381, 2
5382, 5
5383, 8
5384, 7
5385, 7
5386, 6
5387, 7
5388, 4
5389, 8
5390, 9
5391, 9
5392, 3
5393, 5
5394, 7
5395, 5
5396, 7
5397, 5
5398, 3
5399, 7
5400, 5
5401, 6
5402, 5
5403, 4
5404, 4
5405, 4
5406, 5
5407, 4
5408, 11
5409, 3
5410, 4
5411, 8
5412, 4
5413, 8
5414, 6
5415, 4
5416, 7
5417, 6
5418, 4
5419, 6
5420, 5
5421, 6
5422, 6
5423, 7
5424, 5
5425, 6
5426, 7
5427, 5
5428, 5
5429, 6
5430, 5
5431, 7
5432, 6
5433, 7
5434, 5
5435, 4
5436, 7
5437, 8
5438, 8
5439, 6
5440, 9
5441, 7
5442, 8
5443, 4
5444, 8
5445, 2
5446, 8
5447, 7
5448, 6
5449, 3
5450, 3
5451, 5
5452, 7
5453, 3
5454, 6
5455, 9
5456, 5
5457, 7
5458, 7
5459, 8
5460, 2
5461, 3
5462, 6
5463, 6
5464, 7
5465, 7
5466, 7
5467, 7
5468, 6
5469, 5
5470, 7
5471, 8
5472, 9
5473, 5
5474, 9
5475, 4
5476, 5
5477, 6
5478, 2
5479, 6
5480, 5
5481, 4
5482, 8
5483, 4
5484, 5
5485, 5
5486, 5
5487, 10
5488, 4
5489, 9
5490, 4
5491, 8
5492, 6
5493, 3
5494, 3
5495, 11
5496, 6
5497, 4
5498, 10
5499, 2
5500, 5
5501, 2
5502, 4
5503, 8
5504, 6
5505, 5
5506, 4
5507, 6
5508, 4
5509, 4
5510, 6
5511, 3
5512, 4
5513, 8
5514, 4
5515, 3
5516, 5
5517, 4
5518, 5
5519, 4
5520, 6
5521, 4
5522, 7
5523, 3
5524, 6
5525, 6
5526, 8
5527, 4
5528, 8
5529, 9
5530, 8
5531, 5
5532, 2
5533, 2
5534, 6
5535, 7
5536, 5
5537, 8
5538, 5
5539, 7
5540, 8
5541, 7
5542, 8
5543, 5
5544, 8
5545, 4
5546, 8
5547, 12
5548, 10
5549, 7
5550, 8
5551, 5
5552, 8
5553, 4
5554, 6
5555, 3
5556, 7
5557, 3
5558, 7
5559, 3
5560, 3
5561, 4
5562, 7
5563, 9
5564, 6
5565, 3
5566, 6
5567, 6
5568, 10
5569, 6
5570, 10
5571, 4
5572, 5
5573, 6
5574, 11
5575, 5
5576, 7
5577, 4
5578, 5
5579, 5
5580, 5
5581, 3
5582, 5
5583, 7
5584, 9
5585, 8
5586, 6
5587, 7
5588, 7
5589, 3
5590, 6
5591, 9
5592, 4
5593, 6
5594, 6
5595, 6
5596, 5
5597, 6
5598, 9
5599, 8
5600, 6
5601, 3
5602, 6
5603, 10
5604, 5
5605, 7
5606, 7
5607, 6
5608, 6
5609, 10
5610, 6
5611, 8
5612, 7
5613, 6
5614, 6
5615, 7
5616, 5
5617, 8
5618, 5
5619, 8
5620, 5
5621, 4
5622, 6
5623, 3
5624, 4
5625, 5
5626, 5
5627, 5
5628, 4
5629, 5
5630, 9
5631, 11
5632, 8
5633, 3
5634, 5
5635, 11
5636, 4
5637, 6
5638, 3
5639, 8
5640, 6
5641, 7
5642, 3
5643, 10
5644, 2
5645, 5
5646, 5
5647, 7
5648, 5
5649, 7
5650, 5
5651, 4
5652, 5
5653, 7
5654, 7
5655, 7
5656, 4
5657, 2
5658, 3
5659, 4
5660, 3
5661, 6
5662, 3
5663, 6
5664, 5
5665, 4
5666, 3
5667, 8
5668, 11
5669, 6
5670, 5
5671, 9
5672, 6
5673, 7
5674, 6
5675, 5
5676, 5
5677, 5
5678, 7
5679, 5
5680, 8
5681, 10
5682, 6
5683, 8
5684, 6
5685, 9
5686, 7
5687, 7
5688, 8
5689, 4
5690, 3
5691, 7
5692, 3
5693, 6
5694, 4
5695, 8
5696, 5
5697, 9
5698, 6
5699, 5
5700, 4
5701, 7
5702, 5
5703, 5
5704, 7
5705, 5
5706, 5
5707, 7
5708, 7
5709, 10
5710, 9
5711, 4
5712, 10
5713, 5
5714, 9
5715, 6
5716, 4
5717, 6
5718, 6
5719, 7
5720, 3
5721, 6
5722, 5
5723, 5
5724, 7
5725, 7
5726, 2
5727, 6
5728, 5
5729, 6
5730, 5
5731, 6
5732, 4
5733, 6
5734, 5
5735, 4
5736, 6
5737, 4
5738, 6
5739, 6
5740, 2
5741, 7
5742, 8
5743, 6
5744, 7
5745, 2
5746, 10
5747, 6
5748, 7
5749, 5
5750, 4
5751, 5
5752, 5
5753, 2
5754, 6
5755, 5
5756, 8
5757, 4
5758, 6
5759, 6
5760, 7
5761, 9
5762, 8
5763, 7
5764, 6
5765, 6
5766, 7
5767, 4
5768, 6
5769, 7
5770, 4
5771, 5
5772, 6
5773, 5
5774, 6
5775, 5
5776, 5
5777, 6
5778, 3
5779, 9
5780, 12
5781, 6
5782, 11
5783, 3
5784, 3
5785, 8
5786, 4
5787, 4
5788, 4
5789, 9
5790, 4
5791, 6
5792, 6
5793, 6
5794, 5
5795, 5
5796, 4
5797, 7
5798, 4
5799, 8
5800, 7
5801, 8
5802, 7
5803, 6
5804, 7
5805, 4
5806, 2
5807, 7
5808, 7
5809, 6
5810, 7
5811, 7
5812, 7
5813, 6
5814, 6
5815, 8
5816, 6
5817, 6
5818, 8
5819, 6
5820, 7
5821, 5
5822, 6
5823, 6
5824, 4
5825, 5
5826, 6
5827, 7
5828, 8
5829, 5
5830, 6
5831, 9
5832, 11
5833, 8
5834, 7
5835, 6
5836, 11
5837, 9
5838, 4
5839, 5
5840, 8
5841, 10
5842, 5
5843, 11
5844, 7
5845, 6
5846, 10
5847, 7
5848, 10
5849, 7
5850, 6
5851, 5
5852, 7
5853, 5
5854, 11
5855, 5
5856, 6
5857, 4
5858, 2
5859, 7
5860, 8
5861, 7
5862, 4
5863, 4
5864, 8
5865, 4
5866, 6
5867, 4
5868, 11
5869, 5
5870, 4
5871, 5
5872, 6
5873, 5
5874, 5
5875, 5
5876, 3
5877, 5
5878, 8
5879, 1
5880, 8
5881, 7
5882, 7
5883, 2
5884, 5
5885, 7
5886, 6
5887, 3
5888, 3
5889, 3
5890, 6
5891, 7
5892, 6
5893, 6
5894, 7
5895, 5
5896, 4
5897, 5
5898, 6
5899, 6
5900, 8
5901, 6
5902, 3
5903, 5
5904, 3
5905, 8
5906, 5
5907, 8
5908, 5
5909, 8
5910, 9
5911, 11
5912, 5
5913, 8
5914, 4
5915, 6
5916, 7
5917, 5
5918, 2
5919, 8
5920, 6
5921, 6
5922, 9
5923, 11
5924, 5
5925, 7
5926, 3
5927, 12
5928, 11
5929, 5
5930, 6
5931, 9
5932, 6
5933, 5
5934, 7
5935, 15
5936, 10
5937, 5
5938, 5
5939, 13
5940, 4
5941, 6
5942, 7
5943, 7
5944, 5
5945, 5
5946, 6
5947, 5
5948, 4
5949, 5
5950, 5
5951, 5
5952, 4
5953, 10
5954, 7
5955, 11
5956, 8
5957, 10
5958, 5
5959, 7
5960, 4
5961, 11
5962, 3
5963, 6
5964, 7
5965, 8
5966, 4
5967, 9
5968, 8
5969, 6
5970, 4
5971, 8
5972, 3
5973, 6
5974, 12
5975, 6
5976, 8
5977, 8
5978, 4
5979, 9
5980, 5
5981, 5
5982, 5
5983, 11
5984, 6
5985, 10
5986, 5
5987, 10
5988, 5
5989, 4
5990, 4
5991, 9
5992, 4
5993, 9
5994, 3
5995, 6
5996, 5
5997, 8
5998, 2
5999, 6
6000, 5
6001, 7
6002, 6
6003, 6
6004, 2
6005, 4
6006, 6
6007, 5
6008, 10
6009, 5
6010, 3
6011, 6
6012, 7
6013, 7
6014, 8
6015, 6
6016, 5
6017, 7
6018, 12
6019, 5
6020, 4
6021, 3
6022, 1
6023, 7
6024, 3
6025, 3
6026, 2
6027, 6
6028, 2
6029, 3
6030, 3
6031, 5
6032, 5
6033, 2
6034, 4
6035, 5
6036, 6
6037, 7
6038, 8
6039, 6
6040, 5
6041, 2
6042, 3
6043, 5
6044, 8
6045, 6
6046, 4
6047, 5
6048, 6
6049, 5
6050, 5
6051, 9
6052, 4
6053, 8
6054, 8
6055, 8
6056, 7
6057, 8
6058, 6
6059, 3
6060, 3
6061, 5
6062, 6
6063, 6
6064, 5
6065, 11
6066, 5
6067, 6
6068, 4
6069, 3
6070, 4
6071, 11
6072, 5
6073, 10
6074, 3
6075, 3
6076, 8
6077, 4
6078, 5
6079, 4
6080, 7
6081, 3
6082, 8
6083, 9
6084, 4
6085, 8
6086, 8
6087, 7
6088, 5
6089, 7
6090, 7
6091, 6
6092, 7
6093, 9
6094, 6
6095, 6
6096, 9
6097, 2
6098, 9
6099, 11
6100, 3
6101, 3
6102, 5
6103, 8
6104, 10
6105, 7
6106, 5
6107, 5
6108, 6
6109, 8
6110, 3
6111, 7
6112, 7
6113, 4
6114, 6
6115, 8
6116, 7
6117, 10
6118, 7
6119, 5
6120, 7
6121, 5
6122, 8
6123, 6
6124, 6
6125, 6
6126, 5
6127, 8
6128, 4
6129, 8
6130, 3
6131, 2
6132, 7
6133, 3
6134, 5
6135, 6
6136, 2
6137, 3
6138, 11
6139, 4
6140, 6
6141, 4
6142, 7
6143, 3
6144, 5
6145, 4
6146, 2
6147, 6
6148, 6
6149, 4
6150, 9
6151, 6
6152, 10
6153, 6
6154, 6
6155, 5
6156, 9
6157, 3
6158, 4
6159, 5
6160, 9
6161, 4
6162, 5
6163, 6
6164, 4
6165, 8
6166, 4
6167, 3
6168, 2
6169, 7
6170, 2
6171, 8
6172, 6
6173, 8
6174, 7
6175, 2
6176, 5
6177, 6
6178, 7
6179, 5
6180, 5
6181, 8
6182, 3
6183, 8
6184, 11
6185, 3
6186, 3
6187, 6
6188, 7
6189, 6
6190, 3
6191, 6
6192, 3
6193, 10
6194, 2
6195, 4
6196, 7
6197, 5
6198, 12
6199, 7
6200, 5
6201, 5
6202, 8
6203, 7
6204, 2
6205, 7
6206, 10
6207, 5
6208, 10
6209, 5
6210, 2
6211, 3
6212, 3
6213, 6
6214, 5
6215, 7
6216, 7
6217, 6
6218, 4
6219, 5
6220, 10
6221, 5
6222, 5
6223, 9
6224, 5
6225, 3
6226, 11
6227, 6
6228, 5
6229, 5
6230, 5
6231, 7
6232, 5
6233, 7
6234, 6
6235, 7
6236, 7
6237, 8
6238, 8
6239, 4
6240, 5
6241, 6
6242, 2
6243, 4
6244, 8
6245, 4
6246, 7
6247, 4
6248, 12
6249, 6
6250, 4
6251, 5
6252, 6
6253, 7
6254, 4
6255, 6
6256, 4
6257, 3
6258, 12
6259, 3
6260, 7
6261, 7
6262, 8
6263, 4
6264, 4
6265, 7
6266, 6
6267, 8
6268, 9
6269, 6
6270, 6
6271, 6
6272, 7
6273, 6
6274, 8
6275, 6
6276, 5
6277, 6
6278, 8
6279, 6
6280, 4
6281, 7
6282, 11
6283, 6
6284, 4
6285, 5
6286, 10
6287, 5
6288, 4
6289, 3
6290, 3
6291, 13
6292, 5
6293, 4
6294, 6
6295, 3
6296, 4
6297, 4
6298, 5
6299, 5
6300, 8
6301, 4
6302, 4
6303, 4
6304, 2
6305, 5
6306, 4
6307, 4
6308, 7
6309, 3
6310, 3
6311, 3
6312, 4
6313, 6
6314, 4
6315, 6
6316, 6
6317, 3
6318, 2
6319, 6
6320, 3
6321, 4
6322, 8
6323, 8
6324, 3
6325, 2
6326, 12
6327, 3
6328, 2
6329, 4
6330, 5
6331, 5
6332, 4
6333, 7
6334, 7
6335, 6
6336, 5
6337, 9
6338, 6
6339, 4
6340, 6
6341, 7
6342, 11
6343, 6
6344, 10
6345, 7
6346, 8
6347, 5
6348, 4
6349, 5
6350, 8
6351, 7
6352, 6
6353, 8
6354, 5
6355, 5
6356, 7
6357, 6
6358, 9
6359, 7
6360, 6
6361, 2
6362, 6
6363, 2
6364, 6
6365, 6
6366, 4
6367, 5
6368, 4
6369, 2
6370, 6
6371, 7
6372, 4
6373, 6
6374, 6
6375, 6
6376, 3
6377, 5
6378, 8
6379, 7
6380, 5
6381, 7
6382, 5
6383, 4
6384, 8
6385, 5
6386, 4
6387, 6
6388, 4
6389, 3
6390, 6
6391, 7
6392, 3
6393, 8
6394, 7
6395, 10
6396, 3
6397, 6
6398, 8
6399, 6
6400, 7
6401, 7
6402, 3
6403, 8
6404, 11
6405, 6
6406, 2
6407, 4
6408, 7
6409, 11
6410, 8
6411, 7
6412, 5
6413, 8
6414, 5
6415, 8
6416, 6
6417, 9
6418, 6
6419, 11
6420, 5
6421, 7
6422, 3
6423, 3
6424, 4
6425, 5
6426, 9
6427, 4
6428, 3
6429, 9
6430, 3
6431, 3
6432, 5
6433, 7
6434, 8
6435, 6
6436, 5
6437, 5
6438, 5
6439, 3
6440, 5
6441, 7
6442, 4
6443, 5
6444, 7
6445, 10
6446, 5
6447, 4
6448, 6
6449, 6
6450, 5
6451, 5
6452, 6
6453, 7
6454, 5
6455, 4
6456, 4
6457, 6
6458, 6
6459, 3
6460, 7
6461, 3
6462, 8
6463, 6
6464, 6
6465, 4
6466, 3
6467, 5
6468, 2
6469, 5
6470, 8
6471, 6
6472, 6
6473, 5
6474, 8
6475, 4
6476, 6
6477, 2
6478, 5
6479, 6
6480, 8
6481, 3
6482, 6
6483, 5
6484, 5
6485, 5
6486, 8
6487, 11
6488, 3
6489, 2
6490, 8
6491, 2
6492, 4
6493, 3
6494, 6
6495, 3
6496, 4
6497, 4
6498, 5
6499, 8
6500, 3
6501, 5
6502, 5
6503, 9
6504, 6
6505, 9
6506, 4
6507, 8
6508, 3
6509, 5
6510, 7
6511, 6
6512, 11
6513, 3
6514, 4
6515, 4
6516, 6
6517, 8
6518, 3
6519, 7
6520, 6
6521, 4
6522, 6
6523, 4
6524, 8
6525, 9
6526, 3
6527, 8
6528, 6
6529, 4
6530, 6
6531, 3
6532, 10
6533, 4
6534, 3
6535, 7
6536, 5
6537, 7
6538, 6
6539, 10
6540, 13
6541, 6
6542, 5
6543, 6
6544, 4
6545, 9
6546, 2
6547, 8
6548, 5
6549, 6
6550, 4
6551, 4
6552, 4
6553, 9
6554, 4
6555, 6
6556, 4
6557, 7
6558, 4
6559, 6
6560, 4
6561, 4
6562, 6
6563, 4
6564, 3
6565, 5
6566, 4
6567, 5
6568, 10
6569, 4
6570, 6
6571, 4
6572, 3
6573, 3
6574, 6
6575, 4
6576, 5
6577, 8
6578, 6
6579, 7
6580, 7
6581, 6
6582, 6
6583, 6
6584, 7
6585, 7
6586, 7
6587, 7
6588, 7
6589, 9
6590, 9
6591, 4
6592, 7
6593, 7
6594, 9
6595, 6
6596, 11
6597, 7
6598, 9
6599, 6
6600, 4
6601, 7
6602, 8
6603, 5
6604, 10
6605, 10
6606, 4
6607, 9
6608, 7
6609, 8
6610, 10
6611, 5
6612, 6
6613, 7
6614, 3
6615, 7
6616, 6
6617, 8
6618, 7
6619, 4
6620, 7
6621, 8
6622, 7
6623, 5
6624, 2
6625, 6
6626, 3
6627, 7
6628, 4
6629, 4
6630, 5
6631, 4
6632, 7
6633, 4
6634, 2
6635, 5
6636, 4
6637, 4
6638, 8
6639, 7
6640, 4
6641, 7
6642, 4
6643, 3
6644, 9
6645, 7
6646, 7
6647, 6
6648, 10
6649, 4
6650, 3
6651, 6
6652, 6
6653, 5
6654, 4
6655, 6
6656, 5
6657, 3
6658, 3
6659, 3
6660, 7
6661, 7
6662, 6
6663, 6
6664, 5
6665, 6
6666, 4
6667, 6
6668, 5
6669, 5
6670, 3
6671, 9
6672, 4
6673, 7
6674, 3
6675, 4
6676, 4
6677, 7
6678, 7
6679, 5
6680, 4
6681, 4
6682, 5
6683, 7
6684, 6
6685, 5
6686, 3
6687, 11
6688, 8
6689, 7
6690, 7
6691, 7
6692, 5
6693, 6
6694, 5
6695, 3
6696, 4
6697, 6
6698, 7
6699, 5
6700, 11
6701, 2
6702, 4
6703, 8
6704, 5
6705, 8
6706, 3
6707, 9
6708, 6
6709, 7
6710, 6
6711, 5
6712, 6
6713, 9
6714, 10
6715, 4
6716, 9
6717, 8
6718, 5
6719, 5
6720, 5
6721, 8
6722, 8
6723, 8
6724, 7
6725, 7
6726, 7
6727, 9
6728, 6
6729, 9
6730, 4
6731, 4
6732, 7
6733, 7
6734, 7
6735, 4
6736, 8
6737, 5
6738, 6
6739, 6
6740, 6
6741, 7
6742, 4
6743, 7
6744, 5
6745, 5
6746, 2
6747, 6
6748, 2
6749, 5
6750, 7
6751, 5
6752, 2
6753, 7
6754, 7
6755, 7
6756, 9
6757, 9
6758, 3
6759, 6
6760, 10
6761, 9
6762, 4
6763, 8
6764, 8
6765, 12
6766, 4
6767, 6
6768, 7
6769, 3
6770, 7
6771, 6
6772, 8
6773, 6
6774, 5
6775, 3
6776, 6
6777, 4
6778, 7
6779, 5
6780, 7
6781, 4
6782, 8
6783, 6
6784, 8
6785, 5
6786, 6
6787, 7
6788, 6
6789, 3
6790, 5
6791, 6
6792, 5
6793, 6
6794, 5
6795, 10
6796, 8
6797, 3
6798, 7
6799, 7
6800, 11
6801, 8
6802, 10
6803, 5
6804, 7
6805, 5
6806, 7
6807, 6
6808, 2
6809, 9
6810, 4
6811, 8
6812, 3
6813, 5
6814, 4
6815, 4
6816, 4
6817, 2
6818, 5
6819, 5
6820, 4
6821, 3
6822, 4
6823, 4
6824, 5
6825, 5
6826, 7
6827, 4
6828, 8
6829, 6
6830, 6
6831, 5
6832, 5
6833, 5
6834, 7
6835, 8
6836, 6
6837, 3
6838, 7
6839, 4
6840, 7
6841, 9
6842, 6
6843, 3
6844, 5
6845, 9
6846, 9
6847, 6
6848, 5
6849, 4
6850, 9
6851, 4
6852, 6
6853, 5
6854, 6
6855, 5
6856, 5
6857, 5
6858, 5
6859, 5
6860, 13
6861, 9
6862, 6
6863, 7
6864, 5
6865, 2
6866, 9
6867, 2
6868, 8
6869, 6
6870, 4
6871, 8
6872, 7
6873, 5
6874, 6
6875, 9
6876, 8
6877, 3
6878, 3
6879, 7
6880, 6
6881, 5
6882, 6
6883, 6
6884, 5
6885, 3
6886, 9
6887, 4
6888, 6
6889, 2
6890, 7
6891, 6
6892, 2
6893, 6
6894, 9
6895, 1
6896, 6
6897, 7
6898, 9
6899, 3
6900, 4
6901, 7
6902, 6
6903, 5
6904, 4
6905, 2
6906, 6
6907, 6
6908, 7
6909, 5
6910, 9
6911, 6
6912, 6
6913, 3
6914, 6
6915, 5
6916, 8
6917, 6
6918, 6
6919, 8
6920, 3
6921, 7
6922, 6
6923, 3
6924, 7
6925, 3
6926, 6
6927, 4
6928, 8
6929, 7
6930, 5
6931, 9
6932, 5
6933, 4
6934, 4
6935, 6
6936, 7
6937, 10
6938, 9
6939, 1
6940, 3
6941, 7
6942, 7
6943, 5
6944, 8
6945, 6
6946, 5
6947, 10
6948, 5
6949, 7
6950, 6
6951, 6
6952, 6
6953, 8
6954, 3
6955, 2
6956, 7
6957, 4
6958, 4
6959, 3
6960, 2
6961, 7
6962, 5
6963, 7
6964, 5
6965, 5
6966, 4
6967, 4
6968, 5
6969, 4
6970, 3
6971, 6
6972, 4
6973, 6
6974, 7
6975, 6
6976, 6
6977, 5
6978, 6
6979, 5
6980, 7
6981, 6
6982, 5
6983, 6
6984, 5
6985, 6
6986, 4
6987, 11
6988, 5
6989, 3
6990, 6
6991, 8
6992, 9
6993, 2
6994, 9
6995, 4
6996, 6
6997, 4
6998, 8
6999, 9
7000, 7
7001, 10
7002, 5
7003, 5
7004, 6
7005, 3
7006, 8
7007, 7
7008, 7
7009, 7
7010, 6
7011, 7
7012, 4
7013, 9
7014, 5
7015, 8
7016, 5
7017, 8
7018, 2
7019, 10
7020, 4
7021, 2
7022, 5
7023, 8
7024, 5
7025, 2
7026, 9
7027, 3
7028, 5
7029, 5
7030, 5
7031, 4
7032, 11
7033, 8
7034, 7
7035, 10
7036, 4
7037, 8
7038, 4
7039, 5
7040, 4
7041, 5
7042, 4
7043, 3
7044, 3
7045, 7
7046, 7
7047, 9
7048, 5
7049, 7
7050, 6
7051, 4
7052, 11
7053, 9
7054, 6
7055, 9
7056, 4
7057, 6
7058, 7
7059, 6
7060, 7
7061, 5
7062, 5
7063, 8
7064, 9
7065, 5
7066, 3
7067, 5
7068, 5
7069, 5
7070, 7
7071, 3
7072, 8
7073, 4
7074, 4
7075, 7
7076, 7
7077, 7
7078, 14
7079, 2
7080, 3
7081, 12
7082, 4
7083, 2
7084, 4
7085, 5
7086, 5
7087, 8
7088, 8
7089, 8
7090, 3
7091, 10
7092, 5
7093, 6
7094, 3
7095, 7
7096, 7
7097, 5
7098, 8
7099, 4
7100, 4
7101, 5
7102, 3
7103, 4
7104, 4
7105, 4
7106, 4
7107, 6
7108, 5
7109, 6
7110, 8
7111, 8
7112, 6
7113, 8
7114, 6
7115, 8
7116, 7
7117, 5
7118, 2
7119, 5
7120, 3
7121, 4
7122, 2
7123, 5
7124, 7
7125, 5
7126, 2
7127, 3
7128, 8
7129, 8
7130, 5
7131, 7
7132, 3
7133, 12
7134, 5
7135, 8
7136, 4
7137, 5
7138, 5
7139, 6
7140, 4
7141, 5
7142, 7
7143, 5
7144, 7
7145, 4
7146, 7
7147, 9
7148, 6
7149, 6
7150, 6
7151, 6
7152, 4
7153, 5
7154, 7
7155, 4
7156, 6
7157, 7
7158, 3
7159, 9
7160, 3
7161, 6
7162, 3
7163, 4
7164, 3
7165, 7
7166, 3
7167, 5
7168, 6
7169, 5
7170, 10
7171, 6
7172, 7
7173, 5
7174, 6
7175, 5
7176, 6
7177, 8
7178, 5
7179, 7
7180, 6
7181, 6
7182, 3
7183, 5
7184, 5
7185, 5
7186, 3
7187, 8
7188, 3
7189, 5
7190, 6
7191, 7
7192, 4
7193, 5
7194, 8
7195, 8
7196, 7
7197, 5
7198, 7
7199, 4
7200, 7
7201, 3
7202, 6
7203, 8
7204, 4
7205, 3
7206, 4
7207, 8
7208, 4
7209, 8
7210, 6
7211, 10
7212, 8
7213, 3
7214, 5
7215, 8
7216, 7
7217, 5
7218, 6
7219, 5
7220, 7
7221, 3
7222, 3
7223, 5
7224, 9
7225, 5
7226, 6
7227, 4
7228, 6
7229, 9
7230, 6
7231, 3
7232, 7
7233, 5
7234, 4
7235, 6
7236, 8
7237, 2
7238, 5
7239, 2
7240, 6
7241, 7
7242, 5
7243, 3
7244, 7
7245, 6
7246, 7
7247, 5
7248, 2
7249, 7
7250, 5
7251, 7
7252, 11
7253, 5
7254, 6
7255, 6
7256, 6
7257, 10
7258, 10
7259, 3
7260, 9
7261, 4
7262, 5
7263, 3
7264, 6
7265, 5
7266, 10
7267, 5
7268, 7
7269, 3
7270, 4
7271, 8
7272, 5
7273, 7
7274, 4
7275, 3
7276, 14
7277, 5
7278, 6
7279, 9
7280, 6
7281, 9
7282, 10
7283, 3
7284, 6
7285, 9
7286, 12
7287, 6
7288, 11
7289, 4
7290, 3
7291, 9
7292, 6
7293, 6
7294, 6
7295, 5
7296, 10
7297, 5
7298, 7
7299, 6
7300, 8
7301, 10
7302, 4
7303, 7
7304, 7
7305, 9
7306, 3
7307, 9
7308, 3
7309, 9
7310, 4
7311, 4
7312, 8
7313, 5
7314, 7
7315, 3
7316, 6
7317, 3
7318, 11
7319, 9
7320, 4
7321, 8
7322, 10
7323, 7
7324, 7
7325, 3
7326, 7
7327, 8
7328, 8
7329, 6
7330, 5
7331, 10
7332, 4
7333, 7
7334, 8
7335, 3
7336, 9
7337, 3
7338, 9
7339, 8
7340, 9
7341, 13
7342, 7
7343, 8
7344, 7
7345, 9
7346, 9
7347, 7
7348, 5
7349, 3
7350, 3
7351, 8
7352, 10
7353, 12
7354, 7
7355, 7
7356, 6
7357, 4
7358, 8
7359, 6
7360, 8
7361, 3
7362, 9
7363, 3
7364, 7
7365, 8
7366, 3
7367, 8
7368, 5
7369, 6
7370, 9
7371, 8
7372, 11
7373, 8
7374, 7
7375, 10
7376, 8
7377, 2
7378, 7
7379, 8
7380, 4
7381, 4
7382, 6
7383, 3
7384, 4
7385, 5
7386, 6
7387, 5
7388, 4
7389, 4
7390, 8
7391, 5
7392, 4
7393, 2
7394, 9
7395, 6
7396, 7
7397, 5
7398, 4
7399, 7
7400, 5
7401, 8
7402, 2
7403, 5
7404, 2
7405, 6
7406, 5
7407, 4
7408, 9
7409, 4
7410, 8
7411, 4
7412, 5
7413, 4
7414, 5
7415, 5
7416, 9
7417, 1
7418, 8
7419, 6
7420, 7
7421, 4
7422, 5
7423, 4
7424, 4
7425, 5
7426, 5
7427, 6
7428, 10
7429, 5
7430, 8
7431, 9
7432, 7
7433, 2
7434, 5
7435, 3
7436, 8
7437, 10
7438, 9
7439, 6
7440, 8
7441, 5
7442, 5
7443, 5
7444, 7
7445, 4
7446, 6
7447, 10
7448, 11
7449, 4
7450, 6
7451, 3
7452, 5
7453, 6
7454, 9
7455, 3
7456, 6
7457, 3
7458, 5
7459, 5
7460, 6
7461, 3
7462, 5
7463, 7
7464, 3
7465, 7
7466, 9
7467, 6
7468, 3
7469, 5
7470, 9
7471, 7
7472, 14
7473, 3
7474, 6
7475, 3
7476, 7
7477, 4
7478, 3
7479, 4
7480, 8
7481, 9
7482, 5
7483, 7
7484, 8
7485, 10
7486, 5
7487, 5
7488, 8
7489, 4
7490, 10
7491, 7
7492, 9
7493, 5
7494, 7
7495, 5
7496, 6
7497, 6
7498, 4
7499, 8
7500, 9
7501, 6
7502, 6
7503, 5
7504, 5
7505, 15
7506, 9
7507, 6
7508, 9
7509, 5
7510, 7
7511, 2
7512, 7
7513, 4
7514, 5
7515, 9
7516, 9
7517, 9
7518, 6
7519, 4
7520, 2
7521, 4
7522, 5
7523, 11
7524, 11
7525, 2
7526, 7
7527, 6
7528, 4
7529, 4
7530, 10
7531, 8
7532, 5
7533, 5
7534, 8
7535, 4
7536, 11
7537, 8
7538, 10
7539, 7
7540, 10
7541, 8
7542, 6
7543, 6
7544, 7
7545, 7
7546, 10
7547, 11
7548, 4
7549, 4
7550, 6
7551, 8
7552, 5
7553, 8
7554, 6
7555, 8
7556, 4
7557, 5
7558, 12
7559, 7
7560, 13
7561, 3
7562, 5
7563, 6
7564, 8
7565, 4
7566, 13
7567, 4
7568, 9
7569, 8
7570, 6
7571, 10
7572, 8
7573, 5
7574, 4
7575, 5
7576, 7
7577, 7
7578, 5
7579, 5
7580, 2
7581, 3
7582, 2
7583, 9
7584, 7
7585, 5
7586, 4
7587, 5
7588, 4
7589, 4
7590, 6
7591, 5
7592, 9
7593, 5
7594, 8
7595, 3
7596, 8
7597, 10
7598, 5
7599, 7
7600, 7
7601, 6
7602, 8
7603, 5
7604, 5
7605, 8
7606, 7
7607, 6
7608, 6
7609, 6
7610, 8
7611, 9
7612, 7
7613, 5
7614, 6
7615, 5
7616, 6
7617, 7
7618, 7
7619, 8
7620, 11
7621, 7
7622, 8
7623, 9
7624, 7
7625, 7
7626, 4
7627, 4
7628, 5
7629, 6
7630, 7
7631, 5
7632, 9
7633, 4
7634, 6
7635, 3
7636, 5
7637, 6
7638, 3
7639, 3
7640, 8
7641, 6
7642, 4
7643, 4
7644, 1
7645, 5
7646, 6
7647, 7
7648, 9
7649, 7
7650, 12
7651, 4
7652, 6
7653, 4
7654, 9
7655, 11
7656, 5
7657, 10
7658, 10
7659, 7
7660, 7
7661, 3
7662, 5
7663, 3
7664, 3
7665, 3
7666, 4
7667, 8
7668, 7
7669, 4
7670, 3
7671, 8
7672, 6
7673, 4
7674, 8
7675, 8
7676, 3
7677, 7
7678, 4
7679, 4
7680, 6
7681, 7
7682, 6
7683, 6
7684, 4
7685, 9
7686, 8
7687, 4
7688, 7
7689, 4
7690, 2
7691, 7
7692, 5
7693, 3
7694, 8
7695, 10
7696, 8
7697, 5
7698, 7
7699, 7
7700, 8
7701, 6
7702, 5
7703, 8
7704, 4
7705, 7
7706, 7
7707, 7
7708, 6
7709, 6
7710, 6
7711, 5
7712, 3
7713, 5
7714, 6
7715, 5
7716, 5
7717, 6
7718, 2
7719, 5
7720, 6
7721, 6
7722, 4
7723, 4
7724, 3
7725, 8
7726, 8
7727, 7
7728, 4
7729, 7
7730, 4
7731, 6
7732, 6
7733, 5
7734, 6
7735, 5
7736, 6
7737, 7
7738, 6
7739, 10
7740, 11
7741, 5
7742, 4
7743, 9
7744, 3
7745, 9
7746, 5
7747, 3
7748, 4
7749, 7
7750, 6
7751, 3
7752, 3
7753, 3
7754, 3
7755, 1
7756, 11
7757, 7
7758, 5
7759, 7
7760, 6
7761, 3
7762, 6
7763, 5
7764, 2
7765, 2
7766, 2
7767, 5
7768, 6
7769, 6
7770, 6
7771, 5
7772, 2
7773, 5
7774, 6
7775, 3
7776, 6
7777, 8
7778, 5
7779, 8
7780, 7
7781, 2
7782, 3
7783, 2
7784, 5
7785, 5
7786, 7
7787, 9
7788, 4
7789, 7
7790, 3
7791, 5
7792, 6
7793, 5
7794, 4
7795, 6
7796, 7
7797, 3
7798, 3
7799, 6
7800, 7
7801, 7
7802, 9
7803, 7
7804, 8
7805, 2
7806, 4
7807, 3
7808, 4
7809, 6
7810, 5
7811, 7
7812, 5
7813, 4
7814, 7
7815, 6
7816, 4
7817, 5
7818, 4
7819, 2
7820, 6
7821, 8
7822, 4
7823, 2
7824, 5
7825, 9
7826, 5
7827, 9
7828, 7
7829, 5
7830, 7
7831, 4
7832, 6
7833, 6
7834, 6
7835, 4
7836, 8
7837, 10
7838, 4
7839, 4
7840, 3
7841, 5
7842, 5
7843, 1
7844, 8
7845, 4
7846, 7
7847, 4
7848, 7
7849, 1
7850, 4
7851, 4
7852, 6
7853, 4
7854, 5
7855, 7
7856, 5
7857, 8
7858, 8
7859, 8
7860, 6
7861, 4
7862, 6
7863, 5
7864, 4
7865, 3
7866, 5
7867, 5
7868, 4
7869, 3
7870, 7
7871, 5
7872, 2
7873, 4
7874, 8
7875, 7
7876, 3
7877, 3
7878, 6
7879, 4
7880, 2
7881, 5
7882, 5
7883, 5
7884, 8
7885, 5
7886, 5
7887, 5
7888, 9
7889, 7
7890, 9
7891, 6
7892, 6
7893, 5
7894, 5
7895, 3
7896, 5
7897, 6
7898, 1
7899, 5
7900, 5
7901, 4
7902, 4
7903, 4
7904, 8
7905, 5
7906, 6
7907, 5
7908, 9
7909, 5
7910, 2
7911, 7
7912, 7
7913, 10
7914, 9
7915, 10
7916, 5
7917, 6
7918, 7
7919, 3
7920, 7
7921, 6
7922, 8
7923, 6
7924, 5
7925, 8
7926, 7
7927, 5
7928, 5
7929, 7
7930, 6
7931, 6
7932, 3
7933, 5
7934, 5
7935, 7
7936, 3
7937, 6
7938, 7
7939, 3
7940, 6
7941, 7
7942, 6
7943, 9
7944, 9
7945, 8
7946, 4
7947, 9
7948, 4
7949, 5
7950, 5
7951, 3
7952, 6
7953, 5
7954, 3
7955, 3
7956, 6
7957, 3
7958, 6
7959, 4
7960, 6
7961, 4
7962, 5
7963, 8
7964, 6
7965, 4
7966, 8
7967, 4
7968, 5
7969, 6
7970, 5
7971, 4
7972, 7
7973, 7
7974, 3
7975, 4
7976, 3
7977, 8
7978, 4
7979, 5
7980, 6
7981, 4
7982, 7
7983, 8
7984, 4
7985, 5
7986, 4
7987, 5
7988, 5
7989, 4
7990, 5
7991, 5
7992, 8
7993, 8
7994, 5
7995, 3
7996, 6
7997, 5
7998, 5
7999, 2
8000, 4
8001, 3
8002, 4
8003, 7
8004, 9
8005, 10
8006, 5
8007, 3
8008, 5
8009, 4
8010, 12
8011, 4
8012, 8
8013, 2
8014, 4
8015, 2
8016, 6
8017, 6
8018, 6
8019, 6
8020, 6
8021, 4
8022, 4
8023, 3
8024, 9
8025, 3
8026, 5
8027, 2
8028, 5
8029, 2
8030, 6
8031, 7
8032, 3
8033, 5
8034, 7
8035, 5
8036, 9
8037, 7
8038, 4
8039, 4
8040, 7
8041, 4
8042, 8
8043, 8
8044, 7
8045, 4
8046, 9
8047, 5
8048, 6
8049, 7
8050, 5
8051, 6
8052, 8
8053, 12
8054, 3
8055, 5
8056, 4
8057, 5
8058, 6
8059, 5
8060, 11
8061, 8
8062, 11
8063, 4
8064, 3
8065, 7
8066, 4
8067, 6
8068, 6
8069, 4
8070, 5
8071, 7
8072, 4
8073, 6
8074, 3
8075, 7
8076, 6
8077, 4
8078, 4
8079, 7
8080, 1
8081, 5
8082, 9
8083, 6
8084, 5
8085, 7
8086, 5
8087, 7
8088, 3
8089, 5
8090, 5
8091, 5
8092, 5
8093, 7
8094, 6
8095, 5
8096, 3
8097, 5
8098, 5
8099, 4
8100, 3
8101, 6
8102, 5
8103, 4
8104, 5
8105, 4
8106, 4
8107, 4
8108, 4
8109, 7
8110, 6
8111, 6
8112, 6
8113, 10
8114, 5
8115, 5
8116, 3
8117, 4
8118, 2
8119, 4
8120, 11
8121, 5
8122, 4
8123, 8
8124, 5
8125, 4
8126, 7
8127, 9
8128, 9
8129, 3
8130, 6
8131, 7
8132, 7
8133, 8
8134, 9
8135, 4
8136, 10
8137, 5
8138, 4
8139, 8
8140, 7
8141, 5
8142, 8
8143, 6
8144, 6
8145, 6
8146, 6
8147, 5
8148, 6
8149, 3
8150, 7
8151, 6
8152, 6
8153, 8
8154, 5
8155, 6
8156, 6
8157, 7
8158, 7
8159, 5
8160, 8
8161, 5
8162, 5
8163, 2
8164, 6
8165, 7
8166, 4
8167, 2
8168, 7
8169, 2
8170, 7
8171, 5
8172, 8
8173, 7
8174, 4
8175, 7
8176, 10
8177, 7
8178, 8
8179, 8
8180, 2
8181, 8
8182, 7
8183, 5
8184, 6
8185, 5
8186, 12
8187, 5
8188, 7
8189, 4
8190, 6
8191, 4
8192, 7
8193, 3
8194, 7
8195, 2
8196, 6
8197, 2
8198, 6
8199, 10
8200, 5
8201, 5
8202, 3
8203, 5
8204, 9
8205, 3
8206, 10
8207, 9
8208, 4
8209, 5
8210, 10
8211, 3
8212, 4
8213, 4
8214, 4
8215, 13
8216, 4
8217, 3
8218, 3
8219, 3
8220, 7
8221, 3
8222, 5
8223, 7
8224, 6
8225, 5
8226, 12
8227, 15
8228, 9
8229, 4
8230, 5
8231, 4
8232, 8
8233, 6
8234, 7
8235, 4
8236, 8
8237, 4
8238, 3
8239, 3
8240, 6
8241, 3
8242, 12
8243, 5
8244, 4
8245, 2
8246, 7
8247, 3
8248, 3
8249, 3
8250, 3
8251, 3
8252, 5
8253, 2
8254, 4
8255, 5
8256, 6
8257, 2
8258, 3
8259, 4
8260, 12
8261, 3
8262, 7
8263, 4
8264, 6
8265, 6
8266, 7
8267, 6
8268, 4
8269, 10
8270, 11
8271, 11
8272, 4
8273, 8
8274, 6
8275, 8
8276, 5
8277, 7
8278, 6
8279, 4
8280, 4
8281, 4
8282, 5
8283, 4
8284, 4
8285, 4
8286, 5
8287, 3
8288, 9
8289, 11
8290, 4
8291, 4
8292, 4
8293, 3
8294, 6
8295, 6
8296, 5
8297, 6
8298, 6
8299, 4
8300, 4
8301, 9
8302, 9
8303, 4
8304, 9
8305, 4
8306, 9
8307, 6
8308, 5
8309, 4
8310, 6
8311, 4
8312, 4
8313, 4
8314, 3
8315, 13
8316, 5
8317, 9
8318, 5
8319, 3
8320, 8
8321, 8
8322, 7
8323, 7
8324, 5
8325, 4
8326, 8
8327, 7
8328, 5
8329, 2
8330, 6
8331, 5
8332, 4
8333, 6
8334, 10
8335, 8
8336, 7
8337, 5
8338, 6
8339, 6
8340, 5
8341, 9
8342, 11
8343, 7
8344, 7
8345, 3
8346, 6
8347, 5
8348, 3
8349, 4
8350, 7
8351, 6
8352, 6
8353, 2
8354, 8
8355, 5
8356, 3
8357, 7
8358, 6
8359, 5
8360, 6
8361, 6
8362, 5
8363, 6
8364, 7
8365, 7
8366, 7
8367, 6
8368, 7
8369, 4
8370, 7
8371, 7
8372, 6
8373, 3
8374, 8
8375, 6
8376, 9
8377, 3
8378, 5
8379, 4
8380, 6
8381, 5
8382, 6
8383, 8
8384, 6
8385, 6
8386, 5
8387, 4
8388, 7
8389, 7
8390, 4
8391, 7
8392, 7
8393, 12
8394, 5
8395, 6
8396, 4
8397, 5
8398, 8
8399, 7
8400, 8
8401, 6
8402, 7
8403, 8
8404, 9
8405, 7
8406, 7
8407, 6
8408, 9
8409, 7
8410, 7
8411, 6
8412, 6
8413, 6
8414, 5
8415, 7
8416, 4
8417, 5
8418, 9
8419, 6
8420, 6
8421, 6
8422, 5
8423, 3
8424, 6
8425, 8
8426, 2
8427, 4
8428, 7
8429, 9
8430, 5
8431, 3
8432, 4
8433, 3
8434, 5
8435, 6
8436, 7
8437, 4
8438, 3
8439, 5
8440, 6
8441, 4
8442, 3
8443, 4
8444, 5
8445, 3
8446, 7
8447, 5
8448, 6
8449, 5
8450, 6
8451, 5
8452, 4
8453, 2
8454, 5
8455, 2
8456, 4
8457, 3
8458, 6
8459, 6
8460, 7
8461, 2
8462, 7
8463, 7
8464, 6
8465, 12
8466, 9
8467, 6
8468, 2
8469, 12
8470, 4
8471, 5
8472, 4
8473, 4
8474, 6
8475, 7
8476, 6
8477, 5
8478, 4
8479, 2
8480, 8
8481, 6
8482, 7
8483, 9
8484, 6
8485, 7
8486, 6
8487, 4
8488, 5
8489, 4
8490, 8
8491, 12
8492, 8
8493, 4
8494, 4
8495, 4
8496, 5
8497, 8
8498, 6
8499, 8
8500, 4
8501, 5
8502, 6
8503, 4
8504, 5
8505, 2
8506, 5
8507, 4
8508, 4
8509, 8
8510, 5
8511, 11
8512, 5
8513, 8
8514, 3
8515, 2
8516, 4
8517, 8
8518, 4
8519, 9
8520, 7
8521, 5
8522, 4
8523, 2
8524, 5
8525, 2
8526, 7
8527, 8
8528, 5
8529, 4
8530, 7
8531, 3
8532, 6
8533, 5
8534, 3
8535, 5
8536, 6
8537, 5
8538, 7
8539, 6
8540, 3
8541, 5
8542, 4
8543, 4
8544, 5
8545, 5
8546, 4
8547, 3
8548, 9
8549, 4
8550, 7
8551, 4
8552, 4
8553, 4
8554, 7
8555, 4
8556, 7
8557, 8
8558, 4
8559, 5
8560, 6
8561, 6
8562, 6
8563, 8
8564, 7
8565, 3
8566, 5
8567, 5
8568, 7
8569, 11
8570, 10
8571, 2
8572, 6
8573, 3
8574, 9
8575, 4
8576, 8
8577, 10
8578, 5
8579, 5
8580, 4
8581, 3
8582, 6
8583, 6
8584, 6
8585, 2
8586, 6
8587, 4
8588, 5
8589, 7
8590, 4
8591, 5
8592, 9
8593, 2
8594, 5
8595, 4
8596, 4
8597, 4
8598, 4
8599, 7
8600, 4
8601, 12
8602, 4
8603, 7
8604, 6
8605, 8
8606, 7
8607, 6
8608, 5
8609, 6
8610, 6
8611, 9
8612, 6
8613, 6
8614, 3
8615, 6
8616, 8
8617, 6
8618, 7
8619, 6
8620, 4
8621, 4
8622, 4
8623, 2
8624, 4
8625, 4
8626, 5
8627, 5
8628, 4
8629, 6
8630, 5
8631, 5
8632, 4
8633, 5
8634, 10
8635, 5
8636, 7
8637, 3
8638, 6
8639, 6
8640, 4
8641, 7
8642, 8
8643, 8
8644, 6
8645, 5
8646, 5
8647, 8
8648, 10
8649, 4
8650, 9
8651, 4
8652, 3
8653, 5
8654, 6
8655, 5
8656, 6
8657, 7
8658, 9
8659, 8
8660, 7
8661, 5
8662, 8
8663, 6
8664, 4
8665, 8
8666, 3
8667, 4
8668, 6
8669, 5
8670, 10
8671, 6
8672, 9
8673, 7
8674, 7
8675, 4
8676, 8
8677, 5
8678, 7
8679, 4
8680, 7
8681, 7
8682, 2
8683, 6
8684, 5
8685, 7
8686, 7
8687, 6
8688, 4
8689, 12
8690, 2
8691, 7
8692, 3
8693, 2
8694, 6
8695, 3
8696, 5
8697, 4
8698, 11
8699, 6
8700, 8
8701, 4
8702, 7
8703, 6
8704, 4
8705, 7
8706, 6
8707, 5
8708, 4
8709, 6
8710, 2
8711, 6
8712, 4
8713, 6
8714, 2
8715, 6
8716, 2
8717, 8
8718, 4
8719, 8
8720, 6
8721, 7
8722, 10
8723, 3
8724, 5
8725, 4
8726, 6
8727, 7
8728, 4
8729, 5
8730, 2
8731, 2
8732, 8
8733, 9
8734, 4
8735, 7
8736, 2
8737, 9
8738, 5
8739, 8
8740, 4
8741, 3
8742, 4
8743, 8
8744, 5
8745, 2
8746, 7
8747, 6
8748, 4
8749, 3
8750, 7
8751, 2
8752, 9
8753, 5
8754, 8
8755, 6
8756, 7
8757, 2
8758, 5
8759, 7
8760, 5
8761, 8
8762, 4
8763, 2
8764, 4
8765, 5
8766, 5
8767, 9
8768, 7
8769, 5
8770, 7
8771, 2
8772, 7
8773, 8
8774, 7
8775, 2
8776, 5
8777, 3
8778, 5
8779, 6
8780, 5
8781, 6
8782, 6
8783, 6
8784, 3
8785, 6
8786, 4
8787, 4
8788, 8
8789, 8
8790, 6
8791, 2
8792, 7
8793, 5
8794, 5
8795, 7
8796, 6
8797, 3
8798, 7
8799, 3
8800, 8
8801, 2
8802, 5
8803, 8
8804, 7
8805, 5
8806, 5
8807, 8
8808, 7
8809, 5
8810, 6
8811, 16
8812, 3
8813, 6
8814, 8
8815, 4
8816, 9
8817, 8
8818, 6
8819, 5
8820, 4
8821, 4
8822, 8
8823, 8
8824, 4
8825, 4
8826, 6
8827, 6
8828, 4
8829, 3
8830, 4
8831, 7
8832, 8
8833, 7
8834, 7
8835, 9
8836, 7
8837, 6
8838, 10
8839, 6
8840, 2
8841, 9
8842, 4
8843, 4
8844, 6
8845, 7
8846, 6
8847, 6
8848, 9
8849, 6
8850, 5
8851, 6
8852, 2
8853, 6
8854, 6
8855, 8
8856, 6
8857, 8
8858, 6
8859, 6
8860, 8
8861, 3
8862, 5
8863, 6
8864, 4
8865, 5
8866, 4
8867, 4
8868, 3
8869, 4
8870, 8
8871, 6
8872, 12
8873, 10
8874, 4
8875, 7
8876, 4
8877, 5
8878, 13
8879, 4
8880, 3
8881, 6
8882, 5
8883, 10
8884, 6
8885, 3
8886, 9
8887, 8
8888, 6
8889, 7
8890, 6
8891, 4
8892, 8
8893, 3
8894, 8
8895, 5
8896, 4
8897, 5
8898, 5
8899, 8
8900, 5
8901, 8
8902, 5
8903, 5
8904, 8
8905, 5
8906, 7
8907, 3
8908, 7
8909, 4
8910, 4
8911, 5
8912, 3
8913, 5
8914, 11
8915, 7
8916, 3
8917, 5
8918, 9
8919, 6
8920, 7
8921, 9
8922, 5
8923, 4
8924, 9
8925, 13
8926, 8
8927, 5
8928, 4
8929, 6
8930, 5
8931, 7
8932, 4
8933, 7
8934, 8
8935, 5
8936, 6
8937, 5
8938, 8
8939, 9
8940, 5
8941, 4
8942, 6
8943, 4
8944, 4
8945, 7
8946, 7
8947, 7
8948, 5
8949, 5
8950, 5
8951, 8
8952, 4
8953, 2
8954, 6
8955, 7
8956, 8
8957, 8
8958, 8
8959, 5
8960, 6
8961, 9
8962, 8
8963, 3
8964, 7
8965, 7
8966, 4
8967, 5
8968, 3
8969, 7
8970, 8
8971, 8
8972, 6
8973, 4
8974, 6
8975, 4
8976, 7
8977, 5
8978, 6
8979, 3
8980, 9
8981, 8
8982, 4
8983, 6
8984, 5
8985, 3
8986, 5
8987, 8
8988, 6
8989, 4
8990, 7
8991, 7
8992, 3
8993, 9
8994, 3
8995, 6
8996, 6
8997, 7
8998, 5
8999, 2
9000, 6
9001, 5
9002, 6
9003, 2
9004, 7
9005, 9
9006, 6
9007, 9
9008, 6
9009, 9
9010, 6
9011, 3
9012, 4
9013, 5
9014, 4
9015, 7
9016, 5
9017, 5
9018, 6
9019, 10
9020, 4
9021, 4
9022, 3
9023, 4
9024, 8
9025, 3
9026, 8
9027, 7
9028, 5
9029, 7
9030, 7
9031, 7
9032, 10
9033, 4
9034, 6
9035, 2
9036, 6
9037, 2
9038, 7
9039, 2
9040, 7
9041, 6
9042, 4
9043, 5
9044, 4
9045, 3
9046, 5
9047, 9
9048, 6
9049, 4
9050, 5
9051, 4
9052, 6
9053, 7
9054, 4
9055, 7
9056, 4
9057, 3
9058, 3
9059, 8
9060, 5
9061, 8
9062, 3
9063, 5
9064, 8
9065, 3
9066, 3
9067, 8
9068, 8
9069, 5
9070, 4
9071, 6
9072, 7
9073, 6
9074, 13
9075, 6
9076, 8
9077, 7
9078, 5
9079, 7
9080, 6
9081, 5
9082, 6
9083, 7
9084, 6
9085, 6
9086, 5
9087, 6
9088, 4
9089, 5
9090, 9
9091, 7
9092, 8
9093, 4
9094, 4
9095, 9
9096, 2
9097, 6
9098, 3
9099, 8
9100, 4
9101, 3
9102, 3
9103, 7
9104, 4
9105, 6
9106, 6
9107, 3
9108, 4
9109, 7
9110, 6
9111, 4
9112, 4
9113, 5
9114, 4
9115, 10
9116, 8
9117, 6
9118, 8
9119, 6
9120, 4
9121, 3
9122, 6
9123, 4
9124, 5
9125, 6
9126, 5
9127, 3
9128, 7
9129, 5
9130, 6
9131, 10
9132, 5
9133, 7
9134, 5
9135, 7
9136, 10
9137, 7
9138, 5
9139, 3
9140, 5
9141, 6
9142, 6
9143, 7
9144, 5
9145, 5
9146, 5
9147, 6
9148, 7
9149, 8
9150, 4
9151, 4
9152, 3
9153, 7
9154, 6
9155, 5
9156, 8
9157, 7
9158, 4
9159, 6
9160, 8
9161, 6
9162, 4
9163, 6
9164, 5
9165, 7
9166, 4
9167, 6
9168, 4
9169, 4
9170, 2
9171, 8
9172, 4
9173, 7
9174, 2
9175, 3
9176, 6
9177, 4
9178, 4
9179, 7
9180, 7
9181, 7
9182, 9
9183, 4
9184, 4
9185, 4
9186, 4
9187, 5
9188, 8
9189, 7
9190, 6
9191, 7
9192, 4
9193, 4
9194, 8
9195, 4
9196, 6
9197, 3
9198, 6
9199, 4
9200, 9
9201, 6
9202, 9
9203, 5
9204, 9
9205, 6
9206, 9
9207, 4
9208, 5
9209, 7
9210, 5
9211, 3
9212, 5
9213, 3
9214, 7
9215, 9
9216, 5
9217, 9
9218, 8
9219, 9
9220, 4
9221, 4
9222, 5
9223, 4
9224, 4
9225, 5
9226, 6
9227, 10
9228, 6
9229, 4
9230, 6
9231, 7
9232, 8
9233, 6
9234, 7
9235, 4
9236, 13
9237, 4
9238, 5
9239, 8
9240, 4
9241, 3
9242, 3
9243, 3
9244, 6
9245, 8
9246, 5
9247, 4
9248, 5
9249, 1
9250, 5
9251, 8
9252, 6
9253, 3
9254, 6
9255, 4
9256, 7
9257, 9
9258, 10
9259, 6
9260, 5
9261, 6
9262, 4
9263, 4
9264, 4
9265, 5
9266, 6
9267, 5
9268, 8
9269, 2
9270, 6
9271, 8
9272, 3
9273, 7
9274, 7
9275, 8
9276, 3
9277, 6
9278, 3
9279, 3
9280, 6
9281, 7
9282, 9
9283, 7
9284, 5
9285, 4
9286, 7
9287, 3
9288, 5
9289, 4
9290, 8
9291, 8
9292, 9
9293, 4
9294, 3
9295, 3
9296, 6
9297, 5
9298, 8
9299, 8
9300, 6
9301, 4
9302, 5
9303, 3
9304, 3
9305, 4
9306, 8
9307, 4
9308, 8
9309, 7
9310, 6
9311, 3
9312, 8
9313, 3
9314, 7
9315, 5
9316, 8
9317, 5
9318, 9
9319, 4
9320, 5
9321, 8
9322, 9
9323, 5
9324, 6
9325, 7
9326, 7
9327, 8
9328, 8
9329, 8
9330, 6
9331, 6
9332, 11
9333, 8
9334, 12
9335, 4
9336, 11
9337, 4
9338, 2
9339, 5
9340, 8
9341, 3
9342, 4
9343, 8
9344, 7
9345, 5
9346, 4
9347, 6
9348, 8
9349, 5
9350, 13
9351, 3
9352, 6
9353, 3
9354, 5
9355, 3
9356, 4
9357, 8
9358, 6
9359, 6
9360, 8
9361, 6
9362, 12
9363, 5
9364, 11
9365, 5
9366, 7
9367, 4
9368, 6
9369, 8
9370, 5
9371, 9
9372, 5
9373, 6
9374, 5
9375, 8
9376, 5
9377, 5
9378, 6
9379, 4
9380, 6
9381, 7
9382, 6
9383, 8
9384, 6
9385, 5
9386, 5
9387, 8
9388, 5
9389, 4
9390, 14
9391, 7
9392, 5
9393, 11
9394, 11
9395, 7
9396, 3
9397, 5
9398, 4
9399, 4
9400, 9
9401, 5
9402, 9
9403, 4
9404, 4
9405, 8
9406, 5
9407, 6
9408, 5
9409, 8
9410, 12
9411, 5
9412, 10
9413, 7
9414, 5
9415, 4
9416, 4
9417, 4
9418, 9
9419, 8
9420, 11
9421, 6
9422, 8
9423, 5
9424, 11
9425, 5
9426, 5
9427, 5
9428, 7
9429, 6
9430, 7
9431, 7
9432, 8
9433, 8
9434, 2
9435, 8
9436, 5
9437, 7
9438, 5
9439, 8
9440, 10
9441, 6
9442, 10
9443, 3
9444, 7
9445, 3
9446, 3
9447, 8
9448, 10
9449, 2
9450, 10
9451, 2
9452, 7
9453, 5
9454, 9
9455, 9
9456, 9
9457, 5
9458, 9
9459, 5
9460, 10
9461, 3
9462, 11
9463, 6
9464, 5
9465, 4
9466, 6
9467, 4
9468, 7
9469, 5
9470, 10
9471, 2
9472, 7
9473, 7
9474, 3
9475, 5
9476, 4
9477, 6
9478, 4
9479, 5
9480, 6
9481, 6
9482, 4
9483, 9
9484, 8
9485, 5
9486, 8
9487, 6
9488, 3
9489, 5
9490, 6
9491, 5
9492, 6
9493, 4
9494, 6
9495, 4
9496, 7
9497, 7
9498, 8
9499, 6
9500, 8
9501, 9
9502, 1
9503, 5
9504, 7
9505, 6
9506, 6
9507, 4
9508, 8
9509, 7
9510, 10
9511, 3
9512, 8
9513, 4
9514, 6
9515, 5
9516, 3
9517, 4
9518, 5
9519, 7
9520, 10
9521, 6
9522, 5
9523, 3
9524, 11
9525, 6
9526, 5
9527, 11
9528, 4
9529, 4
9530, 7
9531, 5
9532, 5
9533, 6
9534, 10
9535, 2
9536, 8
9537, 6
9538, 8
9539, 7
9540, 4
9541, 7
9542, 9
9543, 7
9544, 2
9545, 3
9546, 7
9547, 6
9548, 4
9549, 5
9550, 8
9551, 3
9552, 6
9553, 6
9554, 9
9555, 3
9556, 4
9557, 6
9558, 4
9559, 5
9560, 4
9561, 4
9562, 4
9563, 6
9564, 13
9565, 4
9566, 3
9567, 7
9568, 2
9569, 3
9570, 9
9571, 7
9572, 5
9573, 5
9574, 2
9575, 6
9576, 4
9577, 6
9578, 5
9579, 9
9580, 5
9581, 4
9582, 5
9583, 6
9584, 3
9585, 4
9586, 3
9587, 3
9588, 4
9589, 6
9590, 7
9591, 4
9592, 4
9593, 7
9594, 4
9595, 6
9596, 4
9597, 2
9598, 6
9599, 8
9600, 6
9601, 8
9602, 5
9603, 8
9604, 9
9605, 9
9606, 4
9607, 8
9608, 5
9609, 13
9610, 3
9611, 5
9612, 5
9613, 3
9614, 6
9615, 3
9616, 2
9617, 9
9618, 5
9619, 8
9620, 7
9621, 9
9622, 7
9623, 4
9624, 6
9625, 6
9626, 7
9627, 3
9628, 7
9629, 6
9630, 5
9631, 3
9632, 8
9633, 5
9634, 6
9635, 8
9636, 2
9637, 7
9638, 5
9639, 5
9640, 5
9641, 6
9642, 10
9643, 5
9644, 5
9645, 5
9646, 6
9647, 6
9648, 2
9649, 13
9650, 7
9651, 7
9652, 4
9653, 7
9654, 4
9655, 4
9656, 4
9657, 5
9658, 6
9659, 7
9660, 4
9661, 8
9662, 2
9663, 8
9664, 6
9665, 7
9666, 6
9667, 7
9668, 5
9669, 11
9670, 5
9671, 5
9672, 3
9673, 7
9674, 2
9675, 7
9676, 9
9677, 8
9678, 2
9679, 2
9680, 5
9681, 2
9682, 5
9683, 3
9684, 8
9685, 8
9686, 3
9687, 5
9688, 6
9689, 5
9690, 5
9691, 8
9692, 5
9693, 11
9694, 4
9695, 9
9696, 11
9697, 6
9698, 7
9699, 5
9700, 4
9701, 10
9702, 4
9703, 5
9704, 5
9705, 9
9706, 4
9707, 11
9708, 5
9709, 6
9710, 6
9711, 5
9712, 6
9713, 3
9714, 5
9715, 7
9716, 4
9717, 6
9718, 4
9719, 4
9720, 7
9721, 6
9722, 9
9723, 7
9724, 6
9725, 12
9726, 6
9727, 9
9728, 7
9729, 4
9730, 5
9731, 7
9732, 2
9733, 3
9734, 3
9735, 2
9736, 4
9737, 7
9738, 5
9739, 4
9740, 4
9741, 7
9742, 5
9743, 6
9744, 5
9745, 5
9746, 4
9747, 6
9748, 7
9749, 7
9750, 5
9751, 7
9752, 5
9753, 6
9754, 9
9755, 5
9756, 6
9757, 3
9758, 6
9759, 5
9760, 2
9761, 6
9762, 7
9763, 5
9764, 3
9765, 6
9766, 6
9767, 5
9768, 6
9769, 4
9770, 6
9771, 7
9772, 7
9773, 3
9774, 5
9775, 5
9776, 6
9777, 5
9778, 6
9779, 5
9780, 5
9781, 5
9782, 5
9783, 11
9784, 6
9785, 8
9786, 9
9787, 8
9788, 4
9789, 7
9790, 5
9791, 8
9792, 4
9793, 6
9794, 7
9795, 3
9796, 5
9797, 8
9798, 5
9799, 7
9800, 5
9801, 3
9802, 3
9803, 7
9804, 7
9805, 7
9806, 5
9807, 5
9808, 4
9809, 6
9810, 6
9811, 7
9812, 4
9813, 6
9814, 5
9815, 4
9816, 3
9817, 5
9818, 5
9819, 6
9820, 6
9821, 9
9822, 6
9823, 7
9824, 4
9825, 6
9826, 7
9827, 8
9828, 8
9829, 4
9830, 9
9831, 7
9832, 4
9833, 8
9834, 7
9835, 6
9836, 2
9837, 8
9838, 7
9839, 4
9840, 5
9841, 7
9842, 7
9843, 2
9844, 4
9845, 6
9846, 7
9847, 3
9848, 5
9849, 6
9850, 6
9851, 10
9852, 5
9853, 5
9854, 8
9855, 7
9856, 9
9857, 5
9858, 4
9859, 4
9860, 6
9861, 6
9862, 6
9863, 6
9864, 4
9865, 6
9866, 7
9867, 5
9868, 6
9869, 8
9870, 5
9871, 8
9872, 4
9873, 3
9874, 7
9875, 7
9876, 11
9877, 2
9878, 12
9879, 8
9880, 4
9881, 6
9882, 9
9883, 2
9884, 6
9885, 6
9886, 9
9887, 7
9888, 5
9889, 8
9890, 8
9891, 7
9892, 4
9893, 3
9894, 6
9895, 3
9896, 7
9897, 4
9898, 6
9899, 4
9900, 4
9901, 3
9902, 7
9903, 4
9904, 7
9905, 3
9906, 7
9907, 3
9908, 7
9909, 4
9910, 7
9911, 5
9912, 8
9913, 5
9914, 4
9915, 6
9916, 7
9917, 5
9918, 4
9919, 8
9920, 4
9921, 6
9922, 4
9923, 7
9924, 8
9925, 6
9926, 3
9927, 6
9928, 4
9929, 12
9930, 4
9931, 7
9932, 4
9933, 7
9934, 8
9935, 6
9936, 1
9937, 10
9938, 4
9939, 6
9940, 7
9941, 10
9942, 2
9943, 10
9944, 4
9945, 5
9946, 2
9947, 7
9948, 2
9949, 5
9950, 7
9951, 13
9952, 3
9953, 7
9954, 6
9955, 4
9956, 6
9957, 4
9958, 4
9959, 6
9960, 3
9961, 5
9962, 4
9963, 7
9964, 4
9965, 5
9966, 6
9967, 2
9968, 6
9969, 4
9970, 5
9971, 6
9972, 3
9973, 9
9974, 7
9975, 7
9976, 5
9977, 7
9978, 8
9979, 11
9980, 5
9981, 6
9982, 4
9983, 11
9984, 10
9985, 7
9986, 8
9987, 5
9988, 4
9989, 3
9990, 5
9991, 6
9992, 8
9993, 11
9994, 5
9995, 3
9996, 8
9997, 10
9998, 6
9999, 4
10000, 6
10001, 4
