1 340 2600 3186 3266 3818 4194 4250 4264 4360 4975 5172 5688 5831 6641 6682 7018 7199 7254 7434 7882 7965 8093 8207 8483 8649 9006 9023
0 0 0 0 0 0 0 0 0 0 0 0 0 0 0 0 0 0 0 0 0 0 0 0 0 0 0 0
0 0 1 0 1 0 1 1 0 1 1 0 1 0 0 0 0 0 0 1 0 1 1 0 0 0 1 1
0 0 1 0 1 0 1 1 0 1 1 0 1 0 0 0 0 0 0 1 0 1 1 0 0 0 1 1
1 1 0 1 0 1 0 0 1 0 0 0 1 0 0 0 0 0 0 1 0 1 1 0 0 0 0 1
1 1 1 0 1 0 1 1 0 1 1 0 1 0 0 0 0 0 0 1 0 1 1 0 0 0 0 1
1 0 0 1 0 1 0 0 1 0 0 1 0 1 1 1 1 1 1 0 1 0 0 1 1 1 0 0
0 0 1 1 0 1 0 0 1 0 0 1 0 1 1 1 1 1 1 0 1 0 0 1 1 1 0 0
0 0 1 0 1 0 1 1 0 1 1 0 1 0 0 0 0 0 0 1 0 1 1 0 0 0 1 1
0 0 1 0 1 0 1 1 0 1 1 0 1 0 0 0 0 0 0 1 0 1 1 0 0 0 0 1
