iter, nrecombs
0, 6
1, 6
2, 5
3, 5
4, 5
5, 5
6, 5
7, 5
8, 5
9, 5
10, 5
11, 5
12, 5
13, 5
14, 5
15, 5
16, 5
17, 5
18, 5
19, 5
20, 5
21, 5
22, 5
23, 5
24, 5
25, 5
26, 5
27, 6
28, 2
29, 1
30, 1
31, 1
32, 1
33, 1
34, 2
35, 3
36, 4
37, 4
38, 4
39, 5
40, 5
41, 5
42, 5
43, 5
44, 4
45, 7
46, 3
47, 3
48, 2
49, 2
50, 2
51, 3
52, 1
53, 3
54, 3
55, 4
56, 1
57, 3
58, 6
59, 6
60, 8
61, 6
62, 5
63, 5
64, 5
65, 2
66, 2
67, 3
68, 3
69, 7
70, 6
71, 6
72, 2
73, 2
74, 6
75, 6
76, 6
77, 4
78, 4
79, 4
80, 4
81, 4
82, 4
83, 4
84, 8
85, 8
86, 3
87, 3
88, 2
89, 7
90, 10
91, 9
92, 9
93, 4
94, 2
95, 2
96, 2
97, 4
98, 4
99, 3
100, 4
101, 3
102, 3
103, 2
104, 2
105, 2
106, 2
107, 2
108, 2
109, 3
110, 3
111, 5
112, 5
113, 5
114, 5
115, 5
116, 5
117, 2
118, 3
119, 3
120, 2
121, 2
122, 2
123, 2
124, 4
125, 4
126, 5
127, 3
128, 3
129, 3
130, 3
131, 3
132, 3
133, 3
134, 3
135, 3
136, 3
137, 4
138, 2
139, 2
140, 4
141, 4
142, 2
143, 3
144, 3
145, 3
146, 4
147, 4
148, 4
149, 2
150, 2
151, 4
152, 4
153, 4
154, 3
155, 3
156, 3
157, 2
158, 3
159, 2
160, 4
161, 4
162, 4
163, 4
164, 4
165, 4
166, 4
167, 4
168, 4
169, 6
170, 6
171, 6
172, 6
173, 8
174, 8
175, 8
176, 6
177, 6
178, 3
179, 3
180, 4
181, 4
182, 4
183, 3
184, 2
185, 4
186, 4
187, 4
188, 4
189, 4
190, 3
191, 3
192, 6
193, 6
194, 7
195, 6
196, 10
197, 10
198, 10
199, 10
200, 10
201, 10
202, 3
203, 4
204, 4
205, 1
206, 4
207, 4
208, 3
209, 3
210, 1
211, 1
212, 1
213, 1
214, 5
215, 5
216, 5
217, 2
218, 2
219, 6
220, 4
221, 6
222, 6
223, 5
224, 5
225, 5
226, 5
227, 5
228, 5
229, 3
230, 3
231, 3
232, 3
233, 3
234, 3
235, 3
236, 5
237, 8
238, 8
239, 8
240, 8
241, 8
242, 4
243, 5
244, 5
245, 4
246, 4
247, 5
248, 5
249, 5
250, 7
251, 7
252, 7
253, 9
254, 6
255, 5
256, 6
257, 6
258, 6
259, 3
260, 3
261, 4
262, 4
263, 4
264, 4
265, 4
266, 4
267, 5
268, 5
269, 5
270, 4
271, 7
272, 7
273, 7
274, 7
275, 8
276, 2
277, 2
278, 2
279, 2
280, 4
281, 4
282, 4
283, 5
284, 5
285, 3
286, 3
287, 5
288, 5
289, 5
290, 2
291, 2
292, 3
293, 3
294, 4
295, 4
296, 4
297, 4
298, 4
299, 3
300, 2
301, 2
302, 2
303, 5
304, 1
305, 4
306, 4
307, 4
308, 2
309, 2
310, 2
311, 2
312, 2
313, 3
314, 4
315, 4
316, 4
317, 3
318, 1
319, 1
320, 4
321, 4
322, 4
323, 4
324, 4
325, 5
326, 6
327, 6
328, 3
329, 3
330, 3
331, 3
332, 4
333, 2
334, 2
335, 2
336, 2
337, 2
338, 2
339, 2
340, 3
341, 3
342, 2
343, 2
344, 2
345, 2
346, 3
347, 3
348, 3
349, 4
350, 4
351, 4
352, 4
353, 3
354, 4
355, 4
356, 3
357, 3
358, 2
359, 5
360, 5
361, 5
362, 5
363, 3
364, 2
365, 2
366, 2
367, 3
368, 3
369, 3
370, 3
371, 3
372, 4
373, 3
374, 4
375, 6
376, 5
377, 3
378, 2
379, 2
380, 6
381, 5
382, 2
383, 3
384, 4
385, 4
386, 4
387, 5
388, 3
389, 3
390, 3
391, 4
392, 3
393, 3
394, 3
395, 5
396, 8
397, 9
398, 6
399, 5
400, 4
401, 4
402, 4
403, 3
404, 6
405, 6
406, 6
407, 6
408, 7
409, 5
410, 5
411, 4
412, 4
413, 3
414, 3
415, 2
416, 6
417, 6
418, 6
419, 6
420, 5
421, 5
422, 3
423, 3
424, 3
425, 3
426, 3
427, 3
428, 3
429, 7
430, 7
431, 7
432, 4
433, 4
434, 4
435, 4
436, 4
437, 4
438, 4
439, 5
440, 5
441, 4
442, 4
443, 3
444, 2
445, 2
446, 3
447, 3
448, 4
449, 4
450, 4
451, 4
452, 4
453, 4
454, 4
455, 4
456, 7
457, 4
458, 2
459, 3
460, 5
461, 5
462, 5
463, 5
464, 2
465, 1
466, 1
467, 2
468, 1
469, 2
470, 2
471, 2
472, 2
473, 2
474, 2
475, 7
476, 8
477, 5
478, 5
479, 4
480, 2
481, 3
482, 4
483, 2
484, 4
485, 6
486, 5
487, 5
488, 5
489, 5
490, 5
491, 6
492, 6
493, 3
494, 3
495, 7
496, 7
497, 4
498, 6
499, 8
500, 8
501, 8
502, 9
503, 6
504, 9
505, 8
506, 8
507, 9
508, 6
509, 7
510, 6
511, 6
512, 8
513, 8
514, 7
515, 7
516, 6
517, 6
518, 2
519, 2
520, 2
521, 2
522, 2
523, 4
524, 4
525, 4
526, 4
527, 4
528, 3
529, 2
530, 2
531, 6
532, 6
533, 6
534, 6
535, 6
536, 6
537, 6
538, 3
539, 3
540, 3
541, 3
542, 3
543, 3
544, 4
545, 6
546, 2
547, 4
548, 5
549, 5
550, 6
551, 5
552, 7
553, 8
554, 8
555, 8
556, 1
557, 1
558, 1
559, 1
560, 1
561, 4
562, 4
563, 4
564, 3
565, 3
566, 3
567, 3
568, 6
569, 2
570, 4
571, 6
572, 6
573, 2
574, 2
575, 3
576, 4
577, 4
578, 4
579, 3
580, 3
581, 2
582, 2
583, 2
584, 2
585, 2
586, 6
587, 6
588, 6
589, 6
590, 3
591, 4
592, 3
593, 5
594, 3
595, 3
596, 3
597, 7
598, 7
599, 4
600, 4
601, 4
602, 4
603, 5
604, 5
605, 5
606, 5
607, 3
608, 4
609, 5
610, 6
611, 4
612, 4
613, 3
614, 3
615, 3
616, 3
617, 3
618, 3
619, 5
620, 5
621, 6
622, 7
623, 7
624, 8
625, 8
626, 8
627, 7
628, 4
629, 4
630, 4
631, 4
632, 3
633, 2
634, 3
635, 3
636, 3
637, 3
638, 5
639, 5
640, 7
641, 5
642, 5
643, 4
644, 4
645, 4
646, 2
647, 2
648, 1
649, 3
650, 3
651, 3
652, 3
653, 3
654, 4
655, 6
656, 6
657, 5
658, 5
659, 4
660, 4
661, 4
662, 4
663, 3
664, 3
665, 3
666, 3
667, 2
668, 2
669, 2
670, 2
671, 2
672, 3
673, 2
674, 2
675, 2
676, 3
677, 3
678, 3
679, 3
680, 3
681, 4
682, 5
683, 6
684, 5
685, 4
686, 4
687, 4
688, 4
689, 4
690, 4
691, 4
692, 4
693, 2
694, 2
695, 2
696, 2
697, 3
698, 3
699, 3
700, 3
701, 3
702, 3
703, 3
704, 3
705, 4
706, 4
707, 6
708, 6
709, 6
710, 6
711, 6
712, 6
713, 4
714, 2
715, 5
716, 3
717, 6
718, 5
719, 5
720, 5
721, 6
722, 6
723, 3
724, 5
725, 5
726, 7
727, 8
728, 6
729, 6
730, 6
731, 6
732, 6
733, 5
734, 5
735, 4
736, 4
737, 4
738, 2
739, 4
740, 4
741, 3
742, 3
743, 5
744, 5
745, 7
746, 7
747, 7
748, 7
749, 7
750, 4
751, 4
752, 6
753, 5
754, 7
755, 7
756, 4
757, 4
758, 4
759, 4
760, 4
761, 4
762, 4
763, 4
764, 4
765, 4
766, 4
767, 3
768, 4
769, 4
770, 5
771, 1
772, 3
773, 3
774, 3
775, 6
776, 6
777, 6
778, 6
779, 6
780, 5
781, 3
782, 3
783, 3
784, 5
785, 4
786, 4
787, 4
788, 5
789, 5
790, 5
791, 5
792, 4
793, 5
794, 2
795, 6
796, 6
797, 6
798, 3
799, 5
800, 5
801, 4
802, 4
803, 6
804, 7
805, 7
806, 7
807, 5
808, 5
809, 5
810, 5
811, 2
812, 2
813, 1
814, 1
815, 1
816, 2
817, 4
818, 4
819, 4
820, 4
821, 4
822, 5
823, 3
824, 3
825, 3
826, 3
827, 2
828, 4
829, 4
830, 3
831, 4
832, 5
833, 5
834, 3
835, 3
836, 1
837, 2
838, 4
839, 4
840, 6
841, 6
842, 4
843, 4
844, 4
845, 4
846, 4
847, 4
848, 3
849, 5
850, 5
851, 5
852, 5
853, 4
854, 5
855, 3
856, 2
857, 4
858, 4
859, 3
860, 4
861, 4
862, 4
863, 3
864, 5
865, 5
866, 5
867, 6
868, 6
869, 8
870, 8
871, 8
872, 6
873, 6
874, 6
875, 6
876, 6
877, 6
878, 6
879, 6
880, 6
881, 6
882, 6
883, 6
884, 6
885, 6
886, 7
887, 3
888, 7
889, 7
890, 3
891, 4
892, 4
893, 7
894, 4
895, 4
896, 4
897, 5
898, 3
899, 3
900, 6
901, 5
902, 5
903, 5
904, 5
905, 5
906, 6
907, 5
908, 5
909, 4
910, 3
911, 5
912, 5
913, 5
914, 5
915, 5
916, 5
917, 5
918, 5
919, 3
920, 3
921, 5
922, 5
923, 4
924, 4
925, 3
926, 3
927, 2
928, 2
929, 2
930, 3
931, 4
932, 4
933, 4
934, 4
935, 6
936, 6
937, 5
938, 5
939, 4
940, 4
941, 3
942, 3
943, 4
944, 4
945, 6
946, 9
947, 2
948, 2
949, 5
950, 5
951, 4
952, 3
953, 1
954, 1
955, 3
956, 4
957, 4
958, 2
959, 3
960, 2
961, 2
962, 4
963, 4
964, 2
965, 5
966, 5
967, 7
968, 7
969, 9
970, 9
971, 9
972, 7
973, 7
974, 7
975, 7
976, 7
977, 7
978, 7
979, 6
980, 6
981, 6
982, 5
983, 3
984, 4
985, 4
986, 4
987, 4
988, 4
989, 5
990, 5
991, 4
992, 1
993, 1
994, 1
995, 3
996, 3
997, 3
998, 3
999, 1
1000, 1
1001, 1
1002, 2
1003, 2
1004, 2
1005, 2
1006, 2
1007, 2
1008, 2
1009, 4
1010, 4
1011, 3
1012, 3
1013, 4
1014, 4
1015, 5
1016, 5
1017, 5
1018, 5
1019, 4
1020, 4
1021, 4
1022, 3
1023, 3
1024, 3
1025, 4
1026, 4
1027, 10
1028, 10
1029, 10
1030, 4
1031, 5
1032, 4
1033, 4
1034, 3
1035, 3
1036, 3
1037, 3
1038, 5
1039, 5
1040, 5
1041, 4
1042, 4
1043, 2
1044, 2
1045, 2
1046, 2
1047, 3
1048, 3
1049, 3
1050, 4
1051, 4
1052, 4
1053, 2
1054, 2
1055, 2
1056, 3
1057, 3
1058, 2
1059, 2
1060, 5
1061, 7
1062, 7
1063, 4
1064, 4
1065, 4
1066, 4
1067, 4
1068, 5
1069, 7
1070, 7
1071, 7
1072, 7
1073, 4
1074, 4
1075, 4
1076, 4
1077, 5
1078, 5
1079, 3
1080, 3
1081, 2
1082, 2
1083, 2
1084, 4
1085, 4
1086, 4
1087, 4
1088, 4
1089, 4
1090, 4
1091, 4
1092, 4
1093, 4
1094, 4
1095, 4
1096, 5
1097, 4
1098, 4
1099, 4
1100, 2
1101, 3
1102, 4
1103, 1
1104, 1
1105, 1
1106, 1
1107, 2
1108, 2
1109, 2
1110, 2
1111, 3
1112, 1
1113, 1
1114, 3
1115, 3
1116, 3
1117, 4
1118, 4
1119, 7
1120, 5
1121, 5
1122, 5
1123, 5
1124, 5
1125, 5
1126, 2
1127, 4
1128, 3
1129, 4
1130, 4
1131, 3
1132, 5
1133, 5
1134, 3
1135, 4
1136, 4
1137, 4
1138, 4
1139, 4
1140, 4
1141, 5
1142, 2
1143, 2
1144, 1
1145, 2
1146, 5
1147, 5
1148, 5
1149, 2
1150, 2
1151, 2
1152, 2
1153, 2
1154, 3
1155, 3
1156, 5
1157, 5
1158, 4
1159, 2
1160, 2
1161, 2
1162, 4
1163, 2
1164, 5
1165, 5
1166, 5
1167, 2
1168, 3
1169, 4
1170, 3
1171, 5
1172, 3
1173, 3
1174, 2
1175, 2
1176, 2
1177, 1
1178, 2
1179, 1
1180, 1
1181, 5
1182, 4
1183, 3
1184, 3
1185, 4
1186, 4
1187, 4
1188, 2
1189, 2
1190, 2
1191, 2
1192, 6
1193, 6
1194, 4
1195, 4
1196, 4
1197, 4
1198, 4
1199, 5
1200, 5
1201, 4
1202, 4
1203, 4
1204, 3
1205, 3
1206, 3
1207, 4
1208, 4
1209, 3
1210, 4
1211, 2
1212, 2
1213, 2
1214, 2
1215, 2
1216, 2
1217, 2
1218, 2
1219, 2
1220, 3
1221, 2
1222, 2
1223, 3
1224, 8
1225, 3
1226, 3
1227, 3
1228, 6
1229, 3
1230, 3
1231, 3
1232, 3
1233, 4
1234, 5
1235, 5
1236, 5
1237, 6
1238, 7
1239, 7
1240, 7
1241, 9
1242, 8
1243, 8
1244, 8
1245, 8
1246, 8
1247, 2
1248, 2
1249, 1
1250, 1
1251, 2
1252, 2
1253, 7
1254, 4
1255, 2
1256, 3
1257, 3
1258, 3
1259, 3
1260, 3
1261, 4
1262, 3
1263, 4
1264, 3
1265, 3
1266, 3
1267, 4
1268, 5
1269, 5
1270, 5
1271, 5
1272, 5
1273, 5
1274, 5
1275, 5
1276, 5
1277, 5
1278, 5
1279, 4
1280, 4
1281, 3
1282, 4
1283, 4
1284, 4
1285, 5
1286, 4
1287, 4
1288, 2
1289, 2
1290, 2
1291, 2
1292, 1
1293, 1
1294, 1
1295, 7
1296, 7
1297, 2
1298, 2
1299, 5
1300, 5
1301, 5
1302, 3
1303, 3
1304, 5
1305, 5
1306, 3
1307, 3
1308, 3
1309, 2
1310, 2
1311, 3
1312, 3
1313, 3
1314, 4
1315, 5
1316, 5
1317, 5
1318, 2
1319, 2
1320, 2
1321, 7
1322, 7
1323, 5
1324, 5
1325, 5
1326, 6
1327, 6
1328, 6
1329, 5
1330, 3
1331, 4
1332, 4
1333, 2
1334, 2
1335, 5
1336, 3
1337, 3
1338, 2
1339, 2
1340, 3
1341, 3
1342, 4
1343, 4
1344, 3
1345, 3
1346, 4
1347, 2
1348, 3
1349, 3
1350, 3
1351, 6
1352, 6
1353, 6
1354, 6
1355, 4
1356, 6
1357, 4
1358, 4
1359, 4
1360, 4
1361, 4
1362, 5
1363, 5
1364, 5
1365, 6
1366, 3
1367, 2
1368, 3
1369, 4
1370, 5
1371, 7
1372, 5
1373, 5
1374, 2
1375, 5
1376, 2
1377, 2
1378, 3
1379, 3
1380, 3
1381, 4
1382, 4
1383, 4
1384, 4
1385, 10
1386, 10
1387, 10
1388, 4
1389, 2
1390, 2
1391, 3
1392, 3
1393, 2
1394, 4
1395, 4
1396, 4
1397, 4
1398, 3
1399, 2
1400, 2
1401, 2
1402, 2
1403, 5
1404, 4
1405, 4
1406, 3
1407, 3
1408, 4
1409, 3
1410, 3
1411, 4
1412, 3
1413, 3
1414, 3
1415, 3
1416, 3
1417, 4
1418, 2
1419, 3
1420, 4
1421, 3
1422, 4
1423, 5
1424, 5
1425, 5
1426, 6
1427, 6
1428, 2
1429, 2
1430, 2
1431, 2
1432, 2
1433, 3
1434, 4
1435, 2
1436, 2
1437, 3
1438, 3
1439, 3
1440, 5
1441, 5
1442, 3
1443, 3
1444, 4
1445, 3
1446, 4
1447, 6
1448, 4
1449, 3
1450, 2
1451, 4
1452, 4
1453, 3
1454, 3
1455, 4
1456, 4
1457, 5
1458, 6
1459, 7
1460, 7
1461, 8
1462, 3
1463, 3
1464, 7
1465, 5
1466, 4
1467, 3
1468, 5
1469, 3
1470, 3
1471, 3
1472, 1
1473, 2
1474, 3
1475, 2
1476, 2
1477, 6
1478, 3
1479, 3
1480, 3
1481, 3
1482, 5
1483, 5
1484, 10
1485, 10
1486, 5
1487, 5
1488, 5
1489, 4
1490, 4
1491, 1
1492, 7
1493, 6
1494, 6
1495, 6
1496, 4
1497, 4
1498, 5
1499, 5
1500, 3
1501, 4
1502, 4
1503, 5
1504, 5
1505, 5
1506, 6
1507, 6
1508, 6
1509, 3
1510, 3
1511, 3
1512, 5
1513, 6
1514, 6
1515, 4
1516, 3
1517, 4
1518, 4
1519, 3
1520, 3
1521, 3
1522, 5
1523, 5
1524, 5
1525, 5
1526, 5
1527, 6
1528, 6
1529, 4
1530, 4
1531, 4
1532, 5
1533, 4
1534, 2
1535, 2
1536, 1
1537, 2
1538, 4
1539, 3
1540, 3
1541, 3
1542, 4
1543, 4
1544, 4
1545, 4
1546, 4
1547, 3
1548, 3
1549, 5
1550, 5
1551, 5
1552, 5
1553, 5
1554, 5
1555, 5
1556, 5
1557, 4
1558, 4
1559, 2
1560, 2
1561, 5
1562, 2
1563, 4
1564, 5
1565, 5
1566, 5
1567, 5
1568, 7
1569, 7
1570, 5
1571, 5
1572, 5
1573, 5
1574, 5
1575, 5
1576, 5
1577, 5
1578, 5
1579, 5
1580, 6
1581, 6
1582, 6
1583, 6
1584, 6
1585, 6
1586, 6
1587, 5
1588, 5
1589, 5
1590, 4
1591, 6
1592, 2
1593, 6
1594, 4
1595, 4
1596, 4
1597, 3
1598, 3
1599, 3
1600, 3
1601, 4
1602, 4
1603, 3
1604, 2
1605, 2
1606, 3
1607, 3
1608, 4
1609, 5
1610, 5
1611, 3
1612, 4
1613, 3
1614, 3
1615, 4
1616, 4
1617, 4
1618, 4
1619, 4
1620, 7
1621, 7
1622, 6
1623, 6
1624, 3
1625, 4
1626, 3
1627, 3
1628, 2
1629, 2
1630, 2
1631, 6
1632, 6
1633, 6
1634, 6
1635, 6
1636, 6
1637, 3
1638, 4
1639, 4
1640, 3
1641, 3
1642, 5
1643, 5
1644, 5
1645, 5
1646, 5
1647, 5
1648, 5
1649, 5
1650, 2
1651, 3
1652, 3
1653, 4
1654, 4
1655, 4
1656, 4
1657, 3
1658, 5
1659, 7
1660, 7
1661, 7
1662, 7
1663, 7
1664, 9
1665, 9
1666, 6
1667, 6
1668, 8
1669, 7
1670, 7
1671, 7
1672, 2
1673, 3
1674, 7
1675, 5
1676, 5
1677, 6
1678, 7
1679, 8
1680, 5
1681, 4
1682, 4
1683, 4
1684, 4
1685, 5
1686, 3
1687, 3
1688, 3
1689, 3
1690, 3
1691, 3
1692, 3
1693, 3
1694, 3
1695, 3
1696, 3
1697, 3
1698, 3
1699, 3
1700, 3
1701, 4
1702, 3
1703, 3
1704, 5
1705, 6
1706, 6
1707, 6
1708, 7
1709, 7
1710, 6
1711, 6
1712, 4
1713, 4
1714, 3
1715, 4
1716, 5
1717, 6
1718, 7
1719, 3
1720, 3
1721, 6
1722, 7
1723, 7
1724, 7
1725, 3
1726, 6
1727, 6
1728, 6
1729, 6
1730, 5
1731, 6
1732, 6
1733, 6
1734, 7
1735, 6
1736, 4
1737, 3
1738, 3
1739, 3
1740, 5
1741, 2
1742, 2
1743, 3
1744, 4
1745, 4
1746, 3
1747, 2
1748, 2
1749, 3
1750, 3
1751, 3
1752, 2
1753, 2
1754, 6
1755, 3
1756, 3
1757, 3
1758, 3
1759, 3
1760, 3
1761, 4
1762, 4
1763, 3
1764, 3
1765, 3
1766, 3
1767, 3
1768, 3
1769, 2
1770, 2
1771, 2
1772, 2
1773, 2
1774, 2
1775, 3
1776, 5
1777, 6
1778, 6
1779, 6
1780, 3
1781, 5
1782, 5
1783, 5
1784, 5
1785, 3
1786, 3
1787, 3
1788, 3
1789, 3
1790, 3
1791, 3
1792, 3
1793, 3
1794, 3
1795, 3
1796, 3
1797, 3
1798, 3
1799, 3
1800, 4
1801, 8
1802, 8
1803, 8
1804, 3
1805, 3
1806, 3
1807, 3
1808, 4
1809, 5
1810, 5
1811, 2
1812, 3
1813, 3
1814, 3
1815, 3
1816, 1
1817, 3
1818, 3
1819, 3
1820, 3
1821, 3
1822, 3
1823, 3
1824, 2
1825, 5
1826, 5
1827, 6
1828, 4
1829, 4
1830, 4
1831, 5
1832, 5
1833, 5
1834, 3
1835, 1
1836, 1
1837, 2
1838, 3
1839, 3
1840, 2
1841, 2
1842, 5
1843, 3
1844, 3
1845, 3
1846, 2
1847, 2
1848, 3
1849, 4
1850, 4
1851, 6
1852, 4
1853, 4
1854, 4
1855, 5
1856, 5
1857, 4
1858, 4
1859, 5
1860, 4
1861, 3
1862, 2
1863, 2
1864, 2
1865, 2
1866, 2
1867, 4
1868, 3
1869, 3
1870, 3
1871, 3
1872, 3
1873, 6
1874, 4
1875, 8
1876, 8
1877, 8
1878, 8
1879, 8
1880, 8
1881, 4
1882, 4
1883, 3
1884, 2
1885, 2
1886, 2
1887, 3
1888, 7
1889, 4
1890, 2
1891, 3
1892, 3
1893, 3
1894, 3
1895, 2
1896, 2
1897, 2
1898, 3
1899, 3
1900, 4
1901, 4
1902, 3
1903, 4
1904, 4
1905, 4
1906, 3
1907, 2
1908, 2
1909, 2
1910, 3
1911, 3
1912, 3
1913, 3
1914, 5
1915, 5
1916, 3
1917, 3
1918, 3
1919, 3
1920, 3
1921, 4
1922, 4
1923, 2
1924, 4
1925, 4
1926, 3
1927, 3
1928, 5
1929, 5
1930, 2
1931, 2
1932, 2
1933, 4
1934, 3
1935, 3
1936, 3
1937, 3
1938, 2
1939, 2
1940, 2
1941, 6
1942, 4
1943, 3
1944, 4
1945, 4
1946, 4
1947, 4
1948, 4
1949, 4
1950, 1
1951, 2
1952, 2
1953, 3
1954, 3
1955, 5
1956, 5
1957, 6
1958, 6
1959, 6
1960, 5
1961, 8
1962, 8
1963, 8
1964, 8
1965, 8
1966, 4
1967, 6
1968, 6
1969, 6
1970, 7
1971, 7
1972, 5
1973, 5
1974, 5
1975, 2
1976, 7
1977, 7
1978, 7
1979, 5
1980, 5
1981, 4
1982, 6
1983, 6
1984, 6
1985, 5
1986, 5
1987, 5
1988, 3
1989, 1
1990, 3
1991, 3
1992, 3
1993, 2
1994, 2
1995, 2
1996, 2
1997, 2
1998, 2
1999, 6
2000, 6
2001, 6
2002, 3
2003, 6
2004, 6
2005, 2
2006, 3
2007, 5
2008, 2
2009, 2
2010, 7
2011, 5
2012, 5
2013, 5
2014, 3
2015, 3
2016, 4
2017, 3
2018, 1
2019, 1
2020, 4
2021, 3
2022, 3
2023, 4
2024, 6
2025, 7
2026, 7
2027, 7
2028, 7
2029, 7
2030, 3
2031, 3
2032, 3
2033, 4
2034, 4
2035, 4
2036, 3
2037, 7
2038, 2
2039, 6
2040, 6
2041, 3
2042, 3
2043, 2
2044, 2
2045, 2
2046, 2
2047, 4
2048, 3
2049, 3
2050, 8
2051, 3
2052, 4
2053, 4
2054, 5
2055, 5
2056, 4
2057, 5
2058, 5
2059, 2
2060, 2
2061, 2
2062, 4
2063, 4
2064, 4
2065, 4
2066, 4
2067, 4
2068, 4
2069, 4
2070, 5
2071, 6
2072, 4
2073, 4
2074, 3
2075, 3
2076, 5
2077, 6
2078, 6
2079, 6
2080, 4
2081, 5
2082, 5
2083, 6
2084, 6
2085, 4
2086, 7
2087, 7
2088, 6
2089, 4
2090, 4
2091, 3
2092, 3
2093, 3
2094, 2
2095, 2
2096, 3
2097, 3
2098, 3
2099, 3
2100, 3
2101, 4
2102, 4
2103, 4
2104, 4
2105, 4
2106, 4
2107, 4
2108, 4
2109, 4
2110, 3
2111, 3
2112, 1
2113, 1
2114, 4
2115, 3
2116, 3
2117, 3
2118, 5
2119, 7
2120, 7
2121, 7
2122, 7
2123, 8
2124, 4
2125, 4
2126, 5
2127, 5
2128, 3
2129, 3
2130, 3
2131, 3
2132, 3
2133, 7
2134, 12
2135, 11
2136, 9
2137, 7
2138, 4
2139, 3
2140, 3
2141, 3
2142, 3
2143, 7
2144, 6
2145, 5
2146, 5
2147, 5
2148, 5
2149, 3
2150, 3
2151, 4
2152, 2
2153, 2
2154, 2
2155, 5
2156, 5
2157, 3
2158, 6
2159, 2
2160, 2
2161, 2
2162, 3
2163, 3
2164, 3
2165, 2
2166, 4
2167, 4
2168, 4
2169, 4
2170, 3
2171, 3
2172, 6
2173, 6
2174, 6
2175, 5
2176, 4
2177, 4
2178, 2
2179, 4
2180, 4
2181, 4
2182, 7
2183, 7
2184, 5
2185, 5
2186, 4
2187, 4
2188, 4
2189, 3
2190, 6
2191, 6
2192, 6
2193, 7
2194, 11
2195, 3
2196, 3
2197, 3
2198, 3
2199, 3
2200, 3
2201, 3
2202, 5
2203, 5
2204, 5
2205, 5
2206, 5
2207, 5
2208, 5
2209, 5
2210, 5
2211, 5
2212, 3
2213, 4
2214, 6
2215, 6
2216, 5
2217, 7
2218, 7
2219, 5
2220, 4
2221, 6
2222, 2
2223, 2
2224, 1
2225, 5
2226, 4
2227, 4
2228, 4
2229, 4
2230, 7
2231, 3
2232, 3
2233, 3
2234, 3
2235, 4
2236, 5
2237, 5
2238, 4
2239, 4
2240, 7
2241, 3
2242, 3
2243, 5
2244, 8
2245, 8
2246, 8
2247, 6
2248, 8
2249, 8
2250, 6
2251, 4
2252, 6
2253, 7
2254, 8
2255, 6
2256, 7
2257, 5
2258, 6
2259, 5
2260, 3
2261, 3
2262, 6
2263, 6
2264, 5
2265, 3
2266, 8
2267, 5
2268, 5
2269, 5
2270, 5
2271, 3
2272, 4
2273, 5
2274, 6
2275, 5
2276, 5
2277, 3
2278, 2
2279, 2
2280, 2
2281, 5
2282, 2
2283, 3
2284, 6
2285, 6
2286, 6
2287, 3
2288, 5
2289, 4
2290, 1
2291, 1
2292, 3
2293, 3
2294, 3
2295, 3
2296, 3
2297, 2
2298, 2
2299, 2
2300, 2
2301, 3
2302, 2
2303, 6
2304, 8
2305, 3
2306, 4
2307, 5
2308, 7
2309, 7
2310, 8
2311, 8
2312, 4
2313, 3
2314, 3
2315, 4
2316, 5
2317, 3
2318, 7
2319, 7
2320, 7
2321, 7
2322, 7
2323, 4
2324, 4
2325, 4
2326, 3
2327, 3
2328, 4
2329, 4
2330, 8
2331, 4
2332, 9
2333, 7
2334, 7
2335, 7
2336, 7
2337, 7
2338, 6
2339, 4
2340, 3
2341, 4
2342, 3
2343, 4
2344, 3
2345, 3
2346, 2
2347, 2
2348, 2
2349, 2
2350, 3
2351, 3
2352, 4
2353, 4
2354, 3
2355, 3
2356, 6
2357, 6
2358, 4
2359, 3
2360, 3
2361, 3
2362, 6
2363, 2
2364, 2
2365, 2
2366, 2
2367, 2
2368, 2
2369, 2
2370, 2
2371, 2
2372, 2
2373, 2
2374, 3
2375, 3
2376, 2
2377, 3
2378, 3
2379, 3
2380, 4
2381, 2
2382, 2
2383, 2
2384, 2
2385, 2
2386, 2
2387, 3
2388, 3
2389, 3
2390, 3
2391, 3
2392, 3
2393, 3
2394, 2
2395, 2
2396, 2
2397, 2
2398, 5
2399, 1
2400, 3
2401, 1
2402, 2
2403, 2
2404, 2
2405, 2
2406, 2
2407, 2
2408, 5
2409, 5
2410, 6
2411, 6
2412, 3
2413, 3
2414, 1
2415, 3
2416, 3
2417, 2
2418, 3
2419, 4
2420, 4
2421, 3
2422, 3
2423, 3
2424, 3
2425, 3
2426, 2
2427, 4
2428, 4
2429, 4
2430, 3
2431, 2
2432, 2
2433, 2
2434, 2
2435, 2
2436, 2
2437, 4
2438, 4
2439, 4
2440, 3
2441, 4
2442, 3
2443, 4
2444, 4
2445, 3
2446, 3
2447, 6
2448, 4
2449, 4
2450, 4
2451, 4
2452, 5
2453, 5
2454, 4
2455, 3
2456, 3
2457, 7
2458, 4
2459, 8
2460, 4
2461, 4
2462, 6
2463, 6
2464, 5
2465, 3
2466, 3
2467, 3
2468, 3
2469, 2
2470, 4
2471, 6
2472, 6
2473, 6
2474, 6
2475, 6
2476, 6
2477, 6
2478, 6
2479, 6
2480, 6
2481, 4
2482, 4
2483, 6
2484, 4
2485, 4
2486, 4
2487, 4
2488, 2
2489, 2
2490, 5
2491, 7
2492, 7
2493, 7
2494, 6
2495, 6
2496, 6
2497, 7
2498, 7
2499, 7
2500, 4
2501, 4
2502, 4
2503, 4
2504, 4
2505, 3
2506, 4
2507, 6
2508, 5
2509, 5
2510, 5
2511, 5
2512, 2
2513, 2
2514, 2
2515, 2
2516, 5
2517, 2
2518, 2
2519, 2
2520, 2
2521, 3
2522, 3
2523, 3
2524, 2
2525, 3
2526, 3
2527, 4
2528, 4
2529, 5
2530, 4
2531, 1
2532, 1
2533, 2
2534, 3
2535, 3
2536, 2
2537, 2
2538, 3
2539, 3
2540, 5
2541, 5
2542, 5
2543, 6
2544, 4
2545, 5
2546, 5
2547, 6
2548, 6
2549, 6
2550, 6
2551, 4
2552, 4
2553, 5
2554, 5
2555, 2
2556, 2
2557, 2
2558, 2
2559, 3
2560, 3
2561, 3
2562, 3
2563, 3
2564, 2
2565, 4
2566, 4
2567, 4
2568, 4
2569, 4
2570, 4
2571, 4
2572, 5
2573, 5
2574, 5
2575, 4
2576, 4
2577, 5
2578, 6
2579, 6
2580, 4
2581, 4
2582, 4
2583, 4
2584, 4
2585, 5
2586, 5
2587, 3
2588, 3
2589, 3
2590, 6
2591, 3
2592, 3
2593, 4
2594, 3
2595, 7
2596, 7
2597, 7
2598, 4
2599, 4
2600, 5
2601, 3
2602, 3
2603, 3
2604, 1
2605, 1
2606, 1
2607, 3
2608, 3
2609, 2
2610, 2
2611, 2
2612, 2
2613, 2
2614, 3
2615, 4
2616, 3
2617, 1
2618, 1
2619, 3
2620, 3
2621, 3
2622, 3
2623, 3
2624, 3
2625, 5
2626, 7
2627, 7
2628, 7
2629, 7
2630, 4
2631, 7
2632, 5
2633, 5
2634, 2
2635, 2
2636, 3
2637, 3
2638, 2
2639, 2
2640, 3
2641, 2
2642, 5
2643, 5
2644, 5
2645, 3
2646, 2
2647, 3
2648, 3
2649, 3
2650, 5
2651, 5
2652, 5
2653, 5
2654, 3
2655, 4
2656, 4
2657, 5
2658, 3
2659, 4
2660, 4
2661, 4
2662, 4
2663, 4
2664, 5
2665, 5
2666, 5
2667, 5
2668, 5
2669, 3
2670, 3
2671, 3
2672, 3
2673, 3
2674, 3
2675, 3
2676, 3
2677, 3
2678, 4
2679, 6
2680, 6
2681, 4
2682, 4
2683, 4
2684, 4
2685, 3
2686, 4
2687, 6
2688, 2
2689, 4
2690, 3
2691, 4
2692, 2
2693, 2
2694, 2
2695, 2
2696, 2
2697, 2
2698, 2
2699, 2
2700, 4
2701, 4
2702, 3
2703, 3
2704, 1
2705, 1
2706, 1
2707, 1
2708, 3
2709, 4
2710, 5
2711, 5
2712, 5
2713, 6
2714, 6
2715, 8
2716, 3
2717, 3
2718, 3
2719, 2
2720, 2
2721, 2
2722, 3
2723, 3
2724, 4
2725, 4
2726, 4
2727, 4
2728, 4
2729, 5
2730, 5
2731, 5
2732, 4
2733, 5
2734, 3
2735, 3
2736, 4
2737, 4
2738, 4
2739, 3
2740, 3
2741, 3
2742, 3
2743, 3
2744, 3
2745, 3
2746, 3
2747, 3
2748, 3
2749, 3
2750, 3
2751, 3
2752, 5
2753, 4
2754, 4
2755, 4
2756, 2
2757, 3
2758, 3
2759, 3
2760, 5
2761, 5
2762, 5
2763, 5
2764, 5
2765, 6
2766, 5
2767, 5
2768, 5
2769, 5
2770, 3
2771, 3
2772, 3
2773, 3
2774, 3
2775, 3
2776, 3
2777, 3
2778, 4
2779, 4
2780, 4
2781, 3
2782, 3
2783, 3
2784, 8
2785, 6
2786, 6
2787, 6
2788, 5
2789, 4
2790, 4
2791, 6
2792, 6
2793, 6
2794, 6
2795, 2
2796, 1
2797, 1
2798, 1
2799, 6
2800, 4
2801, 4
2802, 4
2803, 3
2804, 3
2805, 8
2806, 6
2807, 6
2808, 5
2809, 5
2810, 5
2811, 5
2812, 5
2813, 7
2814, 7
2815, 7
2816, 7
2817, 6
2818, 6
2819, 7
2820, 4
2821, 5
2822, 5
2823, 5
2824, 5
2825, 5
2826, 3
2827, 4
2828, 4
2829, 6
2830, 3
2831, 3
2832, 3
2833, 2
2834, 2
2835, 2
2836, 3
2837, 3
2838, 3
2839, 3
2840, 5
2841, 3
2842, 4
2843, 3
2844, 4
2845, 4
2846, 4
2847, 4
2848, 4
2849, 4
2850, 4
2851, 4
2852, 3
2853, 3
2854, 3
2855, 3
2856, 5
2857, 5
2858, 7
2859, 6
2860, 6
2861, 7
2862, 8
2863, 8
2864, 8
2865, 8
2866, 5
2867, 6
2868, 6
2869, 6
2870, 5
2871, 5
2872, 3
2873, 3
2874, 3
2875, 3
2876, 4
2877, 4
2878, 5
2879, 3
2880, 3
2881, 3
2882, 3
2883, 4
2884, 3
2885, 5
2886, 3
2887, 5
2888, 4
2889, 3
2890, 4
2891, 3
2892, 8
2893, 8
2894, 8
2895, 3
2896, 3
2897, 3
2898, 3
2899, 3
2900, 4
2901, 4
2902, 4
2903, 4
2904, 3
2905, 3
2906, 3
2907, 4
2908, 3
2909, 2
2910, 2
2911, 4
2912, 6
2913, 6
2914, 4
2915, 4
2916, 4
2917, 3
2918, 4
2919, 4
2920, 4
2921, 1
2922, 1
2923, 1
2924, 1
2925, 1
2926, 2
2927, 4
2928, 3
2929, 3
2930, 3
2931, 1
2932, 1
2933, 1
2934, 1
2935, 4
2936, 4
2937, 3
2938, 3
2939, 3
2940, 3
2941, 3
2942, 5
2943, 4
2944, 4
2945, 4
2946, 2
2947, 2
2948, 2
2949, 5
2950, 4
2951, 4
2952, 4
2953, 4
2954, 4
2955, 4
2956, 3
2957, 3
2958, 4
2959, 4
2960, 4
2961, 2
2962, 2
2963, 2
2964, 3
2965, 2
2966, 2
2967, 2
2968, 2
2969, 2
2970, 4
2971, 3
2972, 3
2973, 4
2974, 6
2975, 7
2976, 7
2977, 7
2978, 4
2979, 3
2980, 3
2981, 3
2982, 3
2983, 3
2984, 3
2985, 3
2986, 4
2987, 4
2988, 4
2989, 4
2990, 4
2991, 3
2992, 4
2993, 4
2994, 6
2995, 3
2996, 3
2997, 3
2998, 3
2999, 3
3000, 3
3001, 3
3002, 2
3003, 4
3004, 4
3005, 4
3006, 2
3007, 2
3008, 4
3009, 4
3010, 4
3011, 3
3012, 2
3013, 2
3014, 2
3015, 3
3016, 3
3017, 3
3018, 2
3019, 5
3020, 5
3021, 7
3022, 4
3023, 4
3024, 5
3025, 4
3026, 4
3027, 4
3028, 7
3029, 4
3030, 4
3031, 3
3032, 3
3033, 2
3034, 3
3035, 3
3036, 3
3037, 3
3038, 3
3039, 3
3040, 3
3041, 3
3042, 2
3043, 2
3044, 2
3045, 3
3046, 3
3047, 3
3048, 6
3049, 5
3050, 2
3051, 1
3052, 1
3053, 2
3054, 2
3055, 2
3056, 3
3057, 1
3058, 3
3059, 3
3060, 2
3061, 4
3062, 3
3063, 4
3064, 4
3065, 4
3066, 4
3067, 4
3068, 7
3069, 3
3070, 3
3071, 3
3072, 2
3073, 2
3074, 2
3075, 3
3076, 1
3077, 3
3078, 3
3079, 8
3080, 5
3081, 5
3082, 5
3083, 5
3084, 3
3085, 2
3086, 2
3087, 2
3088, 2
3089, 2
3090, 2
3091, 2
3092, 2
3093, 2
3094, 2
3095, 2
3096, 2
3097, 3
3098, 7
3099, 7
3100, 7
3101, 4
3102, 5
3103, 5
3104, 4
3105, 2
3106, 2
3107, 3
3108, 3
3109, 3
3110, 2
3111, 2
3112, 3
3113, 2
3114, 2
3115, 4
3116, 4
3117, 2
3118, 2
3119, 2
3120, 3
3121, 3
3122, 2
3123, 2
3124, 3
3125, 4
3126, 3
3127, 3
3128, 3
3129, 1
3130, 1
3131, 1
3132, 1
3133, 1
3134, 1
3135, 1
3136, 1
3137, 1
3138, 3
3139, 3
3140, 3
3141, 4
3142, 3
3143, 5
3144, 2
3145, 2
3146, 2
3147, 2
3148, 3
3149, 1
3150, 1
3151, 1
3152, 2
3153, 2
3154, 2
3155, 4
3156, 4
3157, 4
3158, 5
3159, 5
3160, 5
3161, 5
3162, 5
3163, 7
3164, 7
3165, 7
3166, 7
3167, 1
3168, 2
3169, 2
3170, 2
3171, 2
3172, 5
3173, 6
3174, 6
3175, 5
3176, 5
3177, 6
3178, 6
3179, 6
3180, 6
3181, 6
3182, 6
3183, 6
3184, 5
3185, 5
3186, 5
3187, 3
3188, 3
3189, 3
3190, 4
3191, 3
3192, 3
3193, 3
3194, 3
3195, 3
3196, 3
3197, 3
3198, 7
3199, 5
3200, 7
3201, 4
3202, 3
3203, 5
3204, 5
3205, 5
3206, 4
3207, 5
3208, 3
3209, 4
3210, 4
3211, 5
3212, 7
3213, 5
3214, 5
3215, 6
3216, 6
3217, 3
3218, 3
3219, 3
3220, 3
3221, 3
3222, 3
3223, 4
3224, 6
3225, 5
3226, 3
3227, 2
3228, 2
3229, 4
3230, 4
3231, 7
3232, 7
3233, 7
3234, 7
3235, 3
3236, 7
3237, 5
3238, 6
3239, 5
3240, 5
3241, 5
3242, 3
3243, 2
3244, 2
3245, 2
3246, 2
3247, 2
3248, 1
3249, 2
3250, 3
3251, 6
3252, 6
3253, 6
3254, 6
3255, 6
3256, 6
3257, 4
3258, 4
3259, 4
3260, 6
3261, 6
3262, 5
3263, 5
3264, 5
3265, 3
3266, 3
3267, 3
3268, 4
3269, 4
3270, 4
3271, 3
3272, 3
3273, 3
3274, 3
3275, 3
3276, 3
3277, 3
3278, 8
3279, 2
3280, 2
3281, 2
3282, 2
3283, 2
3284, 4
3285, 4
3286, 4
3287, 4
3288, 4
3289, 5
3290, 5
3291, 5
3292, 4
3293, 4
3294, 4
3295, 4
3296, 4
3297, 4
3298, 5
3299, 5
3300, 2
3301, 2
3302, 4
3303, 4
3304, 4
3305, 4
3306, 2
3307, 2
3308, 2
3309, 2
3310, 1
3311, 1
3312, 2
3313, 3
3314, 3
3315, 3
3316, 4
3317, 2
3318, 3
3319, 3
3320, 3
3321, 5
3322, 5
3323, 5
3324, 5
3325, 5
3326, 6
3327, 3
3328, 3
3329, 2
3330, 2
3331, 2
3332, 4
3333, 5
3334, 5
3335, 5
3336, 5
3337, 6
3338, 6
3339, 5
3340, 5
3341, 5
3342, 5
3343, 6
3344, 7
3345, 6
3346, 6
3347, 6
3348, 4
3349, 3
3350, 3
3351, 3
3352, 3
3353, 5
3354, 6
3355, 6
3356, 6
3357, 6
3358, 6
3359, 10
3360, 4
3361, 3
3362, 3
3363, 5
3364, 3
3365, 3
3366, 3
3367, 5
3368, 4
3369, 3
3370, 3
3371, 3
3372, 4
3373, 4
3374, 4
3375, 2
3376, 5
3377, 5
3378, 5
3379, 5
3380, 5
3381, 5
3382, 4
3383, 3
3384, 6
3385, 3
3386, 2
3387, 2
3388, 3
3389, 3
3390, 1
3391, 1
3392, 1
3393, 2
3394, 2
3395, 2
3396, 2
3397, 3
3398, 4
3399, 4
3400, 6
3401, 5
3402, 5
3403, 8
3404, 6
3405, 6
3406, 5
3407, 5
3408, 5
3409, 5
3410, 3
3411, 5
3412, 8
3413, 8
3414, 8
3415, 8
3416, 5
3417, 4
3418, 5
3419, 5
3420, 5
3421, 5
3422, 6
3423, 6
3424, 6
3425, 5
3426, 3
3427, 5
3428, 5
3429, 8
3430, 9
3431, 9
3432, 9
3433, 5
3434, 5
3435, 5
3436, 3
3437, 2
3438, 2
3439, 2
3440, 2
3441, 2
3442, 4
3443, 4
3444, 4
3445, 4
3446, 4
3447, 5
3448, 5
3449, 5
3450, 5
3451, 3
3452, 3
3453, 3
3454, 2
3455, 2
3456, 2
3457, 2
3458, 3
3459, 3
3460, 3
3461, 2
3462, 2
3463, 3
3464, 1
3465, 3
3466, 3
3467, 3
3468, 5
3469, 5
3470, 5
3471, 4
3472, 5
3473, 4
3474, 4
3475, 4
3476, 3
3477, 6
3478, 5
3479, 3
3480, 3
3481, 3
3482, 3
3483, 2
3484, 2
3485, 2
3486, 2
3487, 2
3488, 2
3489, 2
3490, 8
3491, 6
3492, 6
3493, 5
3494, 2
3495, 2
3496, 2
3497, 3
3498, 4
3499, 4
3500, 4
3501, 3
3502, 4
3503, 3
3504, 8
3505, 8
3506, 6
3507, 3
3508, 3
3509, 7
3510, 2
3511, 5
3512, 5
3513, 2
3514, 2
3515, 2
3516, 5
3517, 7
3518, 7
3519, 7
3520, 9
3521, 5
3522, 4
3523, 3
3524, 3
3525, 3
3526, 3
3527, 8
3528, 8
3529, 3
3530, 3
3531, 3
3532, 3
3533, 3
3534, 4
3535, 4
3536, 3
3537, 4
3538, 3
3539, 6
3540, 5
3541, 3
3542, 2
3543, 2
3544, 3
3545, 2
3546, 3
3547, 3
3548, 3
3549, 2
3550, 3
3551, 3
3552, 2
3553, 2
3554, 7
3555, 6
3556, 4
3557, 6
3558, 5
3559, 2
3560, 4
3561, 4
3562, 4
3563, 2
3564, 4
3565, 2
3566, 2
3567, 4
3568, 2
3569, 2
3570, 2
3571, 1
3572, 3
3573, 3
3574, 3
3575, 3
3576, 3
3577, 3
3578, 3
3579, 3
3580, 3
3581, 2
3582, 3
3583, 3
3584, 3
3585, 3
3586, 2
3587, 2
3588, 7
3589, 2
3590, 5
3591, 5
3592, 3
3593, 5
3594, 5
3595, 5
3596, 3
3597, 3
3598, 5
3599, 5
3600, 5
3601, 5
3602, 5
3603, 5
3604, 6
3605, 5
3606, 5
3607, 5
3608, 5
3609, 5
3610, 5
3611, 8
3612, 4
3613, 4
3614, 4
3615, 4
3616, 4
3617, 5
3618, 4
3619, 4
3620, 5
3621, 5
3622, 5
3623, 7
3624, 7
3625, 7
3626, 7
3627, 7
3628, 8
3629, 7
3630, 7
3631, 5
3632, 6
3633, 8
3634, 8
3635, 6
3636, 3
3637, 3
3638, 4
3639, 3
3640, 3
3641, 3
3642, 3
3643, 3
3644, 3
3645, 3
3646, 3
3647, 3
3648, 3
3649, 6
3650, 5
3651, 5
3652, 6
3653, 5
3654, 5
3655, 5
3656, 4
3657, 4
3658, 4
3659, 5
3660, 5
3661, 5
3662, 5
3663, 5
3664, 5
3665, 5
3666, 7
3667, 7
3668, 4
3669, 3
3670, 3
3671, 3
3672, 3
3673, 3
3674, 7
3675, 7
3676, 7
3677, 3
3678, 3
3679, 2
3680, 2
3681, 2
3682, 2
3683, 2
3684, 1
3685, 2
3686, 1
3687, 1
3688, 1
3689, 5
3690, 3
3691, 3
3692, 3
3693, 2
3694, 2
3695, 2
3696, 2
3697, 2
3698, 2
3699, 1
3700, 1
3701, 4
3702, 4
3703, 3
3704, 2
3705, 3
3706, 3
3707, 3
3708, 3
3709, 3
3710, 3
3711, 4
3712, 7
3713, 5
3714, 5
3715, 4
3716, 8
3717, 8
3718, 6
3719, 6
3720, 4
3721, 4
3722, 3
3723, 3
3724, 2
3725, 2
3726, 5
3727, 2
3728, 2
3729, 3
3730, 3
3731, 2
3732, 2
3733, 3
3734, 6
3735, 6
3736, 7
3737, 5
3738, 5
3739, 3
3740, 3
3741, 2
3742, 2
3743, 2
3744, 2
3745, 2
3746, 5
3747, 5
3748, 5
3749, 4
3750, 3
3751, 3
3752, 3
3753, 3
3754, 4
3755, 4
3756, 4
3757, 3
3758, 3
3759, 3
3760, 3
3761, 2
3762, 2
3763, 2
3764, 2
3765, 2
3766, 3
3767, 3
3768, 3
3769, 3
3770, 3
3771, 1
3772, 4
3773, 5
3774, 5
3775, 2
3776, 2
3777, 2
3778, 3
3779, 4
3780, 4
3781, 4
3782, 4
3783, 4
3784, 3
3785, 2
3786, 2
3787, 2
3788, 2
3789, 5
3790, 5
3791, 5
3792, 5
3793, 4
3794, 4
3795, 4
3796, 4
3797, 2
3798, 2
3799, 4
3800, 4
3801, 3
3802, 3
3803, 3
3804, 3
3805, 3
3806, 3
3807, 6
3808, 3
3809, 5
3810, 1
3811, 3
3812, 3
3813, 3
3814, 3
3815, 3
3816, 3
3817, 2
3818, 2
3819, 4
3820, 4
3821, 4
3822, 5
3823, 6
3824, 3
3825, 3
3826, 2
3827, 6
3828, 4
3829, 4
3830, 4
3831, 4
3832, 4
3833, 8
3834, 8
3835, 8
3836, 8
3837, 8
3838, 6
3839, 6
3840, 8
3841, 5
3842, 5
3843, 5
3844, 9
3845, 9
3846, 6
3847, 6
3848, 6
3849, 3
3850, 3
3851, 3
3852, 2
3853, 5
3854, 5
3855, 4
3856, 4
3857, 4
3858, 3
3859, 6
3860, 6
3861, 6
3862, 6
3863, 8
3864, 9
3865, 5
3866, 1
3867, 1
3868, 3
3869, 3
3870, 3
3871, 4
3872, 4
3873, 3
3874, 5
3875, 6
3876, 6
3877, 4
3878, 4
3879, 2
3880, 2
3881, 3
3882, 3
3883, 1
3884, 2
3885, 2
3886, 1
3887, 3
3888, 3
3889, 2
3890, 2
3891, 3
3892, 6
3893, 5
3894, 8
3895, 7
3896, 4
3897, 3
3898, 2
3899, 2
3900, 2
3901, 2
3902, 2
3903, 2
3904, 2
3905, 2
3906, 2
3907, 2
3908, 4
3909, 4
3910, 4
3911, 4
3912, 4
3913, 4
3914, 4
3915, 6
3916, 6
3917, 5
3918, 6
3919, 4
3920, 5
3921, 5
3922, 5
3923, 3
3924, 3
3925, 4
3926, 4
3927, 5
3928, 5
3929, 6
3930, 6
3931, 6
3932, 4
3933, 4
3934, 4
3935, 4
3936, 5
3937, 5
3938, 1
3939, 1
3940, 1
3941, 2
3942, 2
3943, 6
3944, 6
3945, 6
3946, 7
3947, 8
3948, 8
3949, 8
3950, 7
3951, 7
3952, 6
3953, 4
3954, 4
3955, 5
3956, 5
3957, 5
3958, 4
3959, 2
3960, 4
3961, 5
3962, 5
3963, 3
3964, 3
3965, 3
3966, 5
3967, 5
3968, 5
3969, 7
3970, 7
3971, 7
3972, 4
3973, 4
3974, 3
3975, 2
3976, 3
3977, 3
3978, 5
3979, 5
3980, 4
3981, 7
3982, 7
3983, 7
3984, 7
3985, 3
3986, 1
3987, 2
3988, 2
3989, 2
3990, 2
3991, 2
3992, 3
3993, 3
3994, 3
3995, 2
3996, 3
3997, 5
3998, 5
3999, 5
4000, 4
4001, 2
4002, 2
4003, 2
4004, 3
4005, 3
4006, 4
4007, 4
4008, 3
4009, 3
4010, 4
4011, 8
4012, 6
4013, 6
4014, 6
4015, 6
4016, 3
4017, 4
4018, 2
4019, 3
4020, 3
4021, 3
4022, 5
4023, 5
4024, 5
4025, 7
4026, 6
4027, 6
4028, 6
4029, 7
4030, 7
4031, 5
4032, 5
4033, 5
4034, 5
4035, 5
4036, 5
4037, 3
4038, 3
4039, 4
4040, 4
4041, 5
4042, 6
4043, 6
4044, 6
4045, 4
4046, 4
4047, 8
4048, 8
4049, 4
4050, 4
4051, 4
4052, 4
4053, 4
4054, 4
4055, 4
4056, 6
4057, 4
4058, 3
4059, 3
4060, 3
4061, 3
4062, 7
4063, 7
4064, 7
4065, 4
4066, 4
4067, 5
4068, 5
4069, 6
4070, 6
4071, 6
4072, 7
4073, 4
4074, 4
4075, 4
4076, 4
4077, 4
4078, 4
4079, 4
4080, 4
4081, 5
4082, 5
4083, 5
4084, 5
4085, 5
4086, 5
4087, 4
4088, 4
4089, 4
4090, 4
4091, 4
4092, 5
4093, 5
4094, 5
4095, 3
4096, 3
4097, 3
4098, 8
4099, 8
4100, 8
4101, 8
4102, 3
4103, 3
4104, 3
4105, 3
4106, 3
4107, 4
4108, 3
4109, 4
4110, 4
4111, 4
4112, 3
4113, 3
4114, 4
4115, 3
4116, 3
4117, 3
4118, 3
4119, 3
4120, 3
4121, 6
4122, 3
4123, 3
4124, 5
4125, 5
4126, 5
4127, 5
4128, 3
4129, 2
4130, 4
4131, 5
4132, 3
4133, 2
4134, 3
4135, 3
4136, 3
4137, 6
4138, 6
4139, 3
4140, 3
4141, 4
4142, 4
4143, 4
4144, 4
4145, 4
4146, 4
4147, 4
4148, 4
4149, 4
4150, 7
4151, 4
4152, 4
4153, 6
4154, 5
4155, 5
4156, 5
4157, 3
4158, 3
4159, 2
4160, 5
4161, 5
4162, 5
4163, 5
4164, 4
4165, 4
4166, 4
4167, 3
4168, 3
4169, 3
4170, 3
4171, 2
4172, 2
4173, 3
4174, 2
4175, 2
4176, 4
4177, 4
4178, 11
4179, 4
4180, 4
4181, 4
4182, 4
4183, 4
4184, 4
4185, 6
4186, 3
4187, 4
4188, 4
4189, 3
4190, 6
4191, 1
4192, 2
4193, 2
4194, 2
4195, 4
4196, 4
4197, 7
4198, 7
4199, 7
4200, 3
4201, 3
4202, 2
4203, 2
4204, 2
4205, 3
4206, 5
4207, 4
4208, 3
4209, 3
4210, 3
4211, 4
4212, 4
4213, 3
4214, 3
4215, 2
4216, 2
4217, 2
4218, 2
4219, 4
4220, 3
4221, 9
4222, 4
4223, 4
4224, 4
4225, 4
4226, 3
4227, 3
4228, 3
4229, 3
4230, 3
4231, 3
4232, 2
4233, 2
4234, 1
4235, 1
4236, 1
4237, 1
4238, 1
4239, 4
4240, 7
4241, 7
4242, 4
4243, 2
4244, 2
4245, 4
4246, 4
4247, 4
4248, 4
4249, 4
4250, 5
4251, 5
4252, 5
4253, 5
4254, 6
4255, 2
4256, 2
4257, 1
4258, 1
4259, 1
4260, 3
4261, 3
4262, 3
4263, 3
4264, 3
4265, 2
4266, 3
4267, 3
4268, 3
4269, 3
4270, 3
4271, 4
4272, 4
4273, 2
4274, 3
4275, 7
4276, 7
4277, 7
4278, 7
4279, 7
4280, 7
4281, 5
4282, 5
4283, 5
4284, 5
4285, 4
4286, 4
4287, 3
4288, 5
4289, 4
4290, 4
4291, 4
4292, 3
4293, 3
4294, 3
4295, 4
4296, 4
4297, 4
4298, 6
4299, 6
4300, 6
4301, 3
4302, 3
4303, 3
4304, 3
4305, 3
4306, 3
4307, 4
4308, 4
4309, 4
4310, 4
4311, 4
4312, 4
4313, 4
4314, 10
4315, 10
4316, 10
4317, 10
4318, 10
4319, 7
4320, 7
4321, 7
4322, 7
4323, 7
4324, 7
4325, 7
4326, 6
4327, 6
4328, 5
4329, 4
4330, 1
4331, 3
4332, 4
4333, 4
4334, 4
4335, 1
4336, 1
4337, 1
4338, 1
4339, 2
4340, 2
4341, 1
4342, 1
4343, 5
4344, 2
4345, 2
4346, 1
4347, 1
4348, 1
4349, 1
4350, 1
4351, 2
4352, 2
4353, 4
4354, 4
4355, 3
4356, 3
4357, 6
4358, 6
4359, 6
4360, 4
4361, 4
4362, 5
4363, 4
4364, 4
4365, 5
4366, 4
4367, 5
4368, 5
4369, 5
4370, 5
4371, 3
4372, 3
4373, 3
4374, 3
4375, 3
4376, 3
4377, 3
4378, 4
4379, 6
4380, 6
4381, 6
4382, 5
4383, 3
4384, 3
4385, 5
4386, 2
4387, 2
4388, 2
4389, 3
4390, 3
4391, 3
4392, 3
4393, 7
4394, 7
4395, 6
4396, 3
4397, 4
4398, 4
4399, 4
4400, 4
4401, 1
4402, 1
4403, 1
4404, 4
4405, 4
4406, 4
4407, 8
4408, 8
4409, 6
4410, 6
4411, 8
4412, 8
4413, 4
4414, 4
4415, 6
4416, 5
4417, 7
4418, 7
4419, 7
4420, 5
4421, 4
4422, 4
4423, 7
4424, 7
4425, 6
4426, 3
4427, 3
4428, 3
4429, 2
4430, 1
4431, 1
4432, 2
4433, 4
4434, 4
4435, 4
4436, 3
4437, 3
4438, 4
4439, 3
4440, 3
4441, 3
4442, 3
4443, 2
4444, 4
4445, 2
4446, 2
4447, 3
4448, 3
4449, 3
4450, 2
4451, 2
4452, 3
4453, 4
4454, 4
4455, 4
4456, 4
4457, 6
4458, 7
4459, 4
4460, 2
4461, 2
4462, 2
4463, 4
4464, 4
4465, 4
4466, 4
4467, 4
4468, 4
4469, 4
4470, 3
4471, 3
4472, 5
4473, 6
4474, 4
4475, 2
4476, 2
4477, 2
4478, 2
4479, 2
4480, 2
4481, 2
4482, 2
4483, 2
4484, 2
4485, 2
4486, 2
4487, 2
4488, 3
4489, 3
4490, 3
4491, 3
4492, 3
4493, 2
4494, 4
4495, 4
4496, 4
4497, 5
4498, 5
4499, 2
4500, 2
4501, 2
4502, 2
4503, 2
4504, 2
4505, 2
4506, 2
4507, 2
4508, 2
4509, 2
4510, 2
4511, 3
4512, 3
4513, 4
4514, 4
4515, 4
4516, 4
4517, 6
4518, 8
4519, 8
4520, 8
4521, 6
4522, 6
4523, 5
4524, 5
4525, 5
4526, 2
4527, 2
4528, 3
4529, 5
4530, 5
4531, 5
4532, 5
4533, 5
4534, 5
4535, 2
4536, 2
4537, 2
4538, 3
4539, 3
4540, 3
4541, 3
4542, 3
4543, 3
4544, 3
4545, 2
4546, 3
4547, 3
4548, 3
4549, 2
4550, 2
4551, 2
4552, 2
4553, 2
4554, 2
4555, 2
4556, 2
4557, 2
4558, 2
4559, 5
4560, 3
4561, 6
4562, 6
4563, 7
4564, 3
4565, 6
4566, 6
4567, 5
4568, 1
4569, 1
4570, 5
4571, 5
4572, 5
4573, 5
4574, 3
4575, 3
4576, 3
4577, 4
4578, 4
4579, 2
4580, 2
4581, 2
4582, 2
4583, 2
4584, 2
4585, 3
4586, 2
4587, 2
4588, 2
4589, 2
4590, 2
4591, 2
4592, 4
4593, 7
4594, 6
4595, 4
4596, 3
4597, 2
4598, 3
4599, 6
4600, 6
4601, 8
4602, 8
4603, 4
4604, 7
4605, 8
4606, 5
4607, 4
4608, 4
4609, 2
4610, 6
4611, 6
4612, 2
4613, 2
4614, 2
4615, 2
4616, 2
4617, 3
4618, 2
4619, 2
4620, 2
4621, 4
4622, 4
4623, 3
4624, 3
4625, 3
4626, 5
4627, 5
4628, 5
4629, 3
4630, 2
4631, 2
4632, 2
4633, 2
4634, 5
4635, 5
4636, 5
4637, 5
4638, 4
4639, 4
4640, 6
4641, 4
4642, 4
4643, 6
4644, 8
4645, 8
4646, 9
4647, 7
4648, 7
4649, 2
4650, 6
4651, 5
4652, 6
4653, 6
4654, 5
4655, 2
4656, 2
4657, 3
4658, 2
4659, 2
4660, 2
4661, 4
4662, 3
4663, 3
4664, 4
4665, 4
4666, 8
4667, 9
4668, 9
4669, 2
4670, 2
4671, 2
4672, 2
4673, 5
4674, 5
4675, 6
4676, 6
4677, 6
4678, 6
4679, 6
4680, 6
4681, 4
4682, 4
4683, 6
4684, 6
4685, 6
4686, 4
4687, 4
4688, 5
4689, 5
4690, 5
4691, 5
4692, 8
4693, 8
4694, 6
4695, 5
4696, 5
4697, 5
4698, 5
4699, 3
4700, 4
4701, 2
4702, 4
4703, 6
4704, 4
4705, 4
4706, 2
4707, 4
4708, 4
4709, 4
4710, 4
4711, 4
4712, 4
4713, 4
4714, 1
4715, 5
4716, 4
4717, 6
4718, 6
4719, 6
4720, 6
4721, 5
4722, 5
4723, 6
4724, 6
4725, 3
4726, 4
4727, 2
4728, 2
4729, 2
4730, 4
4731, 3
4732, 3
4733, 3
4734, 3
4735, 4
4736, 4
4737, 8
4738, 3
4739, 3
4740, 3
4741, 3
4742, 3
4743, 3
4744, 3
4745, 4
4746, 7
4747, 9
4748, 10
4749, 12
4750, 11
4751, 11
4752, 2
4753, 2
4754, 5
4755, 4
4756, 2
4757, 5
4758, 3
4759, 1
4760, 1
4761, 5
4762, 5
4763, 3
4764, 3
4765, 3
4766, 4
4767, 4
4768, 4
4769, 4
4770, 4
4771, 4
4772, 4
4773, 4
4774, 4
4775, 4
4776, 3
4777, 3
4778, 5
4779, 5
4780, 5
4781, 2
4782, 5
4783, 3
4784, 3
4785, 3
4786, 3
4787, 5
4788, 5
4789, 6
4790, 6
4791, 6
4792, 6
4793, 6
4794, 6
4795, 8
4796, 8
4797, 3
4798, 3
4799, 3
4800, 3
4801, 2
4802, 3
4803, 3
4804, 3
4805, 3
4806, 3
4807, 7
4808, 7
4809, 4
4810, 6
4811, 5
4812, 5
4813, 6
4814, 6
4815, 7
4816, 3
4817, 3
4818, 5
4819, 9
4820, 8
4821, 8
4822, 6
4823, 5
4824, 4
4825, 4
4826, 4
4827, 6
4828, 6
4829, 6
4830, 5
4831, 4
4832, 4
4833, 6
4834, 6
4835, 6
4836, 5
4837, 2
4838, 2
4839, 4
4840, 3
4841, 5
4842, 5
4843, 5
4844, 5
4845, 4
4846, 4
4847, 4
4848, 4
4849, 2
4850, 2
4851, 2
4852, 2
4853, 2
4854, 4
4855, 4
4856, 2
4857, 2
4858, 5
4859, 5
4860, 4
4861, 4
4862, 4
4863, 4
4864, 5
4865, 4
4866, 3
4867, 4
4868, 3
4869, 5
4870, 7
4871, 4
4872, 4
4873, 4
4874, 4
4875, 4
4876, 5
4877, 2
4878, 2
4879, 2
4880, 2
4881, 2
4882, 2
4883, 2
4884, 3
4885, 6
4886, 6
4887, 4
4888, 3
4889, 6
4890, 3
4891, 2
4892, 2
4893, 2
4894, 4
4895, 4
4896, 4
4897, 4
4898, 4
4899, 4
4900, 5
4901, 4
4902, 4
4903, 4
4904, 7
4905, 2
4906, 4
4907, 5
4908, 5
4909, 5
4910, 4
4911, 3
4912, 3
4913, 3
4914, 3
4915, 3
4916, 3
4917, 3
4918, 2
4919, 2
4920, 4
4921, 4
4922, 5
4923, 3
4924, 4
4925, 4
4926, 4
4927, 7
4928, 6
4929, 2
4930, 3
4931, 2
4932, 6
4933, 6
4934, 4
4935, 4
4936, 5
4937, 5
4938, 5
4939, 6
4940, 4
4941, 2
4942, 2
4943, 3
4944, 5
4945, 3
4946, 3
4947, 2
4948, 3
4949, 3
4950, 5
4951, 2
4952, 2
4953, 2
4954, 2
4955, 2
4956, 2
4957, 5
4958, 6
4959, 6
4960, 6
4961, 6
4962, 7
4963, 7
4964, 7
4965, 7
4966, 6
4967, 5
4968, 7
4969, 7
4970, 7
4971, 7
4972, 7
4973, 7
4974, 6
4975, 3
4976, 3
4977, 3
4978, 3
4979, 3
4980, 3
4981, 3
4982, 2
4983, 2
4984, 4
4985, 5
4986, 6
4987, 5
4988, 6
4989, 6
4990, 4
4991, 4
4992, 4
4993, 4
4994, 4
4995, 6
4996, 6
4997, 5
4998, 3
4999, 3
5000, 3
5001, 1
5002, 1
5003, 1
5004, 1
5005, 1
5006, 1
5007, 2
5008, 2
5009, 1
5010, 1
5011, 1
5012, 1
5013, 1
5014, 1
5015, 3
5016, 3
5017, 3
5018, 3
5019, 4
5020, 4
5021, 4
5022, 4
5023, 4
5024, 4
5025, 3
5026, 3
5027, 3
5028, 2
5029, 2
5030, 3
5031, 3
5032, 2
5033, 3
5034, 2
5035, 2
5036, 4
5037, 3
5038, 1
5039, 1
5040, 3
5041, 3
5042, 4
5043, 4
5044, 1
5045, 2
5046, 2
5047, 2
5048, 2
5049, 2
5050, 2
5051, 2
5052, 2
5053, 2
5054, 5
5055, 4
5056, 5
5057, 2
5058, 2
5059, 2
5060, 2
5061, 2
5062, 4
5063, 4
5064, 2
5065, 1
5066, 3
5067, 3
5068, 3
5069, 3
5070, 4
5071, 5
5072, 5
5073, 3
5074, 3
5075, 5
5076, 4
5077, 4
5078, 4
5079, 4
5080, 3
5081, 3
5082, 4
5083, 4
5084, 4
5085, 4
5086, 4
5087, 4
5088, 2
5089, 3
5090, 4
5091, 5
5092, 7
5093, 4
5094, 3
5095, 3
5096, 3
5097, 6
5098, 4
5099, 4
5100, 7
5101, 5
5102, 5
5103, 5
5104, 3
5105, 4
5106, 4
5107, 4
5108, 4
5109, 4
5110, 5
5111, 5
5112, 5
5113, 5
5114, 5
5115, 4
5116, 3
5117, 3
5118, 3
5119, 5
5120, 5
5121, 5
5122, 7
5123, 7
5124, 6
5125, 4
5126, 4
5127, 4
5128, 6
5129, 6
5130, 8
5131, 7
5132, 4
5133, 4
5134, 4
5135, 3
5136, 3
5137, 3
5138, 4
5139, 4
5140, 4
5141, 5
5142, 7
5143, 7
5144, 6
5145, 5
5146, 2
5147, 2
5148, 4
5149, 4
5150, 4
5151, 4
5152, 4
5153, 4
5154, 2
5155, 1
5156, 2
5157, 2
5158, 2
5159, 2
5160, 4
5161, 4
5162, 4
5163, 3
5164, 4
5165, 4
5166, 5
5167, 5
5168, 5
5169, 5
5170, 5
5171, 1
5172, 2
5173, 2
5174, 2
5175, 2
5176, 2
5177, 6
5178, 5
5179, 4
5180, 4
5181, 2
5182, 3
5183, 2
5184, 2
5185, 2
5186, 2
5187, 2
5188, 1
5189, 2
5190, 2
5191, 3
5192, 3
5193, 3
5194, 5
5195, 5
5196, 5
5197, 5
5198, 5
5199, 4
5200, 2
5201, 8
5202, 6
5203, 6
5204, 6
5205, 6
5206, 6
5207, 7
5208, 7
5209, 7
5210, 7
5211, 7
5212, 6
5213, 6
5214, 7
5215, 3
5216, 3
5217, 3
5218, 2
5219, 2
5220, 6
5221, 6
5222, 5
5223, 5
5224, 5
5225, 5
5226, 3
5227, 7
5228, 7
5229, 7
5230, 5
5231, 5
5232, 7
5233, 7
5234, 3
5235, 3
5236, 4
5237, 4
5238, 2
5239, 2
5240, 3
5241, 3
5242, 3
5243, 2
5244, 2
5245, 2
5246, 2
5247, 2
5248, 3
5249, 5
5250, 4
5251, 4
5252, 4
5253, 4
5254, 3
5255, 3
5256, 3
5257, 7
5258, 6
5259, 6
5260, 4
5261, 4
5262, 1
5263, 1
5264, 1
5265, 1
5266, 1
5267, 1
5268, 1
5269, 1
5270, 1
5271, 1
5272, 1
5273, 1
5274, 2
5275, 2
5276, 3
5277, 3
5278, 3
5279, 3
5280, 4
5281, 3
5282, 3
5283, 1
5284, 3
5285, 3
5286, 3
5287, 4
5288, 4
5289, 4
5290, 4
5291, 4
5292, 5
5293, 5
5294, 5
5295, 4
5296, 4
5297, 8
5298, 8
5299, 6
5300, 6
5301, 5
5302, 4
5303, 4
5304, 2
5305, 2
5306, 3
5307, 4
5308, 4
5309, 2
5310, 6
5311, 4
5312, 4
5313, 2
5314, 2
5315, 1
5316, 2
5317, 2
5318, 2
5319, 2
5320, 5
5321, 6
5322, 5
5323, 5
5324, 5
5325, 5
5326, 5
5327, 3
5328, 3
5329, 5
5330, 4
5331, 1
5332, 1
5333, 1
5334, 2
5335, 3
5336, 5
5337, 3
5338, 5
5339, 2
5340, 2
5341, 1
5342, 1
5343, 1
5344, 4
5345, 4
5346, 3
5347, 3
5348, 3
5349, 3
5350, 6
5351, 6
5352, 6
5353, 6
5354, 3
5355, 4
5356, 4
5357, 7
5358, 7
5359, 4
5360, 4
5361, 4
5362, 4
5363, 4
5364, 3
5365, 4
5366, 6
5367, 5
5368, 4
5369, 4
5370, 4
5371, 2
5372, 2
5373, 2
5374, 2
5375, 3
5376, 2
5377, 2
5378, 2
5379, 2
5380, 1
5381, 1
5382, 1
5383, 3
5384, 3
5385, 3
5386, 4
5387, 3
5388, 3
5389, 3
5390, 3
5391, 3
5392, 3
5393, 3
5394, 1
5395, 1
5396, 4
5397, 4
5398, 4
5399, 3
5400, 7
5401, 7
5402, 4
5403, 6
5404, 3
5405, 4
5406, 4
5407, 5
5408, 6
5409, 3
5410, 3
5411, 4
5412, 2
5413, 3
5414, 3
5415, 3
5416, 2
5417, 2
5418, 2
5419, 4
5420, 3
5421, 4
5422, 3
5423, 3
5424, 3
5425, 3
5426, 3
5427, 5
5428, 5
5429, 5
5430, 5
5431, 5
5432, 4
5433, 4
5434, 4
5435, 4
5436, 5
5437, 5
5438, 5
5439, 5
5440, 5
5441, 7
5442, 5
5443, 5
5444, 4
5445, 3
5446, 3
5447, 2
5448, 3
5449, 4
5450, 4
5451, 4
5452, 3
5453, 3
5454, 3
5455, 3
5456, 3
5457, 3
5458, 3
5459, 3
5460, 3
5461, 3
5462, 6
5463, 6
5464, 6
5465, 4
5466, 4
5467, 3
5468, 3
5469, 5
5470, 5
5471, 2
5472, 2
5473, 5
5474, 2
5475, 2
5476, 5
5477, 3
5478, 4
5479, 4
5480, 5
5481, 4
5482, 4
5483, 4
5484, 4
5485, 4
5486, 4
5487, 4
5488, 4
5489, 4
5490, 4
5491, 4
5492, 4
5493, 4
5494, 5
5495, 3
5496, 4
5497, 4
5498, 4
5499, 4
5500, 4
5501, 5
5502, 3
5503, 3
5504, 4
5505, 2
5506, 3
5507, 5
5508, 8
5509, 4
5510, 4
5511, 2
5512, 7
5513, 3
5514, 3
5515, 3
5516, 2
5517, 2
5518, 5
5519, 6
5520, 3
5521, 6
5522, 6
5523, 2
5524, 5
5525, 6
5526, 6
5527, 5
5528, 5
5529, 5
5530, 3
5531, 3
5532, 5
5533, 5
5534, 8
5535, 8
5536, 8
5537, 9
5538, 9
5539, 6
5540, 6
5541, 5
5542, 5
5543, 8
5544, 7
5545, 4
5546, 5
5547, 5
5548, 5
5549, 6
5550, 6
5551, 8
5552, 5
5553, 2
5554, 2
5555, 6
5556, 2
5557, 3
5558, 4
5559, 4
5560, 4
5561, 6
5562, 6
5563, 4
5564, 4
5565, 3
5566, 3
5567, 6
5568, 6
5569, 3
5570, 3
5571, 5
5572, 5
5573, 5
5574, 5
5575, 5
5576, 5
5577, 4
5578, 4
5579, 4
5580, 4
5581, 4
5582, 4
5583, 8
5584, 8
5585, 4
5586, 5
5587, 5
5588, 3
5589, 3
5590, 6
5591, 6
5592, 10
5593, 4
5594, 7
5595, 5
5596, 5
5597, 5
5598, 4
5599, 4
5600, 4
5601, 6
5602, 6
5603, 6
5604, 6
5605, 6
5606, 5
5607, 4
5608, 3
5609, 1
5610, 2
5611, 3
5612, 4
5613, 4
5614, 4
5615, 6
5616, 3
5617, 5
5618, 4
5619, 2
5620, 2
5621, 2
5622, 2
5623, 2
5624, 2
5625, 2
5626, 2
5627, 3
5628, 5
5629, 2
5630, 1
5631, 1
5632, 1
5633, 4
5634, 5
5635, 5
5636, 2
5637, 2
5638, 2
5639, 2
5640, 5
5641, 5
5642, 5
5643, 3
5644, 3
5645, 3
5646, 4
5647, 4
5648, 4
5649, 4
5650, 4
5651, 4
5652, 4
5653, 5
5654, 5
5655, 5
5656, 7
5657, 7
5658, 7
5659, 7
5660, 7
5661, 7
5662, 7
5663, 7
5664, 4
5665, 4
5666, 5
5667, 5
5668, 5
5669, 4
5670, 4
5671, 4
5672, 4
5673, 4
5674, 4
5675, 4
5676, 6
5677, 8
5678, 8
5679, 4
5680, 6
5681, 5
5682, 5
5683, 5
5684, 7
5685, 8
5686, 8
5687, 8
5688, 8
5689, 8
5690, 3
5691, 3
5692, 6
5693, 6
5694, 6
5695, 6
5696, 6
5697, 6
5698, 6
5699, 3
5700, 3
5701, 3
5702, 4
5703, 10
5704, 5
5705, 5
5706, 5
5707, 5
5708, 4
5709, 4
5710, 5
5711, 5
5712, 4
5713, 4
5714, 1
5715, 3
5716, 4
5717, 3
5718, 3
5719, 5
5720, 6
5721, 6
5722, 2
5723, 3
5724, 4
5725, 5
5726, 5
5727, 5
5728, 4
5729, 2
5730, 2
5731, 2
5732, 3
5733, 3
5734, 2
5735, 2
5736, 2
5737, 2
5738, 4
5739, 4
5740, 4
5741, 6
5742, 3
5743, 3
5744, 3
5745, 3
5746, 5
5747, 3
5748, 8
5749, 5
5750, 4
5751, 3
5752, 3
5753, 3
5754, 2
5755, 2
5756, 2
5757, 3
5758, 2
5759, 4
5760, 4
5761, 4
5762, 3
5763, 2
5764, 6
5765, 7
5766, 6
5767, 2
5768, 7
5769, 7
5770, 8
5771, 8
5772, 2
5773, 4
5774, 2
5775, 1
5776, 2
5777, 2
5778, 2
5779, 7
5780, 5
5781, 5
5782, 5
5783, 4
5784, 4
5785, 4
5786, 4
5787, 4
5788, 4
5789, 4
5790, 4
5791, 4
5792, 3
5793, 3
5794, 3
5795, 3
5796, 3
5797, 3
5798, 3
5799, 3
5800, 3
5801, 3
5802, 2
5803, 3
5804, 3
5805, 3
5806, 3
5807, 3
5808, 1
5809, 3
5810, 4
5811, 1
5812, 1
5813, 1
5814, 1
5815, 1
5816, 2
5817, 5
5818, 5
5819, 5
5820, 5
5821, 2
5822, 2
5823, 1
5824, 3
5825, 1
5826, 1
5827, 2
5828, 2
5829, 2
5830, 2
5831, 2
5832, 4
5833, 4
5834, 4
5835, 4
5836, 4
5837, 4
5838, 2
5839, 3
5840, 3
5841, 2
5842, 4
5843, 3
5844, 3
5845, 4
5846, 4
5847, 5
5848, 5
5849, 6
5850, 6
5851, 5
5852, 5
5853, 4
5854, 4
5855, 4
5856, 3
5857, 3
5858, 6
5859, 4
5860, 4
5861, 2
5862, 2
5863, 2
5864, 2
5865, 2
5866, 3
5867, 3
5868, 2
5869, 2
5870, 2
5871, 4
5872, 4
5873, 4
5874, 6
5875, 4
5876, 6
5877, 3
5878, 5
5879, 5
5880, 6
5881, 2
5882, 3
5883, 1
5884, 1
5885, 2
5886, 3
5887, 3
5888, 3
5889, 3
5890, 3
5891, 3
5892, 4
5893, 4
5894, 4
5895, 4
5896, 4
5897, 2
5898, 2
5899, 2
5900, 2
5901, 3
5902, 4
5903, 5
5904, 3
5905, 4
5906, 4
5907, 3
5908, 3
5909, 3
5910, 3
5911, 8
5912, 8
5913, 7
5914, 5
5915, 3
5916, 4
5917, 4
5918, 5
5919, 4
5920, 3
5921, 3
5922, 5
5923, 4
5924, 4
5925, 5
5926, 3
5927, 2
5928, 5
5929, 5
5930, 5
5931, 5
5932, 5
5933, 5
5934, 4
5935, 4
5936, 1
5937, 3
5938, 4
5939, 4
5940, 3
5941, 3
5942, 1
5943, 1
5944, 1
5945, 3
5946, 3
5947, 3
5948, 3
5949, 5
5950, 5
5951, 2
5952, 2
5953, 2
5954, 5
5955, 5
5956, 2
5957, 2
5958, 3
5959, 6
5960, 5
5961, 2
5962, 2
5963, 3
5964, 3
5965, 3
5966, 3
5967, 3
5968, 3
5969, 3
5970, 3
5971, 5
5972, 3
5973, 3
5974, 3
5975, 3
5976, 3
5977, 3
5978, 3
5979, 5
5980, 5
5981, 5
5982, 5
5983, 5
5984, 5
5985, 5
5986, 4
5987, 4
5988, 4
5989, 2
5990, 2
5991, 2
5992, 2
5993, 3
5994, 3
5995, 2
5996, 2
5997, 4
5998, 4
5999, 4
6000, 8
6001, 4
6002, 4
6003, 7
6004, 7
6005, 7
6006, 7
6007, 7
6008, 5
6009, 3
6010, 2
6011, 2
6012, 3
6013, 3
6014, 3
6015, 3
6016, 1
6017, 1
6018, 1
6019, 2
6020, 5
6021, 8
6022, 8
6023, 5
6024, 5
6025, 5
6026, 4
6027, 3
6028, 3
6029, 2
6030, 2
6031, 2
6032, 1
6033, 3
6034, 3
6035, 3
6036, 4
6037, 3
6038, 3
6039, 3
6040, 8
6041, 8
6042, 8
6043, 7
6044, 7
6045, 7
6046, 7
6047, 7
6048, 6
6049, 3
6050, 3
6051, 3
6052, 6
6053, 7
6054, 7
6055, 4
6056, 2
6057, 2
6058, 2
6059, 2
6060, 2
6061, 2
6062, 2
6063, 2
6064, 5
6065, 5
6066, 5
6067, 5
6068, 5
6069, 3
6070, 6
6071, 6
6072, 6
6073, 6
6074, 2
6075, 2
6076, 2
6077, 2
6078, 2
6079, 3
6080, 3
6081, 7
6082, 7
6083, 7
6084, 7
6085, 7
6086, 7
6087, 7
6088, 4
6089, 3
6090, 3
6091, 3
6092, 3
6093, 3
6094, 1
6095, 2
6096, 2
6097, 2
6098, 2
6099, 2
6100, 2
6101, 2
6102, 2
6103, 6
6104, 7
6105, 5
6106, 5
6107, 5
6108, 3
6109, 3
6110, 4
6111, 3
6112, 3
6113, 2
6114, 3
6115, 3
6116, 3
6117, 4
6118, 4
6119, 3
6120, 4
6121, 3
6122, 3
6123, 4
6124, 5
6125, 3
6126, 2
6127, 4
6128, 4
6129, 7
6130, 3
6131, 3
6132, 4
6133, 4
6134, 4
6135, 7
6136, 2
6137, 2
6138, 2
6139, 2
6140, 5
6141, 6
6142, 6
6143, 6
6144, 4
6145, 4
6146, 4
6147, 1
6148, 1
6149, 1
6150, 1
6151, 1
6152, 3
6153, 4
6154, 4
6155, 5
6156, 5
6157, 9
6158, 9
6159, 8
6160, 5
6161, 5
6162, 2
6163, 5
6164, 5
6165, 2
6166, 2
6167, 2
6168, 2
6169, 3
6170, 3
6171, 2
6172, 2
6173, 3
6174, 3
6175, 4
6176, 3
6177, 3
6178, 6
6179, 4
6180, 5
6181, 5
6182, 5
6183, 5
6184, 5
6185, 4
6186, 3
6187, 2
6188, 2
6189, 5
6190, 4
6191, 7
6192, 7
6193, 7
6194, 5
6195, 6
6196, 5
6197, 5
6198, 5
6199, 5
6200, 4
6201, 4
6202, 6
6203, 6
6204, 6
6205, 9
6206, 9
6207, 9
6208, 7
6209, 7
6210, 7
6211, 7
6212, 6
6213, 6
6214, 5
6215, 5
6216, 5
6217, 4
6218, 5
6219, 5
6220, 5
6221, 5
6222, 4
6223, 3
6224, 2
6225, 2
6226, 2
6227, 3
6228, 4
6229, 4
6230, 4
6231, 5
6232, 3
6233, 3
6234, 2
6235, 2
6236, 2
6237, 2
6238, 2
6239, 2
6240, 2
6241, 2
6242, 1
6243, 1
6244, 2
6245, 2
6246, 2
6247, 1
6248, 1
6249, 2
6250, 4
6251, 3
6252, 4
6253, 4
6254, 3
6255, 2
6256, 2
6257, 2
6258, 3
6259, 3
6260, 1
6261, 1
6262, 1
6263, 1
6264, 1
6265, 1
6266, 4
6267, 2
6268, 2
6269, 2
6270, 2
6271, 6
6272, 5
6273, 5
6274, 5
6275, 4
6276, 4
6277, 3
6278, 3
6279, 4
6280, 5
6281, 4
6282, 4
6283, 3
6284, 3
6285, 2
6286, 3
6287, 3
6288, 3
6289, 1
6290, 1
6291, 2
6292, 2
6293, 2
6294, 3
6295, 3
6296, 4
6297, 5
6298, 4
6299, 4
6300, 4
6301, 2
6302, 3
6303, 3
6304, 3
6305, 6
6306, 6
6307, 5
6308, 2
6309, 2
6310, 2
6311, 2
6312, 2
6313, 2
6314, 2
6315, 3
6316, 3
6317, 3
6318, 6
6319, 6
6320, 5
6321, 3
6322, 3
6323, 3
6324, 6
6325, 5
6326, 5
6327, 5
6328, 6
6329, 6
6330, 6
6331, 6
6332, 7
6333, 7
6334, 7
6335, 6
6336, 6
6337, 6
6338, 6
6339, 6
6340, 6
6341, 5
6342, 4
6343, 6
6344, 3
6345, 2
6346, 2
6347, 2
6348, 2
6349, 2
6350, 2
6351, 2
6352, 2
6353, 2
6354, 5
6355, 5
6356, 3
6357, 6
6358, 4
6359, 4
6360, 3
6361, 3
6362, 2
6363, 2
6364, 2
6365, 3
6366, 4
6367, 4
6368, 4
6369, 4
6370, 4
6371, 4
6372, 6
6373, 6
6374, 5
6375, 6
6376, 3
6377, 3
6378, 3
6379, 3
6380, 4
6381, 3
6382, 3
6383, 3
6384, 6
6385, 5
6386, 6
6387, 6
6388, 6
6389, 6
6390, 1
6391, 2
6392, 1
6393, 2
6394, 3
6395, 3
6396, 3
6397, 3
6398, 3
6399, 3
6400, 4
6401, 4
6402, 4
6403, 4
6404, 4
6405, 4
6406, 7
6407, 7
6408, 5
6409, 5
6410, 5
6411, 3
6412, 2
6413, 1
6414, 1
6415, 3
6416, 3
6417, 3
6418, 3
6419, 5
6420, 7
6421, 7
6422, 7
6423, 4
6424, 5
6425, 4
6426, 4
6427, 4
6428, 4
6429, 4
6430, 3
6431, 3
6432, 3
6433, 2
6434, 3
6435, 3
6436, 2
6437, 2
6438, 2
6439, 2
6440, 2
6441, 2
6442, 2
6443, 3
6444, 3
6445, 3
6446, 3
6447, 3
6448, 3
6449, 4
6450, 4
6451, 4
6452, 4
6453, 4
6454, 6
6455, 8
6456, 7
6457, 7
6458, 5
6459, 5
6460, 6
6461, 5
6462, 5
6463, 4
6464, 5
6465, 5
6466, 5
6467, 5
6468, 5
6469, 6
6470, 6
6471, 6
6472, 5
6473, 5
6474, 4
6475, 4
6476, 4
6477, 4
6478, 4
6479, 4
6480, 3
6481, 3
6482, 3
6483, 2
6484, 2
6485, 2
6486, 2
6487, 2
6488, 2
6489, 7
6490, 7
6491, 7
6492, 3
6493, 3
6494, 1
6495, 4
6496, 4
6497, 4
6498, 6
6499, 6
6500, 6
6501, 6
6502, 6
6503, 5
6504, 4
6505, 4
6506, 3
6507, 4
6508, 3
6509, 5
6510, 5
6511, 5
6512, 4
6513, 4
6514, 5
6515, 5
6516, 5
6517, 5
6518, 5
6519, 5
6520, 5
6521, 6
6522, 4
6523, 3
6524, 4
6525, 5
6526, 5
6527, 5
6528, 5
6529, 2
6530, 2
6531, 4
6532, 4
6533, 4
6534, 4
6535, 5
6536, 5
6537, 4
6538, 7
6539, 6
6540, 4
6541, 4
6542, 6
6543, 6
6544, 3
6545, 5
6546, 4
6547, 5
6548, 5
6549, 5
6550, 5
6551, 3
6552, 3
6553, 3
6554, 3
6555, 3
6556, 3
6557, 3
6558, 5
6559, 3
6560, 2
6561, 2
6562, 4
6563, 6
6564, 6
6565, 2
6566, 2
6567, 2
6568, 4
6569, 4
6570, 4
6571, 5
6572, 5
6573, 4
6574, 4
6575, 3
6576, 4
6577, 4
6578, 4
6579, 4
6580, 3
6581, 6
6582, 6
6583, 6
6584, 8
6585, 8
6586, 8
6587, 5
6588, 5
6589, 5
6590, 5
6591, 5
6592, 5
6593, 4
6594, 4
6595, 4
6596, 3
6597, 3
6598, 3
6599, 5
6600, 2
6601, 2
6602, 4
6603, 4
6604, 4
6605, 4
6606, 4
6607, 5
6608, 7
6609, 6
6610, 6
6611, 7
6612, 7
6613, 7
6614, 7
6615, 7
6616, 6
6617, 4
6618, 3
6619, 2
6620, 2
6621, 3
6622, 3
6623, 3
6624, 4
6625, 4
6626, 3
6627, 5
6628, 4
6629, 4
6630, 5
6631, 5
6632, 3
6633, 5
6634, 4
6635, 4
6636, 4
6637, 4
6638, 4
6639, 4
6640, 5
6641, 3
6642, 3
6643, 3
6644, 5
6645, 5
6646, 5
6647, 5
6648, 5
6649, 4
6650, 2
6651, 2
6652, 2
6653, 1
6654, 1
6655, 2
6656, 2
6657, 2
6658, 2
6659, 2
6660, 2
6661, 4
6662, 3
6663, 3
6664, 3
6665, 3
6666, 3
6667, 3
6668, 2
6669, 4
6670, 3
6671, 3
6672, 4
6673, 4
6674, 8
6675, 4
6676, 4
6677, 4
6678, 4
6679, 2
6680, 1
6681, 2
6682, 2
6683, 3
6684, 4
6685, 4
6686, 6
6687, 6
6688, 6
6689, 7
6690, 7
6691, 7
6692, 6
6693, 4
6694, 4
6695, 4
6696, 1
6697, 2
6698, 1
6699, 2
6700, 2
6701, 3
6702, 3
6703, 3
6704, 4
6705, 7
6706, 7
6707, 4
6708, 4
6709, 4
6710, 2
6711, 2
6712, 5
6713, 3
6714, 3
6715, 4
6716, 3
6717, 3
6718, 3
6719, 4
6720, 3
6721, 2
6722, 2
6723, 2
6724, 2
6725, 3
6726, 4
6727, 1
6728, 3
6729, 6
6730, 6
6731, 6
6732, 6
6733, 6
6734, 4
6735, 4
6736, 4
6737, 4
6738, 5
6739, 5
6740, 5
6741, 5
6742, 5
6743, 5
6744, 4
6745, 4
6746, 4
6747, 4
6748, 4
6749, 1
6750, 1
6751, 1
6752, 3
6753, 4
6754, 4
6755, 4
6756, 3
6757, 3
6758, 5
6759, 5
6760, 5
6761, 5
6762, 4
6763, 4
6764, 5
6765, 5
6766, 5
6767, 1
6768, 3
6769, 2
6770, 2
6771, 2
6772, 1
6773, 2
6774, 2
6775, 4
6776, 2
6777, 2
6778, 2
6779, 2
6780, 4
6781, 4
6782, 4
6783, 4
6784, 4
6785, 3
6786, 3
6787, 3
6788, 3
6789, 3
6790, 3
6791, 3
6792, 1
6793, 1
6794, 1
6795, 1
6796, 3
6797, 3
6798, 3
6799, 3
6800, 2
6801, 2
6802, 4
6803, 4
6804, 6
6805, 5
6806, 5
6807, 5
6808, 4
6809, 4
6810, 4
6811, 3
6812, 3
6813, 6
6814, 2
6815, 2
6816, 2
6817, 4
6818, 4
6819, 3
6820, 3
6821, 6
6822, 6
6823, 6
6824, 6
6825, 3
6826, 3
6827, 3
6828, 3
6829, 3
6830, 3
6831, 3
6832, 5
6833, 6
6834, 6
6835, 6
6836, 4
6837, 4
6838, 6
6839, 6
6840, 6
6841, 5
6842, 5
6843, 5
6844, 6
6845, 4
6846, 5
6847, 5
6848, 5
6849, 4
6850, 4
6851, 5
6852, 2
6853, 2
6854, 3
6855, 3
6856, 3
6857, 3
6858, 3
6859, 3
6860, 2
6861, 2
6862, 3
6863, 3
6864, 6
6865, 6
6866, 3
6867, 1
6868, 1
6869, 1
6870, 3
6871, 3
6872, 3
6873, 3
6874, 3
6875, 4
6876, 4
6877, 5
6878, 5
6879, 5
6880, 5
6881, 4
6882, 4
6883, 5
6884, 5
6885, 6
6886, 6
6887, 6
6888, 6
6889, 6
6890, 6
6891, 6
6892, 7
6893, 7
6894, 2
6895, 4
6896, 4
6897, 4
6898, 4
6899, 4
6900, 5
6901, 5
6902, 2
6903, 2
6904, 3
6905, 3
6906, 4
6907, 3
6908, 3
6909, 3
6910, 3
6911, 3
6912, 3
6913, 3
6914, 5
6915, 5
6916, 5
6917, 2
6918, 2
6919, 2
6920, 2
6921, 2
6922, 4
6923, 4
6924, 3
6925, 4
6926, 4
6927, 3
6928, 3
6929, 3
6930, 5
6931, 4
6932, 4
6933, 4
6934, 4
6935, 4
6936, 2
6937, 2
6938, 3
6939, 3
6940, 3
6941, 3
6942, 3
6943, 3
6944, 4
6945, 4
6946, 4
6947, 5
6948, 5
6949, 5
6950, 5
6951, 4
6952, 4
6953, 7
6954, 7
6955, 6
6956, 5
6957, 5
6958, 5
6959, 5
6960, 5
6961, 1
6962, 1
6963, 3
6964, 2
6965, 2
6966, 6
6967, 6
6968, 7
6969, 7
6970, 2
6971, 3
6972, 3
6973, 1
6974, 4
6975, 4
6976, 5
6977, 5
6978, 3
6979, 3
6980, 3
6981, 3
6982, 3
6983, 5
6984, 4
6985, 4
6986, 4
6987, 4
6988, 5
6989, 1
6990, 3
6991, 7
6992, 7
6993, 7
6994, 7
6995, 7
6996, 7
6997, 7
6998, 7
6999, 7
7000, 7
7001, 7
7002, 3
7003, 5
7004, 5
7005, 5
7006, 5
7007, 3
7008, 3
7009, 3
7010, 4
7011, 4
7012, 4
7013, 3
7014, 3
7015, 3
7016, 3
7017, 4
7018, 3
7019, 3
7020, 3
7021, 3
7022, 2
7023, 4
7024, 4
7025, 4
7026, 4
7027, 4
7028, 6
7029, 6
7030, 5
7031, 5
7032, 5
7033, 4
7034, 4
7035, 5
7036, 5
7037, 5
7038, 5
7039, 5
7040, 6
7041, 3
7042, 3
7043, 3
7044, 3
7045, 3
7046, 3
7047, 2
7048, 5
7049, 5
7050, 5
7051, 4
7052, 5
7053, 3
7054, 3
7055, 3
7056, 3
7057, 3
7058, 3
7059, 3
7060, 3
7061, 2
7062, 2
7063, 3
7064, 5
7065, 5
7066, 5
7067, 5
7068, 5
7069, 5
7070, 5
7071, 5
7072, 5
7073, 5
7074, 6
7075, 6
7076, 7
7077, 7
7078, 5
7079, 5
7080, 5
7081, 5
7082, 5
7083, 12
7084, 3
7085, 3
7086, 5
7087, 5
7088, 5
7089, 5
7090, 3
7091, 4
7092, 3
7093, 3
7094, 3
7095, 1
7096, 1
7097, 1
7098, 2
7099, 4
7100, 6
7101, 3
7102, 3
7103, 3
7104, 4
7105, 4
7106, 4
7107, 2
7108, 2
7109, 2
7110, 3
7111, 3
7112, 2
7113, 3
7114, 4
7115, 4
7116, 4
7117, 4
7118, 4
7119, 4
7120, 4
7121, 4
7122, 4
7123, 2
7124, 2
7125, 2
7126, 3
7127, 3
7128, 3
7129, 3
7130, 3
7131, 2
7132, 2
7133, 2
7134, 2
7135, 3
7136, 3
7137, 3
7138, 5
7139, 3
7140, 3
7141, 5
7142, 5
7143, 5
7144, 6
7145, 6
7146, 7
7147, 9
7148, 9
7149, 5
7150, 4
7151, 6
7152, 6
7153, 6
7154, 6
7155, 5
7156, 3
7157, 4
7158, 4
7159, 5
7160, 4
7161, 4
7162, 2
7163, 3
7164, 3
7165, 2
7166, 2
7167, 2
7168, 3
7169, 2
7170, 2
7171, 2
7172, 3
7173, 3
7174, 4
7175, 4
7176, 2
7177, 2
7178, 2
7179, 2
7180, 2
7181, 4
7182, 4
7183, 5
7184, 6
7185, 4
7186, 4
7187, 3
7188, 2
7189, 3
7190, 4
7191, 3
7192, 2
7193, 2
7194, 2
7195, 3
7196, 2
7197, 3
7198, 7
7199, 6
7200, 6
7201, 3
7202, 3
7203, 2
7204, 2
7205, 2
7206, 2
7207, 2
7208, 2
7209, 2
7210, 2
7211, 2
7212, 2
7213, 3
7214, 4
7215, 4
7216, 4
7217, 2
7218, 2
7219, 3
7220, 3
7221, 3
7222, 3
7223, 3
7224, 3
7225, 3
7226, 4
7227, 4
7228, 4
7229, 4
7230, 2
7231, 2
7232, 2
7233, 2
7234, 2
7235, 2
7236, 2
7237, 2
7238, 1
7239, 3
7240, 3
7241, 5
7242, 5
7243, 8
7244, 4
7245, 4
7246, 4
7247, 4
7248, 4
7249, 4
7250, 5
7251, 5
7252, 3
7253, 3
7254, 4
7255, 2
7256, 3
7257, 3
7258, 2
7259, 7
7260, 3
7261, 5
7262, 5
7263, 5
7264, 5
7265, 6
7266, 6
7267, 6
7268, 6
7269, 4
7270, 4
7271, 4
7272, 4
7273, 4
7274, 3
7275, 3
7276, 2
7277, 2
7278, 4
7279, 5
7280, 2
7281, 2
7282, 5
7283, 5
7284, 5
7285, 5
7286, 5
7287, 5
7288, 2
7289, 2
7290, 2
7291, 5
7292, 5
7293, 5
7294, 5
7295, 5
7296, 5
7297, 5
7298, 5
7299, 4
7300, 4
7301, 4
7302, 4
7303, 4
7304, 3
7305, 3
7306, 3
7307, 1
7308, 1
7309, 2
7310, 5
7311, 5
7312, 5
7313, 5
7314, 4
7315, 4
7316, 5
7317, 5
7318, 5
7319, 4
7320, 5
7321, 6
7322, 3
7323, 2
7324, 7
7325, 5
7326, 5
7327, 5
7328, 5
7329, 4
7330, 4
7331, 4
7332, 5
7333, 5
7334, 3
7335, 4
7336, 3
7337, 3
7338, 3
7339, 3
7340, 2
7341, 1
7342, 4
7343, 4
7344, 3
7345, 4
7346, 5
7347, 4
7348, 7
7349, 8
7350, 8
7351, 7
7352, 7
7353, 9
7354, 8
7355, 6
7356, 7
7357, 11
7358, 11
7359, 7
7360, 7
7361, 7
7362, 7
7363, 3
7364, 2
7365, 2
7366, 3
7367, 6
7368, 6
7369, 6
7370, 5
7371, 4
7372, 4
7373, 4
7374, 3
7375, 3
7376, 3
7377, 3
7378, 5
7379, 4
7380, 4
7381, 4
7382, 4
7383, 4
7384, 4
7385, 4
7386, 4
7387, 3
7388, 3
7389, 4
7390, 2
7391, 4
7392, 3
7393, 3
7394, 3
7395, 3
7396, 3
7397, 3
7398, 3
7399, 6
7400, 7
7401, 2
7402, 4
7403, 2
7404, 2
7405, 2
7406, 3
7407, 5
7408, 3
7409, 3
7410, 1
7411, 3
7412, 3
7413, 3
7414, 11
7415, 3
7416, 3
7417, 3
7418, 3
7419, 3
7420, 3
7421, 3
7422, 3
7423, 3
7424, 6
7425, 6
7426, 2
7427, 2
7428, 2
7429, 2
7430, 3
7431, 3
7432, 3
7433, 3
7434, 3
7435, 3
7436, 3
7437, 2
7438, 2
7439, 2
7440, 3
7441, 3
7442, 3
7443, 2
7444, 2
7445, 3
7446, 5
7447, 5
7448, 2
7449, 2
7450, 2
7451, 2
7452, 2
7453, 2
7454, 3
7455, 3
7456, 3
7457, 1
7458, 1
7459, 1
7460, 1
7461, 1
7462, 1
7463, 3
7464, 3
7465, 3
7466, 3
7467, 3
7468, 4
7469, 5
7470, 2
7471, 3
7472, 2
7473, 3
7474, 3
7475, 3
7476, 3
7477, 3
7478, 4
7479, 4
7480, 3
7481, 2
7482, 2
7483, 3
7484, 3
7485, 3
7486, 3
7487, 3
7488, 3
7489, 2
7490, 2
7491, 2
7492, 2
7493, 2
7494, 2
7495, 4
7496, 4
7497, 4
7498, 2
7499, 4
7500, 3
7501, 3
7502, 4
7503, 4
7504, 4
7505, 4
7506, 4
7507, 3
7508, 3
7509, 1
7510, 1
7511, 3
7512, 2
7513, 6
7514, 5
7515, 4
7516, 3
7517, 4
7518, 2
7519, 4
7520, 4
7521, 5
7522, 5
7523, 5
7524, 4
7525, 6
7526, 6
7527, 6
7528, 8
7529, 8
7530, 8
7531, 2
7532, 2
7533, 2
7534, 2
7535, 4
7536, 4
7537, 3
7538, 2
7539, 4
7540, 4
7541, 2
7542, 2
7543, 3
7544, 3
7545, 4
7546, 4
7547, 5
7548, 5
7549, 5
7550, 5
7551, 6
7552, 6
7553, 3
7554, 3
7555, 3
7556, 3
7557, 3
7558, 1
7559, 5
7560, 4
7561, 5
7562, 1
7563, 3
7564, 6
7565, 6
7566, 4
7567, 4
7568, 4
7569, 3
7570, 3
7571, 2
7572, 2
7573, 3
7574, 3
7575, 3
7576, 1
7577, 3
7578, 3
7579, 3
7580, 3
7581, 3
7582, 1
7583, 1
7584, 1
7585, 6
7586, 3
7587, 4
7588, 4
7589, 4
7590, 2
7591, 2
7592, 1
7593, 1
7594, 3
7595, 3
7596, 3
7597, 3
7598, 3
7599, 3
7600, 3
7601, 4
7602, 4
7603, 4
7604, 4
7605, 2
7606, 3
7607, 3
7608, 4
7609, 4
7610, 7
7611, 7
7612, 5
7613, 5
7614, 4
7615, 3
7616, 3
7617, 4
7618, 5
7619, 3
7620, 3
7621, 3
7622, 4
7623, 9
7624, 4
7625, 6
7626, 6
7627, 6
7628, 6
7629, 1
7630, 1
7631, 1
7632, 5
7633, 4
7634, 4
7635, 4
7636, 4
7637, 5
7638, 6
7639, 6
7640, 6
7641, 6
7642, 6
7643, 5
7644, 6
7645, 6
7646, 7
7647, 7
7648, 9
7649, 8
7650, 5
7651, 5
7652, 4
7653, 2
7654, 2
7655, 2
7656, 2
7657, 5
7658, 5
7659, 5
7660, 5
7661, 5
7662, 5
7663, 3
7664, 3
7665, 3
7666, 3
7667, 5
7668, 6
7669, 6
7670, 6
7671, 6
7672, 3
7673, 4
7674, 4
7675, 4
7676, 4
7677, 4
7678, 4
7679, 4
7680, 4
7681, 2
7682, 4
7683, 4
7684, 4
7685, 5
7686, 5
7687, 5
7688, 5
7689, 9
7690, 5
7691, 5
7692, 7
7693, 8
7694, 8
7695, 7
7696, 2
7697, 2
7698, 6
7699, 6
7700, 6
7701, 6
7702, 6
7703, 6
7704, 4
7705, 4
7706, 2
7707, 5
7708, 6
7709, 6
7710, 5
7711, 5
7712, 5
7713, 3
7714, 3
7715, 3
7716, 4
7717, 8
7718, 8
7719, 8
7720, 8
7721, 7
7722, 5
7723, 3
7724, 3
7725, 3
7726, 4
7727, 4
7728, 3
7729, 6
7730, 6
7731, 5
7732, 5
7733, 5
7734, 5
7735, 5
7736, 5
7737, 5
7738, 4
7739, 4
7740, 4
7741, 4
7742, 6
7743, 3
7744, 3
7745, 4
7746, 4
7747, 8
7748, 8
7749, 8
7750, 8
7751, 4
7752, 4
7753, 6
7754, 4
7755, 3
7756, 4
7757, 4
7758, 4
7759, 4
7760, 4
7761, 3
7762, 5
7763, 5
7764, 5
7765, 4
7766, 4
7767, 4
7768, 3
7769, 4
7770, 4
7771, 4
7772, 4
7773, 2
7774, 2
7775, 2
7776, 2
7777, 3
7778, 5
7779, 4
7780, 4
7781, 4
7782, 4
7783, 4
7784, 4
7785, 4
7786, 4
7787, 4
7788, 5
7789, 5
7790, 5
7791, 4
7792, 4
7793, 4
7794, 6
7795, 6
7796, 5
7797, 4
7798, 4
7799, 4
7800, 4
7801, 4
7802, 4
7803, 4
7804, 4
7805, 4
7806, 4
7807, 5
7808, 5
7809, 4
7810, 4
7811, 4
7812, 4
7813, 5
7814, 5
7815, 11
7816, 1
7817, 2
7818, 3
7819, 3
7820, 3
7821, 3
7822, 3
7823, 1
7824, 2
7825, 3
7826, 3
7827, 4
7828, 4
7829, 3
7830, 3
7831, 2
7832, 3
7833, 2
7834, 2
7835, 2
7836, 2
7837, 4
7838, 4
7839, 4
7840, 4
7841, 4
7842, 5
7843, 5
7844, 2
7845, 2
7846, 2
7847, 2
7848, 2
7849, 2
7850, 2
7851, 5
7852, 3
7853, 5
7854, 4
7855, 2
7856, 5
7857, 5
7858, 6
7859, 4
7860, 4
7861, 2
7862, 2
7863, 2
7864, 2
7865, 2
7866, 2
7867, 2
7868, 2
7869, 2
7870, 3
7871, 3
7872, 2
7873, 2
7874, 2
7875, 3
7876, 3
7877, 2
7878, 2
7879, 2
7880, 3
7881, 2
7882, 3
7883, 3
7884, 3
7885, 3
7886, 1
7887, 1
7888, 2
7889, 4
7890, 3
7891, 3
7892, 3
7893, 5
7894, 6
7895, 6
7896, 5
7897, 6
7898, 4
7899, 4
7900, 4
7901, 3
7902, 5
7903, 6
7904, 6
7905, 6
7906, 3
7907, 3
7908, 3
7909, 3
7910, 2
7911, 3
7912, 3
7913, 3
7914, 3
7915, 4
7916, 4
7917, 3
7918, 3
7919, 4
7920, 6
7921, 7
7922, 6
7923, 6
7924, 6
7925, 4
7926, 4
7927, 4
7928, 4
7929, 4
7930, 4
7931, 4
7932, 6
7933, 4
7934, 3
7935, 3
7936, 2
7937, 2
7938, 3
7939, 4
7940, 5
7941, 5
7942, 5
7943, 6
7944, 6
7945, 6
7946, 3
7947, 5
7948, 5
7949, 2
7950, 2
7951, 3
7952, 3
7953, 3
7954, 6
7955, 4
7956, 6
7957, 2
7958, 2
7959, 3
7960, 3
7961, 3
7962, 3
7963, 3
7964, 4
7965, 5
7966, 5
7967, 5
7968, 3
7969, 4
7970, 6
7971, 5
7972, 4
7973, 3
7974, 3
7975, 3
7976, 3
7977, 7
7978, 4
7979, 3
7980, 3
7981, 6
7982, 6
7983, 5
7984, 5
7985, 4
7986, 4
7987, 3
7988, 4
7989, 2
7990, 1
7991, 2
7992, 2
7993, 2
7994, 4
7995, 5
7996, 5
7997, 7
7998, 7
7999, 7
8000, 3
8001, 3
8002, 3
8003, 3
8004, 2
8005, 1
8006, 2
8007, 2
8008, 3
8009, 3
8010, 4
8011, 4
8012, 2
8013, 4
8014, 3
8015, 4
8016, 4
8017, 4
8018, 4
8019, 3
8020, 3
8021, 3
8022, 3
8023, 3
8024, 3
8025, 2
8026, 1
8027, 1
8028, 1
8029, 3
8030, 3
8031, 4
8032, 3
8033, 2
8034, 2
8035, 3
8036, 3
8037, 2
8038, 1
8039, 1
8040, 1
8041, 1
8042, 1
8043, 1
8044, 1
8045, 1
8046, 1
8047, 4
8048, 4
8049, 5
8050, 5
8051, 5
8052, 5
8053, 5
8054, 3
8055, 3
8056, 3
8057, 5
8058, 5
8059, 4
8060, 1
8061, 3
8062, 3
8063, 5
8064, 4
8065, 4
8066, 5
8067, 3
8068, 2
8069, 2
8070, 2
8071, 2
8072, 2
8073, 3
8074, 3
8075, 5
8076, 5
8077, 7
8078, 7
8079, 4
8080, 4
8081, 3
8082, 3
8083, 3
8084, 3
8085, 2
8086, 2
8087, 2
8088, 2
8089, 2
8090, 3
8091, 6
8092, 6
8093, 6
8094, 6
8095, 6
8096, 6
8097, 6
8098, 3
8099, 6
8100, 2
8101, 2
8102, 2
8103, 5
8104, 5
8105, 4
8106, 4
8107, 1
8108, 1
8109, 1
8110, 2
8111, 2
8112, 5
8113, 5
8114, 5
8115, 6
8116, 5
8117, 4
8118, 2
8119, 1
8120, 4
8121, 3
8122, 3
8123, 2
8124, 2
8125, 2
8126, 3
8127, 3
8128, 2
8129, 4
8130, 4
8131, 4
8132, 6
8133, 6
8134, 6
8135, 5
8136, 2
8137, 2
8138, 2
8139, 2
8140, 2
8141, 3
8142, 4
8143, 3
8144, 5
8145, 6
8146, 6
8147, 3
8148, 3
8149, 3
8150, 3
8151, 3
8152, 3
8153, 3
8154, 4
8155, 5
8156, 5
8157, 5
8158, 7
8159, 2
8160, 5
8161, 3
8162, 3
8163, 2
8164, 3
8165, 3
8166, 5
8167, 5
8168, 4
8169, 4
8170, 3
8171, 2
8172, 2
8173, 7
8174, 7
8175, 7
8176, 6
8177, 6
8178, 6
8179, 3
8180, 3
8181, 3
8182, 3
8183, 3
8184, 4
8185, 4
8186, 5
8187, 5
8188, 5
8189, 6
8190, 6
8191, 7
8192, 7
8193, 7
8194, 7
8195, 7
8196, 8
8197, 7
8198, 8
8199, 4
8200, 3
8201, 3
8202, 3
8203, 3
8204, 2
8205, 3
8206, 2
8207, 4
8208, 5
8209, 7
8210, 4
8211, 4
8212, 4
8213, 4
8214, 4
8215, 3
8216, 4
8217, 4
8218, 4
8219, 4
8220, 4
8221, 3
8222, 7
8223, 7
8224, 7
8225, 7
8226, 7
8227, 7
8228, 6
8229, 2
8230, 3
8231, 3
8232, 3
8233, 2
8234, 3
8235, 3
8236, 4
8237, 5
8238, 3
8239, 2
8240, 3
8241, 2
8242, 2
8243, 2
8244, 2
8245, 3
8246, 3
8247, 4
8248, 5
8249, 6
8250, 4
8251, 4
8252, 4
8253, 4
8254, 4
8255, 4
8256, 3
8257, 3
8258, 4
8259, 7
8260, 7
8261, 7
8262, 6
8263, 6
8264, 3
8265, 3
8266, 2
8267, 2
8268, 2
8269, 2
8270, 1
8271, 2
8272, 2
8273, 5
8274, 5
8275, 8
8276, 5
8277, 5
8278, 5
8279, 5
8280, 5
8281, 5
8282, 2
8283, 2
8284, 2
8285, 7
8286, 4
8287, 5
8288, 5
8289, 5
8290, 6
8291, 6
8292, 6
8293, 5
8294, 4
8295, 4
8296, 4
8297, 2
8298, 2
8299, 3
8300, 5
8301, 3
8302, 2
8303, 3
8304, 5
8305, 3
8306, 3
8307, 3
8308, 6
8309, 4
8310, 4
8311, 3
8312, 3
8313, 3
8314, 3
8315, 3
8316, 3
8317, 4
8318, 4
8319, 5
8320, 6
8321, 3
8322, 3
8323, 3
8324, 3
8325, 3
8326, 3
8327, 3
8328, 3
8329, 2
8330, 2
8331, 2
8332, 3
8333, 3
8334, 4
8335, 4
8336, 4
8337, 3
8338, 3
8339, 3
8340, 5
8341, 6
8342, 4
8343, 5
8344, 5
8345, 5
8346, 5
8347, 4
8348, 1
8349, 1
8350, 1
8351, 4
8352, 4
8353, 3
8354, 1
8355, 1
8356, 1
8357, 1
8358, 1
8359, 1
8360, 2
8361, 2
8362, 3
8363, 3
8364, 2
8365, 3
8366, 3
8367, 3
8368, 4
8369, 5
8370, 4
8371, 4
8372, 4
8373, 8
8374, 7
8375, 7
8376, 7
8377, 5
8378, 3
8379, 3
8380, 4
8381, 4
8382, 2
8383, 2
8384, 2
8385, 3
8386, 3
8387, 3
8388, 3
8389, 3
8390, 3
8391, 3
8392, 4
8393, 8
8394, 8
8395, 3
8396, 3
8397, 3
8398, 3
8399, 3
8400, 3
8401, 4
8402, 4
8403, 3
8404, 5
8405, 5
8406, 7
8407, 6
8408, 7
8409, 3
8410, 5
8411, 5
8412, 5
8413, 4
8414, 4
8415, 4
8416, 4
8417, 3
8418, 6
8419, 5
8420, 7
8421, 5
8422, 5
8423, 5
8424, 5
8425, 3
8426, 4
8427, 2
8428, 2
8429, 3
8430, 1
8431, 1
8432, 1
8433, 1
8434, 1
8435, 1
8436, 1
8437, 3
8438, 3
8439, 5
8440, 5
8441, 4
8442, 7
8443, 7
8444, 6
8445, 2
8446, 2
8447, 2
8448, 5
8449, 5
8450, 4
8451, 5
8452, 4
8453, 3
8454, 5
8455, 7
8456, 5
8457, 5
8458, 6
8459, 4
8460, 4
8461, 4
8462, 6
8463, 7
8464, 5
8465, 5
8466, 5
8467, 5
8468, 4
8469, 4
8470, 3
8471, 2
8472, 5
8473, 5
8474, 5
8475, 5
8476, 6
8477, 4
8478, 4
8479, 4
8480, 4
8481, 4
8482, 4
8483, 8
8484, 5
8485, 5
8486, 4
8487, 3
8488, 3
8489, 3
8490, 3
8491, 4
8492, 4
8493, 3
8494, 2
8495, 3
8496, 3
8497, 4
8498, 5
8499, 4
8500, 7
8501, 7
8502, 7
8503, 7
8504, 6
8505, 4
8506, 4
8507, 4
8508, 4
8509, 4
8510, 3
8511, 3
8512, 4
8513, 7
8514, 6
8515, 2
8516, 1
8517, 1
8518, 1
8519, 1
8520, 1
8521, 1
8522, 1
8523, 1
8524, 1
8525, 2
8526, 2
8527, 4
8528, 4
8529, 4
8530, 4
8531, 5
8532, 3
8533, 3
8534, 3
8535, 3
8536, 3
8537, 3
8538, 3
8539, 3
8540, 3
8541, 3
8542, 3
8543, 2
8544, 2
8545, 2
8546, 1
8547, 1
8548, 3
8549, 6
8550, 6
8551, 6
8552, 3
8553, 4
8554, 4
8555, 4
8556, 4
8557, 3
8558, 3
8559, 1
8560, 3
8561, 4
8562, 5
8563, 3
8564, 4
8565, 4
8566, 4
8567, 2
8568, 2
8569, 3
8570, 2
8571, 2
8572, 2
8573, 2
8574, 5
8575, 2
8576, 2
8577, 3
8578, 3
8579, 3
8580, 3
8581, 6
8582, 6
8583, 6
8584, 5
8585, 4
8586, 4
8587, 4
8588, 4
8589, 4
8590, 5
8591, 5
8592, 5
8593, 4
8594, 8
8595, 8
8596, 6
8597, 6
8598, 5
8599, 5
8600, 2
8601, 6
8602, 6
8603, 5
8604, 5
8605, 1
8606, 3
8607, 6
8608, 4
8609, 5
8610, 5
8611, 5
8612, 4
8613, 4
8614, 4
8615, 4
8616, 2
8617, 2
8618, 2
8619, 2
8620, 3
8621, 3
8622, 3
8623, 1
8624, 2
8625, 2
8626, 2
8627, 6
8628, 6
8629, 6
8630, 6
8631, 3
8632, 3
8633, 3
8634, 3
8635, 3
8636, 4
8637, 4
8638, 3
8639, 3
8640, 3
8641, 2
8642, 4
8643, 4
8644, 4
8645, 2
8646, 2
8647, 5
8648, 5
8649, 5
8650, 3
8651, 3
8652, 3
8653, 1
8654, 1
8655, 1
8656, 1
8657, 1
8658, 1
8659, 5
8660, 5
8661, 3
8662, 6
8663, 2
8664, 3
8665, 4
8666, 3
8667, 3
8668, 3
8669, 3
8670, 2
8671, 2
8672, 2
8673, 7
8674, 7
8675, 4
8676, 2
8677, 2
8678, 2
8679, 3
8680, 3
8681, 7
8682, 6
8683, 2
8684, 4
8685, 4
8686, 7
8687, 3
8688, 3
8689, 3
8690, 3
8691, 3
8692, 2
8693, 2
8694, 2
8695, 2
8696, 4
8697, 5
8698, 5
8699, 10
8700, 8
8701, 8
8702, 8
8703, 8
8704, 8
8705, 5
8706, 5
8707, 6
8708, 6
8709, 3
8710, 3
8711, 3
8712, 3
8713, 3
8714, 3
8715, 3
8716, 3
8717, 3
8718, 3
8719, 3
8720, 3
8721, 3
8722, 6
8723, 6
8724, 6
8725, 5
8726, 4
8727, 4
8728, 4
8729, 4
8730, 5
8731, 4
8732, 4
8733, 4
8734, 4
8735, 4
8736, 4
8737, 4
8738, 4
8739, 3
8740, 3
8741, 5
8742, 2
8743, 2
8744, 2
8745, 2
8746, 2
8747, 1
8748, 1
8749, 1
8750, 1
8751, 1
8752, 1
8753, 1
8754, 1
8755, 1
8756, 1
8757, 1
8758, 1
8759, 1
8760, 3
8761, 3
8762, 5
8763, 4
8764, 6
8765, 5
8766, 2
8767, 4
8768, 4
8769, 4
8770, 4
8771, 1
8772, 1
8773, 1
8774, 1
8775, 1
8776, 1
8777, 1
8778, 1
8779, 1
8780, 1
8781, 1
8782, 1
8783, 1
8784, 1
8785, 3
8786, 3
8787, 3
8788, 4
8789, 3
8790, 2
8791, 2
8792, 2
8793, 1
8794, 1
8795, 2
8796, 2
8797, 3
8798, 4
8799, 2
8800, 3
8801, 3
8802, 1
8803, 1
8804, 1
8805, 1
8806, 1
8807, 1
8808, 1
8809, 1
8810, 1
8811, 4
8812, 4
8813, 2
8814, 2
8815, 6
8816, 3
8817, 5
8818, 4
8819, 1
8820, 2
8821, 2
8822, 6
8823, 6
8824, 6
8825, 7
8826, 5
8827, 2
8828, 2
8829, 2
8830, 3
8831, 3
8832, 3
8833, 3
8834, 2
8835, 3
8836, 4
8837, 4
8838, 4
8839, 6
8840, 4
8841, 5
8842, 5
8843, 5
8844, 2
8845, 2
8846, 2
8847, 2
8848, 2
8849, 4
8850, 4
8851, 5
8852, 4
8853, 4
8854, 4
8855, 4
8856, 1
8857, 3
8858, 3
8859, 3
8860, 3
8861, 3
8862, 3
8863, 3
8864, 4
8865, 4
8866, 4
8867, 3
8868, 3
8869, 3
8870, 3
8871, 4
8872, 4
8873, 5
8874, 5
8875, 4
8876, 4
8877, 2
8878, 2
8879, 3
8880, 4
8881, 5
8882, 3
8883, 3
8884, 3
8885, 4
8886, 4
8887, 4
8888, 3
8889, 5
8890, 1
8891, 3
8892, 9
8893, 9
8894, 9
8895, 9
8896, 11
8897, 7
8898, 7
8899, 7
8900, 2
8901, 2
8902, 2
8903, 2
8904, 2
8905, 2
8906, 3
8907, 4
8908, 4
8909, 4
8910, 4
8911, 3
8912, 3
8913, 3
8914, 3
8915, 2
8916, 2
8917, 2
8918, 3
8919, 4
8920, 4
8921, 4
8922, 4
8923, 6
8924, 4
8925, 3
8926, 3
8927, 5
8928, 6
8929, 3
8930, 3
8931, 3
8932, 3
8933, 3
8934, 9
8935, 9
8936, 9
8937, 9
8938, 8
8939, 6
8940, 5
8941, 5
8942, 6
8943, 3
8944, 3
8945, 8
8946, 6
8947, 6
8948, 2
8949, 2
8950, 2
8951, 2
8952, 2
8953, 2
8954, 2
8955, 2
8956, 5
8957, 6
8958, 6
8959, 5
8960, 5
8961, 5
8962, 3
8963, 2
8964, 2
8965, 4
8966, 1
8967, 1
8968, 2
8969, 2
8970, 2
8971, 3
8972, 4
8973, 5
8974, 5
8975, 4
8976, 4
8977, 2
8978, 2
8979, 4
8980, 5
8981, 5
8982, 5
8983, 5
8984, 5
8985, 3
8986, 3
8987, 3
8988, 5
8989, 5
8990, 5
8991, 5
8992, 5
8993, 5
8994, 5
8995, 5
8996, 7
8997, 4
8998, 4
8999, 3
9000, 3
9001, 3
9002, 4
9003, 3
9004, 3
9005, 3
9006, 3
9007, 3
9008, 5
9009, 3
9010, 5
9011, 5
9012, 4
9013, 4
9014, 4
9015, 4
9016, 4
9017, 5
9018, 5
9019, 5
9020, 5
9021, 5
9022, 5
9023, 4
9024, 4
9025, 5
9026, 5
9027, 5
9028, 4
9029, 4
9030, 5
9031, 5
9032, 2
9033, 2
9034, 2
9035, 2
9036, 4
9037, 10
9038, 10
9039, 10
9040, 5
9041, 5
9042, 5
9043, 5
9044, 5
9045, 5
9046, 3
9047, 3
9048, 5
9049, 5
9050, 6
9051, 6
9052, 7
9053, 5
9054, 4
9055, 2
9056, 2
9057, 2
9058, 2
9059, 3
9060, 4
9061, 4
9062, 4
9063, 2
9064, 3
9065, 2
9066, 2
9067, 2
9068, 2
9069, 2
9070, 2
9071, 7
9072, 6
9073, 6
9074, 3
9075, 4
9076, 4
9077, 2
9078, 2
9079, 2
9080, 2
9081, 5
9082, 5
9083, 5
9084, 5
9085, 5
9086, 6
9087, 5
9088, 5
9089, 7
9090, 7
9091, 7
9092, 6
9093, 6
9094, 7
9095, 7
9096, 5
9097, 4
9098, 4
9099, 3
9100, 3
9101, 3
9102, 3
9103, 4
9104, 4
9105, 5
9106, 5
9107, 5
9108, 6
9109, 6
9110, 7
9111, 7
9112, 7
9113, 6
9114, 3
9115, 2
9116, 4
9117, 4
9118, 4
9119, 4
9120, 4
9121, 4
9122, 4
9123, 4
9124, 5
9125, 5
9126, 5
9127, 5
9128, 5
9129, 3
9130, 3
9131, 3
9132, 3
9133, 4
9134, 6
9135, 7
9136, 7
9137, 3
9138, 4
9139, 4
9140, 4
9141, 2
9142, 2
9143, 2
9144, 2
9145, 1
9146, 2
9147, 4
9148, 4
9149, 5
9150, 6
9151, 3
9152, 4
9153, 1
9154, 4
9155, 2
9156, 2
9157, 2
9158, 2
9159, 3
9160, 3
9161, 3
9162, 4
9163, 5
9164, 6
9165, 5
9166, 5
9167, 6
9168, 6
9169, 8
9170, 3
9171, 4
9172, 4
9173, 4
9174, 4
9175, 4
9176, 4
9177, 4
9178, 4
9179, 4
9180, 4
9181, 1
9182, 2
9183, 2
9184, 2
9185, 4
9186, 3
9187, 4
9188, 4
9189, 3
9190, 3
9191, 2
9192, 2
9193, 2
9194, 2
9195, 2
9196, 2
9197, 2
9198, 2
9199, 2
9200, 1
9201, 2
9202, 2
9203, 4
9204, 3
9205, 3
9206, 1
9207, 5
9208, 3
9209, 6
9210, 5
9211, 5
9212, 6
9213, 6
9214, 3
9215, 3
9216, 3
9217, 4
9218, 4
9219, 4
9220, 3
9221, 3
9222, 3
9223, 5
9224, 5
9225, 4
9226, 5
9227, 6
9228, 6
9229, 7
9230, 6
9231, 6
9232, 6
9233, 6
9234, 6
9235, 6
9236, 6
9237, 3
9238, 4
9239, 4
9240, 3
9241, 3
9242, 3
9243, 5
9244, 5
9245, 2
9246, 2
9247, 2
9248, 2
9249, 2
9250, 5
9251, 5
9252, 5
9253, 5
9254, 5
9255, 4
9256, 4
9257, 2
9258, 4
9259, 4
9260, 5
9261, 3
9262, 5
9263, 3
9264, 3
9265, 3
9266, 5
9267, 5
9268, 3
9269, 3
9270, 3
9271, 4
9272, 9
9273, 9
9274, 9
9275, 4
9276, 4
9277, 5
9278, 6
9279, 4
9280, 4
9281, 4
9282, 4
9283, 4
9284, 4
9285, 4
9286, 5
9287, 2
9288, 2
9289, 6
9290, 7
9291, 7
9292, 7
9293, 7
9294, 7
9295, 8
9296, 3
9297, 3
9298, 8
9299, 8
9300, 8
9301, 8
9302, 7
9303, 5
9304, 5
9305, 5
9306, 5
9307, 5
9308, 5
9309, 4
9310, 4
9311, 1
9312, 3
9313, 3
9314, 3
9315, 1
9316, 1
9317, 1
9318, 1
9319, 1
9320, 3
9321, 3
9322, 5
9323, 7
9324, 7
9325, 6
9326, 4
9327, 4
9328, 4
9329, 4
9330, 4
9331, 3
9332, 4
9333, 4
9334, 3
9335, 3
9336, 3
9337, 2
9338, 2
9339, 2
9340, 3
9341, 6
9342, 9
9343, 9
9344, 9
9345, 4
9346, 4
9347, 4
9348, 3
9349, 3
9350, 2
9351, 2
9352, 3
9353, 3
9354, 3
9355, 3
9356, 3
9357, 3
9358, 8
9359, 6
9360, 6
9361, 6
9362, 5
9363, 5
9364, 5
9365, 5
9366, 7
9367, 3
9368, 8
9369, 4
9370, 4
9371, 3
9372, 3
9373, 3
9374, 3
9375, 3
9376, 3
9377, 4
9378, 5
9379, 5
9380, 9
9381, 9
9382, 9
9383, 9
9384, 8
9385, 9
9386, 3
9387, 5
9388, 3
9389, 2
9390, 3
9391, 3
9392, 4
9393, 4
9394, 4
9395, 4
9396, 5
9397, 5
9398, 4
9399, 4
9400, 2
9401, 2
9402, 3
9403, 4
9404, 4
9405, 2
9406, 2
9407, 1
9408, 2
9409, 2
9410, 2
9411, 2
9412, 2
9413, 2
9414, 3
9415, 1
9416, 1
9417, 7
9418, 7
9419, 4
9420, 3
9421, 3
9422, 3
9423, 3
9424, 3
9425, 4
9426, 5
9427, 5
9428, 5
9429, 5
9430, 4
9431, 3
9432, 4
9433, 4
9434, 4
9435, 4
9436, 4
9437, 4
9438, 3
9439, 2
9440, 3
9441, 5
9442, 5
9443, 6
9444, 6
9445, 6
9446, 6
9447, 4
9448, 4
9449, 6
9450, 7
9451, 4
9452, 4
9453, 1
9454, 1
9455, 3
9456, 3
9457, 3
9458, 3
9459, 3
9460, 4
9461, 6
9462, 6
9463, 4
9464, 3
9465, 3
9466, 3
9467, 3
9468, 5
9469, 5
9470, 5
9471, 5
9472, 5
9473, 5
9474, 5
9475, 5
9476, 5
9477, 6
9478, 5
9479, 5
9480, 6
9481, 4
9482, 4
9483, 4
9484, 4
9485, 4
9486, 4
9487, 4
9488, 4
9489, 4
9490, 4
9491, 4
9492, 4
9493, 3
9494, 3
9495, 6
9496, 6
9497, 6
9498, 6
9499, 6
9500, 7
9501, 9
9502, 8
9503, 8
9504, 5
9505, 2
9506, 2
9507, 2
9508, 2
9509, 6
9510, 6
9511, 6
9512, 6
9513, 3
9514, 3
9515, 3
9516, 3
9517, 3
9518, 3
9519, 3
9520, 3
9521, 3
9522, 2
9523, 2
9524, 2
9525, 2
9526, 2
9527, 3
9528, 3
9529, 3
9530, 5
9531, 5
9532, 5
9533, 5
9534, 5
9535, 2
9536, 2
9537, 4
9538, 4
9539, 4
9540, 8
9541, 8
9542, 5
9543, 5
9544, 2
9545, 3
9546, 3
9547, 3
9548, 3
9549, 3
9550, 3
9551, 3
9552, 3
9553, 4
9554, 3
9555, 4
9556, 4
9557, 4
9558, 4
9559, 4
9560, 6
9561, 7
9562, 3
9563, 3
9564, 3
9565, 3
9566, 2
9567, 4
9568, 5
9569, 8
9570, 8
9571, 4
9572, 4
9573, 4
9574, 4
9575, 4
9576, 4
9577, 5
9578, 5
9579, 5
9580, 5
9581, 4
9582, 4
9583, 3
9584, 3
9585, 3
9586, 5
9587, 4
9588, 3
9589, 3
9590, 5
9591, 6
9592, 8
9593, 6
9594, 6
9595, 6
9596, 6
9597, 7
9598, 5
9599, 6
9600, 6
9601, 7
9602, 3
9603, 2
9604, 2
9605, 2
9606, 3
9607, 4
9608, 4
9609, 3
9610, 3
9611, 2
9612, 2
9613, 5
9614, 3
9615, 3
9616, 2
9617, 3
9618, 2
9619, 2
9620, 2
9621, 2
9622, 2
9623, 3
9624, 6
9625, 6
9626, 6
9627, 5
9628, 3
9629, 3
9630, 4
9631, 1
9632, 1
9633, 1
9634, 3
9635, 5
9636, 5
9637, 5
9638, 5
9639, 6
9640, 6
9641, 5
9642, 5
9643, 5
9644, 3
9645, 3
9646, 5
9647, 5
9648, 5
9649, 1
9650, 4
9651, 4
9652, 4
9653, 4
9654, 4
9655, 4
9656, 4
9657, 4
9658, 6
9659, 6
9660, 6
9661, 6
9662, 6
9663, 4
9664, 4
9665, 4
9666, 4
9667, 4
9668, 4
9669, 4
9670, 5
9671, 4
9672, 4
9673, 4
9674, 4
9675, 5
9676, 4
9677, 4
9678, 5
9679, 3
9680, 4
9681, 4
9682, 5
9683, 6
9684, 3
9685, 2
9686, 3
9687, 8
9688, 5
9689, 3
9690, 3
9691, 3
9692, 4
9693, 6
9694, 6
9695, 4
9696, 5
9697, 4
9698, 4
9699, 6
9700, 3
9701, 3
9702, 4
9703, 4
9704, 3
9705, 3
9706, 4
9707, 2
9708, 3
9709, 5
9710, 5
9711, 5
9712, 4
9713, 3
9714, 3
9715, 3
9716, 5
9717, 5
9718, 5
9719, 5
9720, 5
9721, 4
9722, 4
9723, 4
9724, 4
9725, 4
9726, 6
9727, 5
9728, 5
9729, 4
9730, 4
9731, 4
9732, 5
9733, 5
9734, 4
9735, 5
9736, 5
9737, 5
9738, 5
9739, 4
9740, 4
9741, 4
9742, 7
9743, 3
9744, 4
9745, 6
9746, 6
9747, 3
9748, 3
9749, 4
9750, 5
9751, 5
9752, 5
9753, 5
9754, 4
9755, 1
9756, 1
9757, 3
9758, 3
9759, 3
9760, 3
9761, 3
9762, 3
9763, 3
9764, 3
9765, 3
9766, 3
9767, 4
9768, 4
9769, 4
9770, 4
9771, 4
9772, 5
9773, 3
9774, 3
9775, 3
9776, 3
9777, 5
9778, 5
9779, 5
9780, 5
9781, 4
9782, 2
9783, 2
9784, 2
9785, 2
9786, 2
9787, 2
9788, 3
9789, 5
9790, 2
9791, 2
9792, 3
9793, 3
9794, 3
9795, 3
9796, 3
9797, 3
9798, 3
9799, 7
9800, 7
9801, 7
9802, 1
9803, 3
9804, 3
9805, 3
9806, 3
9807, 4
9808, 4
9809, 2
9810, 3
9811, 3
9812, 3
9813, 3
9814, 4
9815, 4
9816, 5
9817, 2
9818, 2
9819, 2
9820, 2
9821, 2
9822, 3
9823, 3
9824, 3
9825, 2
9826, 2
9827, 2
9828, 2
9829, 3
9830, 6
9831, 2
9832, 2
9833, 2
9834, 3
9835, 4
9836, 4
9837, 2
9838, 2
9839, 2
9840, 2
9841, 2
9842, 2
9843, 3
9844, 6
9845, 5
9846, 8
9847, 8
9848, 4
9849, 4
9850, 10
9851, 8
9852, 6
9853, 6
9854, 3
9855, 3
9856, 3
9857, 2
9858, 2
9859, 2
9860, 2
9861, 2
9862, 3
9863, 4
9864, 5
9865, 3
9866, 3
9867, 2
9868, 2
9869, 2
9870, 3
9871, 3
9872, 3
9873, 3
9874, 4
9875, 4
9876, 3
9877, 3
9878, 3
9879, 3
9880, 3
9881, 3
9882, 2
9883, 2
9884, 2
9885, 2
9886, 2
9887, 2
9888, 2
9889, 2
9890, 2
9891, 2
9892, 6
9893, 6
9894, 6
9895, 6
9896, 6
9897, 7
9898, 4
9899, 3
9900, 3
9901, 5
9902, 5
9903, 5
9904, 7
9905, 7
9906, 4
9907, 3
9908, 3
9909, 2
9910, 3
9911, 3
9912, 3
9913, 3
9914, 3
9915, 3
9916, 4
9917, 4
9918, 3
9919, 3
9920, 2
9921, 3
9922, 6
9923, 6
9924, 6
9925, 3
9926, 2
9927, 3
9928, 4
9929, 4
9930, 3
9931, 3
9932, 6
9933, 5
9934, 5
9935, 6
9936, 6
9937, 6
9938, 6
9939, 6
9940, 2
9941, 3
9942, 3
9943, 3
9944, 2
9945, 4
9946, 4
9947, 4
9948, 3
9949, 7
9950, 7
9951, 7
9952, 4
9953, 4
9954, 4
9955, 4
9956, 3
9957, 4
9958, 7
9959, 7
9960, 5
9961, 4
9962, 4
9963, 3
9964, 3
9965, 3
9966, 4
9967, 4
9968, 7
9969, 4
9970, 4
9971, 4
9972, 3
9973, 6
9974, 6
9975, 5
9976, 7
9977, 5
9978, 4
9979, 4
9980, 4
9981, 4
9982, 4
9983, 4
9984, 4
9985, 7
9986, 7
9987, 7
9988, 7
9989, 7
9990, 6
9991, 4
9992, 6
9993, 3
9994, 4
9995, 3
9996, 3
9997, 3
9998, 3
9999, 3
10000, 3
10001, 4
