iter, nrecombs
0, 0
1, 5
2, 2
3, 3
4, 1
5, 0
6, 4
7, 0
8, 1
9, 0
10, 1
11, 4
12, 0
13, 1
14, 0
15, 3
16, 1
17, 4
18, 4
19, 2
20, 5
21, 3
22, 5
23, 5
24, 5
25, 2
26, 2
27, 4
28, 3
29, 5
30, 3
31, 1
32, 5
33, 5
34, 5
35, 3
36, 1
37, 2
38, 4
39, 6
40, 4
41, 3
42, 6
43, 3
44, 7
45, 2
46, 3
47, 5
48, 5
49, 2
50, 2
51, 6
52, 5
53, 3
54, 4
55, 5
56, 4
57, 1
58, 5
59, 5
60, 7
61, 6
62, 4
63, 4
64, 2
65, 3
66, 4
67, 5
68, 4
69, 4
70, 1
71, 3
72, 2
73, 4
74, 2
75, 6
76, 4
77, 7
78, 1
79, 5
80, 3
81, 3
82, 5
83, 3
84, 2
85, 4
86, 5
87, 5
88, 5
89, 5
90, 6
91, 6
92, 1
93, 5
94, 4
95, 6
96, 2
97, 2
98, 3
99, 3
100, 3
101, 2
102, 6
103, 2
104, 6
105, 6
106, 8
107, 5
108, 5
109, 3
110, 3
111, 4
112, 7
113, 3
114, 2
115, 4
116, 3
117, 2
118, 6
119, 5
120, 4
121, 5
122, 5
123, 12
124, 3
125, 7
126, 7
127, 2
128, 4
129, 2
130, 5
131, 4
132, 1
133, 3
134, 3
135, 3
136, 5
137, 5
138, 6
139, 3
140, 4
141, 3
142, 4
143, 4
144, 3
145, 4
146, 1
147, 5
148, 5
149, 3
150, 2
151, 3
152, 1
153, 3
154, 0
155, 3
156, 8
157, 4
158, 2
159, 3
160, 2
161, 4
162, 3
163, 2
164, 7
165, 7
166, 7
167, 6
168, 2
169, 3
170, 6
171, 8
172, 3
173, 4
174, 4
175, 3
176, 5
177, 5
178, 7
179, 4
180, 2
181, 4
182, 5
183, 4
184, 5
185, 3
186, 3
187, 10
188, 4
189, 4
190, 3
191, 4
192, 6
193, 7
194, 3
195, 3
196, 4
197, 2
198, 4
199, 4
200, 3
201, 4
202, 4
203, 4
204, 2
205, 5
206, 4
207, 4
208, 4
209, 5
210, 2
211, 4
212, 4
213, 5
214, 6
215, 3
216, 3
217, 5
218, 6
219, 6
220, 2
221, 4
222, 6
223, 4
224, 3
225, 3
226, 1
227, 6
228, 1
229, 4
230, 4
231, 3
232, 2
233, 7
234, 4
235, 10
236, 4
237, 11
238, 4
239, 2
240, 2
241, 6
242, 4
243, 2
244, 4
245, 5
246, 3
247, 3
248, 2
249, 4
250, 3
251, 3
252, 4
253, 2
254, 2
255, 1
256, 5
257, 10
258, 8
259, 4
260, 2
261, 5
262, 5
263, 3
264, 5
265, 8
266, 5
267, 9
268, 6
269, 9
270, 6
271, 5
272, 9
273, 3
274, 6
275, 2
276, 5
277, 11
278, 4
279, 4
280, 6
281, 8
282, 5
283, 4
284, 3
285, 3
286, 4
287, 4
288, 2
289, 5
290, 2
291, 6
292, 5
293, 4
294, 3
295, 8
296, 6
297, 8
298, 6
299, 7
300, 8
301, 4
302, 4
303, 4
304, 6
305, 6
306, 4
307, 4
308, 4
309, 6
310, 4
311, 5
312, 4
313, 7
314, 4
315, 3
316, 4
317, 4
318, 5
319, 9
320, 3
321, 4
322, 3
323, 3
324, 6
325, 4
326, 3
327, 5
328, 5
329, 8
330, 2
331, 8
332, 6
333, 4
334, 5
335, 5
336, 3
337, 4
338, 4
339, 3
340, 1
341, 6
342, 3
343, 6
344, 7
345, 3
346, 3
347, 4
348, 4
349, 5
350, 8
351, 2
352, 2
353, 2
354, 1
355, 3
356, 1
357, 3
358, 4
359, 2
360, 7
361, 5
362, 6
363, 6
364, 3
365, 5
366, 4
367, 3
368, 2
369, 3
370, 3
371, 4
372, 3
373, 1
374, 7
375, 1
376, 5
377, 7
378, 5
379, 3
380, 3
381, 4
382, 4
383, 3
384, 1
385, 4
386, 8
387, 3
388, 2
389, 6
390, 3
391, 5
392, 3
393, 6
394, 5
395, 8
396, 5
397, 6
398, 3
399, 11
400, 5
401, 4
402, 4
403, 2
404, 3
405, 5
406, 3
407, 5
408, 4
409, 2
410, 2
411, 4
412, 2
413, 3
414, 8
415, 4
416, 3
417, 2
418, 2
419, 3
420, 6
421, 3
422, 3
423, 4
424, 5
425, 1
426, 1
427, 7
428, 2
429, 1
430, 4
431, 3
432, 4
433, 4
434, 5
435, 5
436, 4
437, 4
438, 4
439, 4
440, 8
441, 6
442, 2
443, 10
444, 2
445, 2
446, 1
447, 2
448, 1
449, 2
450, 2
451, 2
452, 5
453, 2
454, 7
455, 10
456, 3
457, 5
458, 4
459, 9
460, 4
461, 8
462, 4
463, 3
464, 5
465, 4
466, 3
467, 4
468, 5
469, 1
470, 4
471, 4
472, 5
473, 6
474, 2
475, 5
476, 5
477, 6
478, 5
479, 7
480, 7
481, 7
482, 4
483, 2
484, 7
485, 4
486, 5
487, 2
488, 5
489, 7
490, 3
491, 7
492, 7
493, 4
494, 4
495, 3
496, 4
497, 4
498, 3
499, 5
500, 3
501, 6
502, 3
503, 4
504, 6
505, 3
506, 7
507, 8
508, 4
509, 6
510, 3
511, 6
512, 4
513, 6
514, 6
515, 5
516, 5
517, 7
518, 5
519, 5
520, 4
521, 4
522, 2
523, 4
524, 5
525, 3
526, 4
527, 3
528, 2
529, 4
530, 7
531, 4
532, 7
533, 5
534, 5
535, 6
536, 3
537, 3
538, 4
539, 8
540, 2
541, 6
542, 3
543, 4
544, 5
545, 5
546, 7
547, 2
548, 3
549, 3
550, 4
551, 5
552, 3
553, 8
554, 6
555, 2
556, 4
557, 9
558, 3
559, 5
560, 3
561, 7
562, 4
563, 4
564, 4
565, 4
566, 2
567, 5
568, 1
569, 9
570, 5
571, 3
572, 3
573, 8
574, 5
575, 3
576, 5
577, 4
578, 4
579, 2
580, 1
581, 4
582, 2
583, 3
584, 7
585, 5
586, 4
587, 1
588, 6
589, 3
590, 3
591, 3
592, 4
593, 4
594, 6
595, 2
596, 3
597, 2
598, 10
599, 3
600, 1
601, 3
602, 4
603, 6
604, 3
605, 3
606, 8
607, 6
608, 3
609, 9
610, 7
611, 4
612, 4
613, 3
614, 4
615, 4
616, 3
617, 3
618, 3
619, 6
620, 3
621, 4
622, 4
623, 3
624, 3
625, 3
626, 3
627, 6
628, 4
629, 5
630, 6
631, 5
632, 2
633, 5
634, 3
635, 2
636, 5
637, 6
638, 5
639, 1
640, 7
641, 4
642, 3
643, 4
644, 2
645, 2
646, 4
647, 4
648, 4
649, 8
650, 2
651, 5
652, 1
653, 5
654, 3
655, 10
656, 5
657, 7
658, 5
659, 2
660, 3
661, 10
662, 3
663, 6
664, 5
665, 4
666, 5
667, 5
668, 3
669, 3
670, 4
671, 6
672, 4
673, 5
674, 8
675, 5
676, 3
677, 5
678, 3
679, 4
680, 2
681, 4
682, 4
683, 8
684, 3
685, 3
686, 3
687, 6
688, 2
689, 7
690, 4
691, 3
692, 5
693, 6
694, 2
695, 8
696, 4
697, 5
698, 3
699, 3
700, 5
701, 3
702, 3
703, 2
704, 7
705, 8
706, 2
707, 5
708, 4
709, 4
710, 4
711, 6
712, 4
713, 12
714, 5
715, 4
716, 4
717, 3
718, 4
719, 10
720, 4
721, 6
722, 2
723, 4
724, 4
725, 4
726, 3
727, 7
728, 2
729, 7
730, 4
731, 4
732, 7
733, 5
734, 4
735, 6
736, 3
737, 4
738, 3
739, 7
740, 3
741, 9
742, 4
743, 4
744, 6
745, 3
746, 4
747, 2
748, 4
749, 2
750, 3
751, 2
752, 6
753, 2
754, 5
755, 3
756, 4
757, 4
758, 7
759, 5
760, 3
761, 5
762, 2
763, 5
764, 3
765, 3
766, 2
767, 5
768, 3
769, 4
770, 4
771, 3
772, 4
773, 1
774, 4
775, 4
776, 3
777, 3
778, 2
779, 1
780, 5
781, 1
782, 5
783, 6
784, 3
785, 1
786, 3
787, 3
788, 3
789, 2
790, 5
791, 4
792, 3
793, 2
794, 4
795, 5
796, 4
797, 3
798, 4
799, 4
800, 6
801, 5
802, 6
803, 6
804, 4
805, 5
806, 4
807, 4
808, 4
809, 2
810, 8
811, 6
812, 3
813, 3
814, 4
815, 3
816, 4
817, 8
818, 4
819, 5
820, 5
821, 5
822, 5
823, 1
824, 4
825, 1
826, 8
827, 4
828, 2
829, 3
830, 2
831, 3
832, 4
833, 10
834, 3
835, 6
836, 6
837, 2
838, 6
839, 4
840, 5
841, 3
842, 5
843, 4
844, 6
845, 3
846, 3
847, 5
848, 3
849, 5
850, 6
851, 4
852, 5
853, 5
854, 6
855, 5
856, 7
857, 4
858, 5
859, 5
860, 5
861, 5
862, 6
863, 6
864, 2
865, 4
866, 4
867, 6
868, 5
869, 3
870, 2
871, 6
872, 4
873, 8
874, 7
875, 4
876, 6
877, 5
878, 4
879, 5
880, 5
881, 2
882, 6
883, 3
884, 3
885, 4
886, 7
887, 4
888, 3
889, 7
890, 5
891, 6
892, 1
893, 3
894, 4
895, 3
896, 4
897, 3
898, 4
899, 7
900, 3
901, 3
902, 5
903, 3
904, 5
905, 3
906, 5
907, 1
908, 8
909, 3
910, 8
911, 6
912, 5
913, 7
914, 8
915, 4
916, 5
917, 3
918, 6
919, 3
920, 2
921, 4
922, 3
923, 6
924, 3
925, 7
926, 3
927, 2
928, 8
929, 7
930, 3
931, 7
932, 1
933, 5
934, 3
935, 5
936, 3
937, 7
938, 5
939, 5
940, 8
941, 5
942, 1
943, 4
944, 4
945, 3
946, 3
947, 6
948, 5
949, 5
950, 2
951, 2
952, 5
953, 8
954, 5
955, 9
956, 6
957, 5
958, 2
959, 7
960, 5
961, 7
962, 5
963, 4
964, 4
965, 4
966, 3
967, 8
968, 5
969, 4
970, 6
971, 4
972, 5
973, 4
974, 5
975, 6
976, 8
977, 3
978, 5
979, 5
980, 5
981, 7
982, 4
983, 7
984, 6
985, 8
986, 5
987, 6
988, 5
989, 6
990, 1
991, 5
992, 3
993, 2
994, 3
995, 7
996, 4
997, 3
998, 5
999, 7
1000, 3
1001, 9
1002, 4
1003, 5
1004, 5
1005, 2
1006, 9
1007, 6
1008, 6
1009, 9
1010, 3
1011, 2
1012, 5
1013, 7
1014, 3
1015, 5
1016, 3
1017, 5
1018, 6
1019, 3
1020, 10
1021, 2
1022, 5
1023, 3
1024, 6
1025, 9
1026, 6
1027, 5
1028, 3
1029, 6
1030, 3
1031, 2
1032, 4
1033, 1
1034, 4
1035, 8
1036, 6
1037, 2
1038, 5
1039, 11
1040, 4
1041, 2
1042, 5
1043, 10
1044, 3
1045, 9
1046, 4
1047, 4
1048, 7
1049, 5
1050, 2
1051, 4
1052, 4
1053, 3
1054, 3
1055, 3
1056, 3
1057, 3
1058, 4
1059, 4
1060, 3
1061, 2
1062, 3
1063, 5
1064, 3
1065, 4
1066, 5
1067, 7
1068, 5
1069, 4
1070, 4
1071, 5
1072, 5
1073, 5
1074, 4
1075, 9
1076, 8
1077, 4
1078, 4
1079, 2
1080, 3
1081, 5
1082, 2
1083, 2
1084, 4
1085, 2
1086, 3
1087, 5
1088, 3
1089, 2
1090, 9
1091, 3
1092, 4
1093, 4
1094, 5
1095, 6
1096, 4
1097, 6
1098, 6
1099, 10
1100, 3
1101, 2
1102, 11
1103, 3
1104, 10
1105, 6
1106, 4
1107, 7
1108, 2
1109, 6
1110, 2
1111, 3
1112, 3
1113, 2
1114, 3
1115, 9
1116, 1
1117, 9
1118, 2
1119, 3
1120, 4
1121, 9
1122, 4
1123, 2
1124, 2
1125, 9
1126, 5
1127, 4
1128, 1
1129, 8
1130, 3
1131, 5
1132, 4
1133, 5
1134, 6
1135, 2
1136, 7
1137, 2
1138, 8
1139, 1
1140, 8
1141, 4
1142, 5
1143, 7
1144, 3
1145, 3
1146, 7
1147, 6
1148, 6
1149, 6
1150, 5
1151, 4
1152, 4
1153, 2
1154, 2
1155, 7
1156, 6
1157, 2
1158, 5
1159, 6
1160, 8
1161, 3
1162, 5
1163, 2
1164, 2
1165, 1
1166, 5
1167, 1
1168, 5
1169, 2
1170, 4
1171, 1
1172, 6
1173, 6
1174, 1
1175, 5
1176, 4
1177, 2
1178, 2
1179, 6
1180, 2
1181, 6
1182, 4
1183, 3
1184, 7
1185, 4
1186, 2
1187, 3
1188, 5
1189, 2
1190, 5
1191, 4
1192, 2
1193, 4
1194, 1
1195, 5
1196, 2
1197, 3
1198, 3
1199, 2
1200, 4
1201, 7
1202, 7
1203, 5
1204, 3
1205, 9
1206, 4
1207, 3
1208, 6
1209, 5
1210, 4
1211, 5
1212, 5
1213, 7
1214, 4
1215, 7
1216, 5
1217, 3
1218, 2
1219, 5
1220, 2
1221, 6
1222, 2
1223, 4
1224, 3
1225, 6
1226, 6
1227, 4
1228, 6
1229, 2
1230, 5
1231, 3
1232, 3
1233, 4
1234, 5
1235, 3
1236, 4
1237, 5
1238, 4
1239, 4
1240, 2
1241, 4
1242, 4
1243, 5
1244, 5
1245, 5
1246, 5
1247, 6
1248, 5
1249, 7
1250, 5
1251, 3
1252, 6
1253, 4
1254, 3
1255, 2
1256, 6
1257, 5
1258, 14
1259, 6
1260, 3
1261, 1
1262, 4
1263, 7
1264, 2
1265, 4
1266, 4
1267, 4
1268, 2
1269, 4
1270, 1
1271, 4
1272, 7
1273, 3
1274, 3
1275, 6
1276, 4
1277, 4
1278, 1
1279, 3
1280, 3
1281, 3
1282, 4
1283, 5
1284, 4
1285, 4
1286, 2
1287, 4
1288, 2
1289, 5
1290, 2
1291, 4
1292, 3
1293, 5
1294, 2
1295, 6
1296, 1
1297, 4
1298, 4
1299, 3
1300, 3
1301, 3
1302, 2
1303, 3
1304, 2
1305, 4
1306, 4
1307, 3
1308, 4
1309, 4
1310, 4
1311, 3
1312, 3
1313, 4
1314, 2
1315, 3
1316, 5
1317, 3
1318, 4
1319, 9
1320, 1
1321, 7
1322, 2
1323, 5
1324, 1
1325, 4
1326, 1
1327, 2
1328, 1
1329, 4
1330, 4
1331, 4
1332, 5
1333, 3
1334, 5
1335, 3
1336, 5
1337, 3
1338, 7
1339, 3
1340, 4
1341, 6
1342, 4
1343, 3
1344, 6
1345, 5
1346, 3
1347, 4
1348, 7
1349, 4
1350, 3
1351, 4
1352, 2
1353, 4
1354, 8
1355, 7
1356, 3
1357, 6
1358, 4
1359, 6
1360, 2
1361, 3
1362, 6
1363, 6
1364, 6
1365, 3
1366, 2
1367, 6
1368, 2
1369, 2
1370, 3
1371, 5
1372, 4
1373, 4
1374, 6
1375, 5
1376, 5
1377, 7
1378, 2
1379, 6
1380, 2
1381, 5
1382, 4
1383, 6
1384, 4
1385, 4
1386, 4
1387, 3
1388, 3
1389, 5
1390, 5
1391, 3
1392, 4
1393, 2
1394, 5
1395, 3
1396, 2
1397, 7
1398, 6
1399, 6
1400, 5
1401, 3
1402, 3
1403, 2
1404, 4
1405, 6
1406, 5
1407, 5
1408, 4
1409, 1
1410, 3
1411, 5
1412, 10
1413, 1
1414, 6
1415, 4
1416, 4
1417, 1
1418, 5
1419, 2
1420, 9
1421, 4
1422, 4
1423, 2
1424, 5
1425, 4
1426, 8
1427, 3
1428, 2
1429, 3
1430, 3
1431, 4
1432, 5
1433, 5
1434, 2
1435, 2
1436, 6
1437, 3
1438, 5
1439, 2
1440, 2
1441, 3
1442, 4
1443, 3
1444, 4
1445, 5
1446, 1
1447, 3
1448, 1
1449, 4
1450, 6
1451, 4
1452, 4
1453, 9
1454, 1
1455, 3
1456, 1
1457, 8
1458, 2
1459, 6
1460, 5
1461, 3
1462, 3
1463, 7
1464, 3
1465, 3
1466, 3
1467, 9
1468, 3
1469, 3
1470, 3
1471, 3
1472, 4
1473, 3
1474, 7
1475, 4
1476, 7
1477, 4
1478, 6
1479, 6
1480, 7
1481, 4
1482, 5
1483, 3
1484, 1
1485, 5
1486, 8
1487, 5
1488, 4
1489, 3
1490, 6
1491, 4
1492, 1
1493, 5
1494, 5
1495, 2
1496, 3
1497, 3
1498, 2
1499, 5
1500, 2
1501, 4
1502, 2
1503, 3
1504, 3
1505, 5
1506, 3
1507, 5
1508, 3
1509, 6
1510, 8
1511, 6
1512, 7
1513, 7
1514, 2
1515, 5
1516, 5
1517, 6
1518, 3
1519, 3
1520, 2
1521, 3
1522, 2
1523, 8
1524, 7
1525, 4
1526, 7
1527, 2
1528, 4
1529, 3
1530, 6
1531, 3
1532, 1
1533, 3
1534, 7
1535, 4
1536, 2
1537, 3
1538, 4
1539, 3
1540, 9
1541, 3
1542, 5
1543, 4
1544, 2
1545, 5
1546, 1
1547, 1
1548, 3
1549, 7
1550, 4
1551, 5
1552, 5
1553, 3
1554, 5
1555, 5
1556, 3
1557, 2
1558, 6
1559, 5
1560, 6
1561, 5
1562, 3
1563, 1
1564, 6
1565, 6
1566, 4
1567, 6
1568, 4
1569, 4
1570, 5
1571, 1
1572, 3
1573, 1
1574, 6
1575, 1
1576, 1
1577, 4
1578, 3
1579, 4
1580, 1
1581, 3
1582, 3
1583, 2
1584, 6
1585, 3
1586, 5
1587, 3
1588, 8
1589, 4
1590, 5
1591, 4
1592, 5
1593, 4
1594, 4
1595, 2
1596, 3
1597, 4
1598, 3
1599, 3
1600, 2
1601, 1
1602, 7
1603, 3
1604, 4
1605, 1
1606, 2
1607, 1
1608, 6
1609, 4
1610, 4
1611, 1
1612, 3
1613, 3
1614, 3
1615, 5
1616, 6
1617, 2
1618, 7
1619, 3
1620, 3
1621, 5
1622, 4
1623, 1
1624, 3
1625, 4
1626, 4
1627, 7
1628, 6
1629, 2
1630, 3
1631, 2
1632, 8
1633, 1
1634, 6
1635, 1
1636, 6
1637, 4
1638, 4
1639, 6
1640, 4
1641, 3
1642, 3
1643, 4
1644, 5
1645, 4
1646, 3
1647, 3
1648, 5
1649, 4
1650, 8
1651, 4
1652, 3
1653, 3
1654, 3
1655, 2
1656, 4
1657, 4
1658, 8
1659, 5
1660, 4
1661, 6
1662, 3
1663, 3
1664, 6
1665, 8
1666, 3
1667, 5
1668, 3
1669, 3
1670, 4
1671, 2
1672, 7
1673, 5
1674, 3
1675, 3
1676, 1
1677, 4
1678, 2
1679, 5
1680, 8
1681, 3
1682, 4
1683, 3
1684, 4
1685, 3
1686, 5
1687, 5
1688, 7
1689, 5
1690, 5
1691, 5
1692, 5
1693, 3
1694, 3
1695, 4
1696, 4
1697, 5
1698, 4
1699, 3
1700, 3
1701, 3
1702, 3
1703, 3
1704, 3
1705, 5
1706, 3
1707, 5
1708, 4
1709, 5
1710, 5
1711, 3
1712, 3
1713, 3
1714, 4
1715, 4
1716, 6
1717, 5
1718, 3
1719, 4
1720, 3
1721, 4
1722, 6
1723, 4
1724, 6
1725, 4
1726, 3
1727, 3
1728, 3
1729, 3
1730, 4
1731, 9
1732, 2
1733, 7
1734, 3
1735, 5
1736, 2
1737, 5
1738, 3
1739, 6
1740, 5
1741, 5
1742, 3
1743, 5
1744, 5
1745, 4
1746, 2
1747, 5
1748, 3
1749, 6
1750, 5
1751, 3
1752, 1
1753, 9
1754, 4
1755, 1
1756, 4
1757, 2
1758, 2
1759, 2
1760, 2
1761, 3
1762, 3
1763, 3
1764, 2
1765, 3
1766, 5
1767, 3
1768, 1
1769, 2
1770, 5
1771, 3
1772, 4
1773, 4
1774, 3
1775, 3
1776, 3
1777, 6
1778, 2
1779, 9
1780, 4
1781, 6
1782, 3
1783, 4
1784, 3
1785, 7
1786, 1
1787, 2
1788, 4
1789, 4
1790, 3
1791, 8
1792, 3
1793, 4
1794, 2
1795, 4
1796, 2
1797, 4
1798, 3
1799, 1
1800, 3
1801, 5
1802, 6
1803, 2
1804, 3
1805, 4
1806, 3
1807, 6
1808, 3
1809, 3
1810, 3
1811, 2
1812, 2
1813, 4
1814, 6
1815, 2
1816, 5
1817, 2
1818, 2
1819, 4
1820, 4
1821, 4
1822, 2
1823, 3
1824, 2
1825, 4
1826, 3
1827, 9
1828, 4
1829, 4
1830, 3
1831, 2
1832, 4
1833, 2
1834, 4
1835, 3
1836, 5
1837, 8
1838, 5
1839, 4
1840, 6
1841, 6
1842, 4
1843, 6
1844, 2
1845, 4
1846, 2
1847, 7
1848, 5
1849, 6
1850, 3
1851, 6
1852, 3
1853, 8
1854, 3
1855, 2
1856, 2
1857, 4
1858, 10
1859, 4
1860, 1
1861, 6
1862, 3
1863, 3
1864, 6
1865, 3
1866, 3
1867, 7
1868, 1
1869, 3
1870, 3
1871, 6
1872, 4
1873, 7
1874, 8
1875, 5
1876, 3
1877, 7
1878, 2
1879, 2
1880, 3
1881, 2
1882, 3
1883, 8
1884, 2
1885, 6
1886, 3
1887, 4
1888, 2
1889, 7
1890, 3
1891, 4
1892, 2
1893, 4
1894, 6
1895, 6
1896, 5
1897, 8
1898, 2
1899, 4
1900, 2
1901, 3
1902, 2
1903, 5
1904, 3
1905, 6
1906, 2
1907, 4
1908, 1
1909, 5
1910, 1
1911, 7
1912, 5
1913, 1
1914, 2
1915, 9
1916, 3
1917, 4
1918, 3
1919, 3
1920, 3
1921, 11
1922, 1
1923, 5
1924, 5
1925, 2
1926, 3
1927, 2
1928, 4
1929, 2
1930, 5
1931, 1
1932, 2
1933, 2
1934, 6
1935, 3
1936, 4
1937, 4
1938, 3
1939, 2
1940, 2
1941, 3
1942, 6
1943, 3
1944, 1
1945, 2
1946, 1
1947, 6
1948, 4
1949, 4
1950, 3
1951, 4
1952, 2
1953, 3
1954, 3
1955, 5
1956, 4
1957, 3
1958, 3
1959, 5
1960, 3
1961, 4
1962, 2
1963, 5
1964, 4
1965, 3
1966, 5
1967, 4
1968, 5
1969, 6
1970, 2
1971, 3
1972, 4
1973, 3
1974, 1
1975, 3
1976, 3
1977, 4
1978, 2
1979, 3
1980, 4
1981, 7
1982, 3
1983, 4
1984, 5
1985, 2
1986, 1
1987, 4
1988, 3
1989, 6
1990, 3
1991, 2
1992, 4
1993, 5
1994, 9
1995, 5
1996, 5
1997, 7
1998, 4
1999, 2
2000, 1
2001, 5
2002, 2
2003, 5
2004, 1
2005, 2
2006, 4
2007, 4
2008, 1
2009, 3
2010, 3
2011, 3
2012, 3
2013, 3
2014, 2
2015, 6
2016, 7
2017, 3
2018, 4
2019, 1
2020, 6
2021, 2
2022, 1
2023, 3
2024, 4
2025, 4
2026, 5
2027, 6
2028, 2
2029, 6
2030, 5
2031, 5
2032, 6
2033, 6
2034, 2
2035, 5
2036, 6
2037, 3
2038, 5
2039, 4
2040, 4
2041, 4
2042, 5
2043, 1
2044, 1
2045, 3
2046, 7
2047, 3
2048, 4
2049, 5
2050, 3
2051, 6
2052, 3
2053, 6
2054, 3
2055, 5
2056, 6
2057, 4
2058, 5
2059, 3
2060, 5
2061, 4
2062, 4
2063, 3
2064, 4
2065, 4
2066, 3
2067, 2
2068, 2
2069, 6
2070, 3
2071, 4
2072, 3
2073, 1
2074, 7
2075, 1
2076, 6
2077, 8
2078, 7
2079, 2
2080, 4
2081, 4
2082, 6
2083, 4
2084, 3
2085, 4
2086, 5
2087, 3
2088, 4
2089, 1
2090, 2
2091, 4
2092, 4
2093, 5
2094, 5
2095, 4
2096, 4
2097, 4
2098, 3
2099, 5
2100, 3
2101, 5
2102, 4
2103, 6
2104, 4
2105, 5
2106, 4
2107, 3
2108, 2
2109, 5
2110, 7
2111, 5
2112, 2
2113, 4
2114, 2
2115, 5
2116, 3
2117, 4
2118, 4
2119, 6
2120, 3
2121, 4
2122, 3
2123, 6
2124, 3
2125, 5
2126, 4
2127, 5
2128, 3
2129, 3
2130, 5
2131, 8
2132, 1
2133, 5
2134, 4
2135, 3
2136, 2
2137, 7
2138, 3
2139, 3
2140, 2
2141, 1
2142, 5
2143, 2
2144, 1
2145, 5
2146, 4
2147, 2
2148, 4
2149, 4
2150, 4
2151, 4
2152, 2
2153, 3
2154, 2
2155, 5
2156, 3
2157, 4
2158, 3
2159, 2
2160, 4
2161, 3
2162, 6
2163, 4
2164, 4
2165, 3
2166, 4
2167, 3
2168, 5
2169, 4
2170, 3
2171, 3
2172, 5
2173, 5
2174, 2
2175, 6
2176, 2
2177, 3
2178, 2
2179, 4
2180, 6
2181, 5
2182, 3
2183, 5
2184, 6
2185, 3
2186, 5
2187, 3
2188, 5
2189, 5
2190, 2
2191, 5
2192, 2
2193, 4
2194, 2
2195, 7
2196, 5
2197, 4
2198, 1
2199, 4
2200, 6
2201, 3
2202, 4
2203, 6
2204, 3
2205, 5
2206, 4
2207, 3
2208, 5
2209, 4
2210, 2
2211, 3
2212, 3
2213, 4
2214, 3
2215, 7
2216, 8
2217, 3
2218, 6
2219, 4
2220, 5
2221, 3
2222, 5
2223, 3
2224, 5
2225, 4
2226, 4
2227, 3
2228, 2
2229, 5
2230, 5
2231, 4
2232, 5
2233, 5
2234, 4
2235, 2
2236, 3
2237, 6
2238, 10
2239, 3
2240, 3
2241, 3
2242, 3
2243, 3
2244, 2
2245, 7
2246, 3
2247, 3
2248, 1
2249, 4
2250, 5
2251, 6
2252, 4
2253, 4
2254, 6
2255, 4
2256, 2
2257, 3
2258, 6
2259, 5
2260, 6
2261, 2
2262, 4
2263, 3
2264, 6
2265, 4
2266, 1
2267, 5
2268, 5
2269, 3
2270, 5
2271, 3
2272, 5
2273, 3
2274, 2
2275, 10
2276, 7
2277, 6
2278, 3
2279, 3
2280, 4
2281, 4
2282, 4
2283, 6
2284, 4
2285, 2
2286, 2
2287, 5
2288, 7
2289, 4
2290, 3
2291, 2
2292, 4
2293, 4
2294, 5
2295, 6
2296, 5
2297, 5
2298, 5
2299, 3
2300, 5
2301, 6
2302, 2
2303, 5
2304, 6
2305, 4
2306, 5
2307, 5
2308, 2
2309, 2
2310, 5
2311, 7
2312, 4
2313, 7
2314, 8
2315, 4
2316, 2
2317, 5
2318, 7
2319, 4
2320, 2
2321, 3
2322, 8
2323, 3
2324, 4
2325, 3
2326, 5
2327, 2
2328, 2
2329, 4
2330, 1
2331, 6
2332, 1
2333, 2
2334, 9
2335, 6
2336, 5
2337, 5
2338, 6
2339, 6
2340, 6
2341, 6
2342, 6
2343, 5
2344, 4
2345, 2
2346, 2
2347, 9
2348, 4
2349, 2
2350, 3
2351, 5
2352, 3
2353, 6
2354, 4
2355, 1
2356, 3
2357, 2
2358, 3
2359, 5
2360, 5
2361, 6
2362, 4
2363, 1
2364, 3
2365, 3
2366, 4
2367, 7
2368, 5
2369, 6
2370, 5
2371, 2
2372, 5
2373, 9
2374, 5
2375, 6
2376, 6
2377, 5
2378, 5
2379, 3
2380, 6
2381, 3
2382, 4
2383, 4
2384, 5
2385, 2
2386, 5
2387, 1
2388, 8
2389, 1
2390, 5
2391, 6
2392, 4
2393, 3
2394, 2
2395, 4
2396, 3
2397, 5
2398, 3
2399, 2
2400, 6
2401, 7
2402, 6
2403, 5
2404, 5
2405, 5
2406, 4
2407, 4
2408, 3
2409, 4
2410, 3
2411, 2
2412, 2
2413, 5
2414, 3
2415, 6
2416, 3
2417, 4
2418, 5
2419, 6
2420, 3
2421, 8
2422, 3
2423, 6
2424, 5
2425, 3
2426, 4
2427, 3
2428, 5
2429, 3
2430, 7
2431, 1
2432, 4
2433, 5
2434, 4
2435, 4
2436, 4
2437, 1
2438, 3
2439, 5
2440, 2
2441, 5
2442, 6
2443, 6
2444, 1
2445, 2
2446, 6
2447, 5
2448, 6
2449, 5
2450, 3
2451, 5
2452, 7
2453, 4
2454, 2
2455, 5
2456, 2
2457, 3
2458, 4
2459, 5
2460, 8
2461, 3
2462, 4
2463, 2
2464, 5
2465, 5
2466, 3
2467, 6
2468, 4
2469, 2
2470, 5
2471, 9
2472, 6
2473, 1
2474, 5
2475, 3
2476, 4
2477, 4
2478, 2
2479, 6
2480, 1
2481, 4
2482, 1
2483, 8
2484, 6
2485, 2
2486, 4
2487, 4
2488, 3
2489, 5
2490, 5
2491, 3
2492, 3
2493, 5
2494, 3
2495, 4
2496, 3
2497, 3
2498, 4
2499, 8
2500, 3
2501, 4
2502, 2
2503, 4
2504, 3
2505, 4
2506, 2
2507, 2
2508, 3
2509, 5
2510, 2
2511, 4
2512, 7
2513, 4
2514, 3
2515, 5
2516, 3
2517, 6
2518, 4
2519, 4
2520, 3
2521, 3
2522, 2
2523, 2
2524, 6
2525, 5
2526, 3
2527, 3
2528, 2
2529, 5
2530, 2
2531, 4
2532, 2
2533, 4
2534, 4
2535, 4
2536, 5
2537, 3
2538, 3
2539, 6
2540, 2
2541, 5
2542, 2
2543, 4
2544, 6
2545, 3
2546, 5
2547, 5
2548, 4
2549, 3
2550, 2
2551, 2
2552, 5
2553, 5
2554, 1
2555, 8
2556, 5
2557, 8
2558, 6
2559, 6
2560, 5
2561, 2
2562, 3
2563, 3
2564, 2
2565, 3
2566, 3
2567, 2
2568, 6
2569, 2
2570, 4
2571, 7
2572, 2
2573, 5
2574, 4
2575, 5
2576, 5
2577, 5
2578, 5
2579, 4
2580, 1
2581, 4
2582, 2
2583, 9
2584, 2
2585, 6
2586, 5
2587, 5
2588, 3
2589, 5
2590, 2
2591, 6
2592, 5
2593, 4
2594, 4
2595, 10
2596, 4
2597, 7
2598, 2
2599, 2
2600, 3
2601, 8
2602, 5
2603, 3
2604, 4
2605, 3
2606, 1
2607, 6
2608, 6
2609, 4
2610, 6
2611, 8
2612, 2
2613, 2
2614, 3
2615, 4
2616, 3
2617, 6
2618, 3
2619, 7
2620, 7
2621, 3
2622, 3
2623, 4
2624, 2
2625, 2
2626, 3
2627, 4
2628, 2
2629, 5
2630, 2
2631, 4
2632, 7
2633, 3
2634, 7
2635, 3
2636, 2
2637, 6
2638, 5
2639, 2
2640, 4
2641, 5
2642, 2
2643, 2
2644, 2
2645, 3
2646, 4
2647, 3
2648, 7
2649, 4
2650, 3
2651, 6
2652, 5
2653, 4
2654, 4
2655, 4
2656, 3
2657, 5
2658, 3
2659, 3
2660, 5
2661, 5
2662, 3
2663, 4
2664, 3
2665, 3
2666, 4
2667, 3
2668, 4
2669, 4
2670, 4
2671, 10
2672, 2
2673, 7
2674, 8
2675, 12
2676, 8
2677, 3
2678, 4
2679, 4
2680, 7
2681, 7
2682, 6
2683, 3
2684, 2
2685, 1
2686, 2
2687, 5
2688, 4
2689, 1
2690, 2
2691, 9
2692, 6
2693, 7
2694, 3
2695, 8
2696, 4
2697, 4
2698, 1
2699, 3
2700, 10
2701, 7
2702, 2
2703, 4
2704, 3
2705, 9
2706, 4
2707, 5
2708, 5
2709, 5
2710, 2
2711, 3
2712, 4
2713, 4
2714, 4
2715, 4
2716, 4
2717, 4
2718, 3
2719, 6
2720, 5
2721, 5
2722, 2
2723, 3
2724, 6
2725, 6
2726, 6
2727, 3
2728, 4
2729, 3
2730, 7
2731, 5
2732, 4
2733, 6
2734, 5
2735, 5
2736, 3
2737, 6
2738, 2
2739, 3
2740, 2
2741, 6
2742, 6
2743, 4
2744, 2
2745, 4
2746, 6
2747, 4
2748, 3
2749, 7
2750, 2
2751, 6
2752, 4
2753, 5
2754, 7
2755, 1
2756, 4
2757, 6
2758, 2
2759, 3
2760, 6
2761, 11
2762, 8
2763, 5
2764, 2
2765, 2
2766, 5
2767, 11
2768, 4
2769, 7
2770, 2
2771, 3
2772, 3
2773, 6
2774, 2
2775, 3
2776, 3
2777, 5
2778, 1
2779, 5
2780, 1
2781, 4
2782, 2
2783, 6
2784, 3
2785, 4
2786, 2
2787, 10
2788, 4
2789, 8
2790, 2
2791, 4
2792, 2
2793, 3
2794, 6
2795, 4
2796, 1
2797, 5
2798, 1
2799, 3
2800, 1
2801, 3
2802, 5
2803, 3
2804, 4
2805, 3
2806, 6
2807, 4
2808, 3
2809, 3
2810, 4
2811, 3
2812, 3
2813, 10
2814, 4
2815, 3
2816, 2
2817, 3
2818, 4
2819, 4
2820, 2
2821, 2
2822, 8
2823, 4
2824, 4
2825, 4
2826, 2
2827, 6
2828, 3
2829, 5
2830, 3
2831, 5
2832, 4
2833, 9
2834, 2
2835, 5
2836, 2
2837, 4
2838, 1
2839, 6
2840, 4
2841, 3
2842, 1
2843, 5
2844, 3
2845, 5
2846, 6
2847, 4
2848, 4
2849, 4
2850, 5
2851, 5
2852, 3
2853, 3
2854, 6
2855, 10
2856, 1
2857, 5
2858, 5
2859, 2
2860, 2
2861, 4
2862, 1
2863, 2
2864, 4
2865, 4
2866, 3
2867, 2
2868, 5
2869, 4
2870, 3
2871, 6
2872, 7
2873, 7
2874, 5
2875, 3
2876, 6
2877, 3
2878, 6
2879, 6
2880, 3
2881, 6
2882, 7
2883, 6
2884, 5
2885, 6
2886, 2
2887, 5
2888, 2
2889, 3
2890, 5
2891, 8
2892, 4
2893, 4
2894, 5
2895, 6
2896, 3
2897, 5
2898, 3
2899, 5
2900, 4
2901, 4
2902, 6
2903, 5
2904, 1
2905, 5
2906, 1
2907, 4
2908, 5
2909, 7
2910, 5
2911, 8
2912, 5
2913, 5
2914, 5
2915, 2
2916, 2
2917, 4
2918, 1
2919, 6
2920, 5
2921, 9
2922, 6
2923, 8
2924, 2
2925, 6
2926, 8
2927, 2
2928, 7
2929, 3
2930, 3
2931, 6
2932, 4
2933, 5
2934, 4
2935, 5
2936, 2
2937, 5
2938, 5
2939, 1
2940, 6
2941, 2
2942, 3
2943, 2
2944, 2
2945, 3
2946, 4
2947, 8
2948, 4
2949, 7
2950, 6
2951, 5
2952, 2
2953, 3
2954, 6
2955, 2
2956, 4
2957, 6
2958, 2
2959, 3
2960, 5
2961, 3
2962, 5
2963, 5
2964, 4
2965, 3
2966, 2
2967, 3
2968, 4
2969, 6
2970, 3
2971, 3
2972, 5
2973, 3
2974, 4
2975, 4
2976, 2
2977, 4
2978, 5
2979, 9
2980, 1
2981, 3
2982, 7
2983, 7
2984, 3
2985, 3
2986, 3
2987, 4
2988, 6
2989, 4
2990, 1
2991, 3
2992, 5
2993, 4
2994, 3
2995, 4
2996, 5
2997, 3
2998, 8
2999, 3
3000, 3
3001, 3
3002, 6
3003, 5
3004, 3
3005, 5
3006, 7
3007, 5
3008, 4
3009, 6
3010, 4
3011, 3
3012, 7
3013, 4
3014, 4
3015, 4
3016, 5
3017, 4
3018, 5
3019, 4
3020, 4
3021, 2
3022, 4
3023, 2
3024, 5
3025, 2
3026, 5
3027, 1
3028, 5
3029, 3
3030, 1
3031, 5
3032, 4
3033, 1
3034, 5
3035, 3
3036, 3
3037, 3
3038, 2
3039, 3
3040, 6
3041, 5
3042, 2
3043, 2
3044, 2
3045, 3
3046, 2
3047, 6
3048, 5
3049, 5
3050, 4
3051, 5
3052, 3
3053, 5
3054, 5
3055, 9
3056, 4
3057, 5
3058, 2
3059, 2
3060, 3
3061, 6
3062, 8
3063, 4
3064, 3
3065, 4
3066, 3
3067, 4
3068, 4
3069, 4
3070, 3
3071, 6
3072, 4
3073, 3
3074, 5
3075, 7
3076, 3
3077, 4
3078, 3
3079, 8
3080, 2
3081, 3
3082, 8
3083, 2
3084, 4
3085, 3
3086, 2
3087, 5
3088, 2
3089, 3
3090, 2
3091, 3
3092, 4
3093, 5
3094, 2
3095, 1
3096, 2
3097, 1
3098, 4
3099, 2
3100, 2
3101, 2
3102, 7
3103, 6
3104, 5
3105, 7
3106, 5
3107, 5
3108, 4
3109, 7
3110, 3
3111, 6
3112, 8
3113, 5
3114, 6
3115, 4
3116, 5
3117, 6
3118, 2
3119, 3
3120, 2
3121, 8
3122, 3
3123, 1
3124, 3
3125, 2
3126, 6
3127, 4
3128, 3
3129, 6
3130, 5
3131, 3
3132, 3
3133, 6
3134, 3
3135, 2
3136, 5
3137, 3
3138, 5
3139, 5
3140, 5
3141, 5
3142, 2
3143, 3
3144, 5
3145, 1
3146, 8
3147, 5
3148, 7
3149, 5
3150, 5
3151, 3
3152, 4
3153, 4
3154, 5
3155, 5
3156, 4
3157, 6
3158, 4
3159, 5
3160, 5
3161, 3
3162, 4
3163, 4
3164, 3
3165, 4
3166, 2
3167, 3
3168, 5
3169, 2
3170, 1
3171, 1
3172, 4
3173, 2
3174, 2
3175, 2
3176, 4
3177, 3
3178, 4
3179, 3
3180, 5
3181, 4
3182, 5
3183, 2
3184, 3
3185, 5
3186, 4
3187, 2
3188, 3
3189, 3
3190, 4
3191, 2
3192, 5
3193, 1
3194, 6
3195, 5
3196, 8
3197, 2
3198, 7
3199, 4
3200, 8
3201, 5
3202, 6
3203, 1
3204, 3
3205, 2
3206, 4
3207, 3
3208, 4
3209, 4
3210, 6
3211, 4
3212, 3
3213, 5
3214, 2
3215, 3
3216, 2
3217, 3
3218, 3
3219, 4
3220, 6
3221, 1
3222, 3
3223, 1
3224, 5
3225, 2
3226, 6
3227, 1
3228, 6
3229, 1
3230, 3
3231, 2
3232, 3
3233, 1
3234, 3
3235, 6
3236, 3
3237, 6
3238, 2
3239, 6
3240, 3
3241, 6
3242, 6
3243, 3
3244, 4
3245, 5
3246, 2
3247, 3
3248, 5
3249, 3
3250, 5
3251, 5
3252, 2
3253, 3
3254, 5
3255, 5
3256, 4
3257, 3
3258, 4
3259, 4
3260, 6
3261, 2
3262, 2
3263, 5
3264, 3
3265, 5
3266, 4
3267, 5
3268, 2
3269, 3
3270, 3
3271, 2
3272, 4
3273, 4
3274, 5
3275, 2
3276, 4
3277, 5
3278, 2
3279, 2
3280, 5
3281, 2
3282, 2
3283, 8
3284, 3
3285, 6
3286, 4
3287, 3
3288, 3
3289, 5
3290, 2
3291, 4
3292, 3
3293, 3
3294, 1
3295, 5
3296, 3
3297, 7
3298, 5
3299, 4
3300, 3
3301, 7
3302, 9
3303, 4
3304, 4
3305, 3
3306, 6
3307, 5
3308, 4
3309, 9
3310, 1
3311, 4
3312, 4
3313, 3
3314, 4
3315, 8
3316, 7
3317, 5
3318, 5
3319, 5
3320, 5
3321, 4
3322, 4
3323, 4
3324, 4
3325, 5
3326, 6
3327, 6
3328, 4
3329, 3
3330, 4
3331, 3
3332, 3
3333, 3
3334, 5
3335, 6
3336, 4
3337, 2
3338, 4
3339, 3
3340, 4
3341, 4
3342, 1
3343, 4
3344, 3
3345, 3
3346, 2
3347, 3
3348, 4
3349, 4
3350, 4
3351, 3
3352, 3
3353, 5
3354, 6
3355, 4
3356, 4
3357, 5
3358, 5
3359, 3
3360, 4
3361, 3
3362, 4
3363, 5
3364, 3
3365, 2
3366, 5
3367, 1
3368, 2
3369, 2
3370, 2
3371, 3
3372, 2
3373, 3
3374, 1
3375, 3
3376, 8
3377, 5
3378, 3
3379, 5
3380, 4
3381, 3
3382, 6
3383, 4
3384, 5
3385, 3
3386, 6
3387, 4
3388, 3
3389, 3
3390, 3
3391, 4
3392, 4
3393, 3
3394, 4
3395, 4
3396, 3
3397, 6
3398, 1
3399, 6
3400, 1
3401, 6
3402, 4
3403, 4
3404, 4
3405, 1
3406, 5
3407, 2
3408, 3
3409, 4
3410, 4
3411, 1
3412, 7
3413, 1
3414, 8
3415, 1
3416, 2
3417, 7
3418, 5
3419, 6
3420, 2
3421, 4
3422, 6
3423, 2
3424, 9
3425, 7
3426, 2
3427, 5
3428, 2
3429, 6
3430, 2
3431, 4
3432, 4
3433, 5
3434, 9
3435, 6
3436, 5
3437, 5
3438, 7
3439, 2
3440, 8
3441, 3
3442, 3
3443, 2
3444, 6
3445, 5
3446, 2
3447, 8
3448, 2
3449, 5
3450, 6
3451, 2
3452, 2
3453, 2
3454, 5
3455, 2
3456, 2
3457, 6
3458, 3
3459, 2
3460, 3
3461, 4
3462, 6
3463, 3
3464, 3
3465, 7
3466, 2
3467, 2
3468, 2
3469, 3
3470, 2
3471, 7
3472, 3
3473, 4
3474, 4
3475, 6
3476, 3
3477, 5
3478, 4
3479, 5
3480, 2
3481, 4
3482, 4
3483, 2
3484, 7
3485, 4
3486, 6
3487, 5
3488, 5
3489, 1
3490, 8
3491, 5
3492, 7
3493, 2
3494, 5
3495, 1
3496, 3
3497, 1
3498, 3
3499, 1
3500, 4
3501, 7
3502, 4
3503, 6
3504, 6
3505, 3
3506, 4
3507, 2
3508, 6
3509, 5
3510, 2
3511, 5
3512, 8
3513, 2
3514, 6
3515, 5
3516, 5
3517, 3
3518, 5
3519, 3
3520, 2
3521, 7
3522, 7
3523, 3
3524, 9
3525, 3
3526, 3
3527, 5
3528, 6
3529, 5
3530, 6
3531, 4
3532, 5
3533, 6
3534, 6
3535, 2
3536, 2
3537, 5
3538, 5
3539, 3
3540, 2
3541, 4
3542, 2
3543, 3
3544, 5
3545, 4
3546, 2
3547, 7
3548, 4
3549, 5
3550, 4
3551, 2
3552, 3
3553, 1
3554, 4
3555, 2
3556, 7
3557, 3
3558, 10
3559, 5
3560, 3
3561, 4
3562, 3
3563, 4
3564, 5
3565, 4
3566, 4
3567, 5
3568, 4
3569, 3
3570, 7
3571, 5
3572, 5
3573, 5
3574, 6
3575, 4
3576, 3
3577, 6
3578, 3
3579, 6
3580, 3
3581, 3
3582, 2
3583, 5
3584, 6
3585, 5
3586, 5
3587, 4
3588, 5
3589, 2
3590, 4
3591, 4
3592, 4
3593, 1
3594, 4
3595, 7
3596, 7
3597, 3
3598, 5
3599, 3
3600, 6
3601, 5
3602, 5
3603, 6
3604, 3
3605, 6
3606, 3
3607, 4
3608, 3
3609, 4
3610, 2
3611, 5
3612, 6
3613, 5
3614, 6
3615, 4
3616, 3
3617, 5
3618, 4
3619, 4
3620, 6
3621, 4
3622, 3
3623, 3
3624, 5
3625, 5
3626, 2
3627, 4
3628, 6
3629, 8
3630, 2
3631, 5
3632, 3
3633, 3
3634, 4
3635, 4
3636, 6
3637, 5
3638, 6
3639, 2
3640, 3
3641, 4
3642, 5
3643, 3
3644, 6
3645, 4
3646, 4
3647, 4
3648, 2
3649, 3
3650, 2
3651, 1
3652, 9
3653, 6
3654, 6
3655, 2
3656, 2
3657, 3
3658, 5
3659, 3
3660, 6
3661, 3
3662, 5
3663, 3
3664, 5
3665, 2
3666, 2
3667, 7
3668, 3
3669, 4
3670, 3
3671, 2
3672, 6
3673, 2
3674, 3
3675, 7
3676, 5
3677, 4
3678, 5
3679, 4
3680, 5
3681, 4
3682, 2
3683, 2
3684, 5
3685, 4
3686, 3
3687, 5
3688, 3
3689, 1
3690, 4
3691, 3
3692, 2
3693, 5
3694, 8
3695, 4
3696, 1
3697, 1
3698, 4
3699, 4
3700, 9
3701, 1
3702, 8
3703, 6
3704, 3
3705, 2
3706, 2
3707, 2
3708, 7
3709, 3
3710, 3
3711, 2
3712, 4
3713, 4
3714, 2
3715, 1
3716, 4
3717, 8
3718, 2
3719, 7
3720, 1
3721, 5
3722, 3
3723, 6
3724, 7
3725, 1
3726, 2
3727, 7
3728, 2
3729, 1
3730, 2
3731, 3
3732, 2
3733, 3
3734, 4
3735, 3
3736, 4
3737, 4
3738, 2
3739, 5
3740, 2
3741, 3
3742, 2
3743, 3
3744, 4
3745, 3
3746, 1
3747, 5
3748, 7
3749, 4
3750, 4
3751, 3
3752, 1
3753, 2
3754, 7
3755, 9
3756, 1
3757, 8
3758, 2
3759, 8
3760, 2
3761, 4
3762, 3
3763, 6
3764, 4
3765, 8
3766, 2
3767, 5
3768, 3
3769, 3
3770, 3
3771, 3
3772, 6
3773, 8
3774, 4
3775, 4
3776, 8
3777, 5
3778, 3
3779, 2
3780, 2
3781, 2
3782, 1
3783, 2
3784, 7
3785, 4
3786, 7
3787, 3
3788, 6
3789, 4
3790, 5
3791, 5
3792, 3
3793, 3
3794, 2
3795, 3
3796, 4
3797, 2
3798, 4
3799, 7
3800, 6
3801, 3
3802, 3
3803, 6
3804, 3
3805, 2
3806, 4
3807, 5
3808, 7
3809, 5
3810, 2
3811, 6
3812, 2
3813, 4
3814, 1
3815, 6
3816, 2
3817, 2
3818, 4
3819, 5
3820, 4
3821, 3
3822, 3
3823, 5
3824, 15
3825, 5
3826, 5
3827, 3
3828, 4
3829, 3
3830, 3
3831, 2
3832, 5
3833, 2
3834, 4
3835, 4
3836, 4
3837, 4
3838, 2
3839, 3
3840, 2
3841, 3
3842, 6
3843, 2
3844, 4
3845, 1
3846, 2
3847, 3
3848, 3
3849, 4
3850, 8
3851, 2
3852, 5
3853, 3
3854, 7
3855, 4
3856, 2
3857, 6
3858, 2
3859, 9
3860, 6
3861, 3
3862, 4
3863, 7
3864, 5
3865, 2
3866, 10
3867, 3
3868, 4
3869, 3
3870, 1
3871, 2
3872, 5
3873, 8
3874, 3
3875, 2
3876, 5
3877, 5
3878, 5
3879, 6
3880, 4
3881, 4
3882, 4
3883, 1
3884, 5
3885, 6
3886, 3
3887, 3
3888, 2
3889, 4
3890, 2
3891, 1
3892, 1
3893, 5
3894, 8
3895, 4
3896, 2
3897, 6
3898, 7
3899, 4
3900, 6
3901, 3
3902, 4
3903, 3
3904, 3
3905, 3
3906, 2
3907, 5
3908, 6
3909, 4
3910, 8
3911, 4
3912, 2
3913, 2
3914, 3
3915, 1
3916, 2
3917, 3
3918, 3
3919, 3
3920, 2
3921, 4
3922, 6
3923, 4
3924, 3
3925, 6
3926, 6
3927, 7
3928, 1
3929, 6
3930, 1
3931, 6
3932, 3
3933, 3
3934, 3
3935, 7
3936, 3
3937, 7
3938, 8
3939, 6
3940, 2
3941, 8
3942, 9
3943, 4
3944, 5
3945, 6
3946, 6
3947, 7
3948, 5
3949, 2
3950, 5
3951, 5
3952, 7
3953, 5
3954, 7
3955, 2
3956, 3
3957, 5
3958, 8
3959, 4
3960, 3
3961, 9
3962, 5
3963, 5
3964, 4
3965, 6
3966, 6
3967, 5
3968, 2
3969, 6
3970, 4
3971, 5
3972, 2
3973, 1
3974, 6
3975, 1
3976, 6
3977, 4
3978, 3
3979, 4
3980, 4
3981, 3
3982, 4
3983, 8
3984, 5
3985, 4
3986, 3
3987, 4
3988, 3
3989, 5
3990, 6
3991, 2
3992, 4
3993, 2
3994, 2
3995, 4
3996, 6
3997, 5
3998, 2
3999, 5
4000, 5
4001, 4
4002, 4
4003, 4
4004, 4
4005, 5
4006, 4
4007, 6
4008, 3
4009, 1
4010, 2
4011, 4
4012, 3
4013, 6
4014, 5
4015, 6
4016, 2
4017, 7
4018, 8
4019, 6
4020, 2
4021, 5
4022, 3
4023, 5
4024, 3
4025, 6
4026, 9
4027, 10
4028, 3
4029, 6
4030, 2
4031, 3
4032, 2
4033, 5
4034, 4
4035, 7
4036, 4
4037, 6
4038, 6
4039, 3
4040, 4
4041, 2
4042, 2
4043, 2
4044, 4
4045, 7
4046, 2
4047, 7
4048, 5
4049, 2
4050, 3
4051, 2
4052, 5
4053, 3
4054, 3
4055, 2
4056, 5
4057, 2
4058, 4
4059, 3
4060, 3
4061, 5
4062, 6
4063, 4
4064, 3
4065, 3
4066, 3
4067, 8
4068, 3
4069, 5
4070, 5
4071, 5
4072, 4
4073, 4
4074, 5
4075, 5
4076, 4
4077, 5
4078, 2
4079, 7
4080, 4
4081, 5
4082, 3
4083, 3
4084, 7
4085, 4
4086, 5
4087, 4
4088, 6
4089, 8
4090, 7
4091, 3
4092, 7
4093, 3
4094, 4
4095, 5
4096, 9
4097, 7
4098, 4
4099, 3
4100, 3
4101, 4
4102, 5
4103, 6
4104, 5
4105, 4
4106, 5
4107, 3
4108, 7
4109, 6
4110, 7
4111, 3
4112, 7
4113, 7
4114, 4
4115, 4
4116, 6
4117, 5
4118, 5
4119, 3
4120, 6
4121, 4
4122, 3
4123, 5
4124, 6
4125, 4
4126, 3
4127, 4
4128, 3
4129, 4
4130, 8
4131, 3
4132, 5
4133, 6
4134, 8
4135, 5
4136, 3
4137, 6
4138, 3
4139, 4
4140, 3
4141, 7
4142, 7
4143, 4
4144, 2
4145, 5
4146, 4
4147, 5
4148, 2
4149, 3
4150, 3
4151, 3
4152, 2
4153, 4
4154, 5
4155, 4
4156, 2
4157, 4
4158, 5
4159, 4
4160, 2
4161, 4
4162, 3
4163, 4
4164, 5
4165, 7
4166, 5
4167, 3
4168, 2
4169, 1
4170, 1
4171, 7
4172, 2
4173, 4
4174, 5
4175, 3
4176, 5
4177, 2
4178, 3
4179, 3
4180, 8
4181, 4
4182, 3
4183, 2
4184, 4
4185, 5
4186, 3
4187, 2
4188, 4
4189, 4
4190, 3
4191, 2
4192, 2
4193, 6
4194, 5
4195, 5
4196, 2
4197, 4
4198, 4
4199, 3
4200, 6
4201, 4
4202, 7
4203, 3
4204, 2
4205, 4
4206, 4
4207, 7
4208, 4
4209, 2
4210, 5
4211, 2
4212, 5
4213, 3
4214, 2
4215, 1
4216, 3
4217, 3
4218, 4
4219, 6
4220, 3
4221, 8
4222, 2
4223, 2
4224, 4
4225, 4
4226, 2
4227, 4
4228, 4
4229, 5
4230, 4
4231, 5
4232, 5
4233, 4
4234, 5
4235, 5
4236, 4
4237, 3
4238, 3
4239, 3
4240, 3
4241, 6
4242, 5
4243, 1
4244, 4
4245, 1
4246, 3
4247, 3
4248, 4
4249, 1
4250, 4
4251, 5
4252, 3
4253, 4
4254, 4
4255, 2
4256, 5
4257, 3
4258, 4
4259, 5
4260, 4
4261, 4
4262, 7
4263, 4
4264, 3
4265, 6
4266, 6
4267, 3
4268, 7
4269, 7
4270, 4
4271, 4
4272, 4
4273, 5
4274, 4
4275, 3
4276, 4
4277, 4
4278, 3
4279, 4
4280, 6
4281, 2
4282, 3
4283, 8
4284, 4
4285, 5
4286, 6
4287, 4
4288, 3
4289, 3
4290, 7
4291, 4
4292, 6
4293, 7
4294, 6
4295, 6
4296, 3
4297, 4
4298, 4
4299, 2
4300, 4
4301, 6
4302, 7
4303, 2
4304, 5
4305, 1
4306, 7
4307, 4
4308, 3
4309, 5
4310, 2
4311, 4
4312, 3
4313, 3
4314, 7
4315, 2
4316, 2
4317, 2
4318, 5
4319, 4
4320, 4
4321, 5
4322, 4
4323, 4
4324, 4
4325, 3
4326, 2
4327, 7
4328, 4
4329, 4
4330, 8
4331, 3
4332, 4
4333, 3
4334, 6
4335, 6
4336, 6
4337, 7
4338, 3
4339, 3
4340, 2
4341, 7
4342, 2
4343, 4
4344, 3
4345, 3
4346, 4
4347, 3
4348, 4
4349, 4
4350, 5
4351, 2
4352, 4
4353, 4
4354, 5
4355, 3
4356, 3
4357, 1
4358, 5
4359, 5
4360, 2
4361, 2
4362, 5
4363, 5
4364, 6
4365, 1
4366, 4
4367, 5
4368, 2
4369, 4
4370, 4
4371, 2
4372, 4
4373, 6
4374, 1
4375, 7
4376, 8
4377, 4
4378, 7
4379, 3
4380, 5
4381, 7
4382, 3
4383, 8
4384, 5
4385, 4
4386, 3
4387, 4
4388, 2
4389, 4
4390, 6
4391, 6
4392, 2
4393, 7
4394, 6
4395, 5
4396, 3
4397, 5
4398, 4
4399, 4
4400, 5
4401, 4
4402, 5
4403, 6
4404, 3
4405, 4
4406, 4
4407, 6
4408, 4
4409, 5
4410, 3
4411, 5
4412, 3
4413, 4
4414, 3
4415, 4
4416, 3
4417, 3
4418, 5
4419, 5
4420, 5
4421, 3
4422, 3
4423, 4
4424, 4
4425, 3
4426, 4
4427, 5
4428, 3
4429, 2
4430, 3
4431, 1
4432, 11
4433, 6
4434, 3
4435, 3
4436, 5
4437, 4
4438, 3
4439, 5
4440, 1
4441, 4
4442, 5
4443, 6
4444, 7
4445, 5
4446, 6
4447, 3
4448, 4
4449, 3
4450, 3
4451, 3
4452, 6
4453, 3
4454, 6
4455, 6
4456, 3
4457, 6
4458, 4
4459, 9
4460, 4
4461, 5
4462, 7
4463, 9
4464, 4
4465, 3
4466, 3
4467, 3
4468, 4
4469, 5
4470, 3
4471, 6
4472, 3
4473, 2
4474, 6
4475, 5
4476, 1
4477, 4
4478, 3
4479, 3
4480, 3
4481, 2
4482, 4
4483, 4
4484, 4
4485, 3
4486, 4
4487, 4
4488, 4
4489, 6
4490, 4
4491, 4
4492, 5
4493, 4
4494, 3
4495, 2
4496, 4
4497, 3
4498, 4
4499, 5
4500, 2
4501, 2
4502, 4
4503, 3
4504, 9
4505, 3
4506, 4
4507, 4
4508, 4
4509, 3
4510, 4
4511, 5
4512, 5
4513, 3
4514, 3
4515, 1
4516, 3
4517, 2
4518, 1
4519, 6
4520, 4
4521, 4
4522, 6
4523, 4
4524, 8
4525, 6
4526, 1
4527, 2
4528, 2
4529, 9
4530, 4
4531, 5
4532, 4
4533, 2
4534, 7
4535, 3
4536, 4
4537, 7
4538, 4
4539, 2
4540, 3
4541, 7
4542, 8
4543, 2
4544, 4
4545, 6
4546, 4
4547, 2
4548, 5
4549, 5
4550, 3
4551, 4
4552, 5
4553, 4
4554, 4
4555, 3
4556, 5
4557, 7
4558, 2
4559, 3
4560, 4
4561, 2
4562, 7
4563, 3
4564, 3
4565, 4
4566, 5
4567, 7
4568, 3
4569, 4
4570, 9
4571, 6
4572, 3
4573, 2
4574, 4
4575, 3
4576, 3
4577, 9
4578, 4
4579, 6
4580, 7
4581, 2
4582, 3
4583, 2
4584, 4
4585, 4
4586, 5
4587, 6
4588, 4
4589, 5
4590, 7
4591, 4
4592, 5
4593, 5
4594, 5
4595, 2
4596, 2
4597, 6
4598, 5
4599, 3
4600, 5
4601, 5
4602, 4
4603, 4
4604, 2
4605, 4
4606, 2
4607, 4
4608, 4
4609, 3
4610, 5
4611, 5
4612, 3
4613, 5
4614, 4
4615, 5
4616, 5
4617, 7
4618, 5
4619, 7
4620, 3
4621, 3
4622, 5
4623, 3
4624, 5
4625, 5
4626, 3
4627, 4
4628, 9
4629, 4
4630, 3
4631, 2
4632, 7
4633, 2
4634, 3
4635, 7
4636, 3
4637, 3
4638, 5
4639, 7
4640, 6
4641, 8
4642, 5
4643, 4
4644, 3
4645, 3
4646, 4
4647, 3
4648, 1
4649, 7
4650, 1
4651, 4
4652, 1
4653, 4
4654, 3
4655, 3
4656, 1
4657, 4
4658, 4
4659, 5
4660, 3
4661, 2
4662, 2
4663, 3
4664, 8
4665, 5
4666, 1
4667, 3
4668, 2
4669, 4
4670, 4
4671, 2
4672, 6
4673, 3
4674, 4
4675, 8
4676, 2
4677, 2
4678, 3
4679, 6
4680, 2
4681, 5
4682, 4
4683, 6
4684, 4
4685, 3
4686, 6
4687, 2
4688, 2
4689, 2
4690, 3
4691, 6
4692, 7
4693, 10
4694, 4
4695, 2
4696, 7
4697, 3
4698, 6
4699, 4
4700, 3
4701, 3
4702, 6
4703, 2
4704, 3
4705, 1
4706, 2
4707, 6
4708, 5
4709, 1
4710, 7
4711, 3
4712, 5
4713, 2
4714, 6
4715, 3
4716, 4
4717, 1
4718, 4
4719, 5
4720, 7
4721, 1
4722, 2
4723, 3
4724, 4
4725, 4
4726, 4
4727, 4
4728, 7
4729, 3
4730, 7
4731, 8
4732, 2
4733, 7
4734, 3
4735, 7
4736, 3
4737, 1
4738, 7
4739, 4
4740, 8
4741, 5
4742, 6
4743, 3
4744, 5
4745, 4
4746, 4
4747, 7
4748, 3
4749, 7
4750, 2
4751, 3
4752, 7
4753, 2
4754, 3
4755, 4
4756, 2
4757, 4
4758, 2
4759, 5
4760, 5
4761, 5
4762, 4
4763, 6
4764, 6
4765, 3
4766, 2
4767, 4
4768, 2
4769, 6
4770, 3
4771, 2
4772, 6
4773, 6
4774, 3
4775, 7
4776, 5
4777, 8
4778, 3
4779, 6
4780, 4
4781, 6
4782, 5
4783, 6
4784, 1
4785, 4
4786, 2
4787, 3
4788, 2
4789, 3
4790, 5
4791, 3
4792, 6
4793, 9
4794, 4
4795, 3
4796, 4
4797, 4
4798, 4
4799, 5
4800, 4
4801, 4
4802, 3
4803, 4
4804, 3
4805, 4
4806, 5
4807, 6
4808, 2
4809, 4
4810, 2
4811, 2
4812, 5
4813, 6
4814, 10
4815, 8
4816, 9
4817, 2
4818, 1
4819, 3
4820, 1
4821, 3
4822, 3
4823, 4
4824, 2
4825, 4
4826, 4
4827, 5
4828, 7
4829, 6
4830, 2
4831, 6
4832, 5
4833, 6
4834, 2
4835, 4
4836, 2
4837, 2
4838, 1
4839, 4
4840, 8
4841, 4
4842, 4
4843, 2
4844, 4
4845, 6
4846, 5
4847, 5
4848, 4
4849, 7
4850, 5
4851, 4
4852, 9
4853, 9
4854, 4
4855, 4
4856, 4
4857, 9
4858, 1
4859, 1
4860, 2
4861, 2
4862, 1
4863, 1
4864, 4
4865, 2
4866, 5
4867, 2
4868, 3
4869, 8
4870, 3
4871, 3
4872, 7
4873, 5
4874, 9
4875, 4
4876, 3
4877, 3
4878, 3
4879, 6
4880, 3
4881, 5
4882, 3
4883, 4
4884, 3
4885, 7
4886, 5
4887, 9
4888, 3
4889, 4
4890, 2
4891, 4
4892, 2
4893, 4
4894, 2
4895, 3
4896, 4
4897, 4
4898, 5
4899, 5
4900, 3
4901, 5
4902, 5
4903, 4
4904, 2
4905, 5
4906, 4
4907, 6
4908, 2
4909, 5
4910, 2
4911, 7
4912, 3
4913, 3
4914, 3
4915, 6
4916, 2
4917, 8
4918, 3
4919, 2
4920, 4
4921, 3
4922, 4
4923, 2
4924, 2
4925, 2
4926, 3
4927, 7
4928, 3
4929, 5
4930, 3
4931, 4
4932, 4
4933, 5
4934, 3
4935, 5
4936, 5
4937, 3
4938, 4
4939, 3
4940, 4
4941, 4
4942, 7
4943, 6
4944, 2
4945, 1
4946, 1
4947, 8
4948, 2
4949, 5
4950, 2
4951, 4
4952, 2
4953, 3
4954, 3
4955, 4
4956, 7
4957, 6
4958, 2
4959, 3
4960, 2
4961, 6
4962, 5
4963, 4
4964, 5
4965, 4
4966, 4
4967, 3
4968, 3
4969, 3
4970, 2
4971, 5
4972, 5
4973, 4
4974, 2
4975, 4
4976, 3
4977, 5
4978, 7
4979, 2
4980, 2
4981, 4
4982, 2
4983, 3
4984, 5
4985, 4
4986, 3
4987, 9
4988, 3
4989, 8
4990, 4
4991, 3
4992, 4
4993, 5
4994, 4
4995, 7
4996, 4
4997, 6
4998, 4
4999, 4
5000, 4
5001, 7
5002, 4
5003, 6
5004, 4
5005, 5
5006, 2
5007, 7
5008, 6
5009, 5
5010, 2
5011, 6
5012, 5
5013, 3
5014, 4
5015, 3
5016, 3
5017, 3
5018, 3
5019, 2
5020, 6
5021, 2
5022, 6
5023, 3
5024, 6
5025, 3
5026, 5
5027, 7
5028, 2
5029, 8
5030, 5
5031, 10
5032, 4
5033, 4
5034, 5
5035, 3
5036, 5
5037, 6
5038, 5
5039, 4
5040, 6
5041, 5
5042, 7
5043, 9
5044, 4
5045, 10
5046, 3
5047, 11
5048, 3
5049, 4
5050, 5
5051, 4
5052, 6
5053, 4
5054, 5
5055, 4
5056, 10
5057, 6
5058, 5
5059, 4
5060, 6
5061, 3
5062, 5
5063, 3
5064, 4
5065, 4
5066, 5
5067, 6
5068, 7
5069, 6
5070, 5
5071, 6
5072, 5
5073, 5
5074, 2
5075, 7
5076, 3
5077, 6
5078, 4
5079, 2
5080, 3
5081, 6
5082, 3
5083, 4
5084, 2
5085, 3
5086, 3
5087, 6
5088, 2
5089, 5
5090, 5
5091, 2
5092, 2
5093, 4
5094, 2
5095, 3
5096, 6
5097, 1
5098, 9
5099, 2
5100, 5
5101, 1
5102, 4
5103, 2
5104, 4
5105, 3
5106, 4
5107, 6
5108, 6
5109, 3
5110, 8
5111, 7
5112, 8
5113, 1
5114, 2
5115, 1
5116, 3
5117, 3
5118, 4
5119, 1
5120, 3
5121, 1
5122, 1
5123, 4
5124, 3
5125, 2
5126, 4
5127, 5
5128, 2
5129, 6
5130, 5
5131, 5
5132, 3
5133, 3
5134, 3
5135, 4
5136, 6
5137, 5
5138, 2
5139, 4
5140, 3
5141, 5
5142, 7
5143, 3
5144, 2
5145, 3
5146, 4
5147, 4
5148, 3
5149, 4
5150, 1
5151, 3
5152, 4
5153, 3
5154, 4
5155, 5
5156, 4
5157, 2
5158, 2
5159, 3
5160, 4
5161, 2
5162, 4
5163, 3
5164, 7
5165, 3
5166, 3
5167, 3
5168, 3
5169, 4
5170, 2
5171, 4
5172, 6
5173, 4
5174, 7
5175, 6
5176, 2
5177, 6
5178, 5
5179, 6
5180, 6
5181, 2
5182, 1
5183, 8
5184, 8
5185, 4
5186, 3
5187, 4
5188, 5
5189, 5
5190, 2
5191, 4
5192, 5
5193, 7
5194, 2
5195, 2
5196, 5
5197, 3
5198, 1
5199, 4
5200, 5
5201, 3
5202, 2
5203, 3
5204, 6
5205, 4
5206, 6
5207, 3
5208, 1
5209, 1
5210, 1
5211, 1
5212, 1
5213, 1
5214, 1
5215, 2
5216, 2
5217, 2
5218, 5
5219, 4
5220, 4
5221, 2
5222, 5
5223, 5
5224, 2
5225, 4
5226, 2
5227, 2
5228, 3
5229, 5
5230, 3
5231, 1
5232, 3
5233, 2
5234, 4
5235, 4
5236, 4
5237, 4
5238, 5
5239, 4
5240, 4
5241, 6
5242, 2
5243, 4
5244, 4
5245, 3
5246, 3
5247, 5
5248, 3
5249, 4
5250, 8
5251, 4
5252, 6
5253, 4
5254, 3
5255, 5
5256, 5
5257, 5
5258, 5
5259, 2
5260, 6
5261, 3
5262, 5
5263, 2
5264, 6
5265, 2
5266, 4
5267, 2
5268, 2
5269, 5
5270, 3
5271, 4
5272, 3
5273, 4
5274, 2
5275, 7
5276, 2
5277, 4
5278, 4
5279, 1
5280, 3
5281, 4
5282, 4
5283, 3
5284, 3
5285, 2
5286, 4
5287, 5
5288, 3
5289, 2
5290, 2
5291, 4
5292, 3
5293, 4
5294, 3
5295, 5
5296, 6
5297, 4
5298, 6
5299, 4
5300, 3
5301, 3
5302, 4
5303, 5
5304, 7
5305, 1
5306, 3
5307, 1
5308, 2
5309, 2
5310, 5
5311, 1
5312, 5
5313, 1
5314, 4
5315, 2
5316, 4
5317, 6
5318, 4
5319, 2
5320, 6
5321, 3
5322, 4
5323, 4
5324, 4
5325, 2
5326, 4
5327, 5
5328, 4
5329, 3
5330, 2
5331, 3
5332, 3
5333, 2
5334, 3
5335, 3
5336, 3
5337, 3
5338, 9
5339, 4
5340, 4
5341, 3
5342, 4
5343, 3
5344, 4
5345, 2
5346, 1
5347, 2
5348, 3
5349, 5
5350, 4
5351, 5
5352, 5
5353, 4
5354, 6
5355, 4
5356, 3
5357, 3
5358, 7
5359, 3
5360, 3
5361, 3
5362, 6
5363, 4
5364, 5
5365, 6
5366, 6
5367, 8
5368, 2
5369, 3
5370, 4
5371, 2
5372, 6
5373, 7
5374, 7
5375, 4
5376, 2
5377, 4
5378, 5
5379, 3
5380, 4
5381, 4
5382, 3
5383, 1
5384, 9
5385, 3
5386, 2
5387, 2
5388, 4
5389, 5
5390, 5
5391, 3
5392, 6
5393, 6
5394, 6
5395, 2
5396, 3
5397, 5
5398, 2
5399, 3
5400, 4
5401, 1
5402, 6
5403, 2
5404, 3
5405, 5
5406, 1
5407, 2
5408, 7
5409, 1
5410, 3
5411, 1
5412, 2
5413, 1
5414, 2
5415, 1
5416, 3
5417, 3
5418, 1
5419, 2
5420, 7
5421, 5
5422, 2
5423, 4
5424, 1
5425, 4
5426, 8
5427, 6
5428, 7
5429, 3
5430, 5
5431, 5
5432, 2
5433, 1
5434, 2
5435, 2
5436, 4
5437, 1
5438, 3
5439, 6
5440, 1
5441, 1
5442, 4
5443, 3
5444, 4
5445, 1
5446, 3
5447, 3
5448, 3
5449, 3
5450, 4
5451, 6
5452, 1
5453, 9
5454, 2
5455, 3
5456, 6
5457, 4
5458, 5
5459, 4
5460, 4
5461, 5
5462, 4
5463, 5
5464, 5
5465, 5
5466, 3
5467, 8
5468, 6
5469, 5
5470, 2
5471, 6
5472, 3
5473, 4
5474, 5
5475, 3
5476, 4
5477, 6
5478, 8
5479, 3
5480, 5
5481, 6
5482, 4
5483, 6
5484, 2
5485, 3
5486, 8
5487, 4
5488, 5
5489, 5
5490, 3
5491, 5
5492, 3
5493, 4
5494, 2
5495, 6
5496, 3
5497, 3
5498, 6
5499, 5
5500, 2
5501, 5
5502, 2
5503, 2
5504, 6
5505, 4
5506, 9
5507, 8
5508, 6
5509, 5
5510, 6
5511, 5
5512, 2
5513, 5
5514, 3
5515, 2
5516, 6
5517, 4
5518, 6
5519, 4
5520, 6
5521, 4
5522, 6
5523, 5
5524, 7
5525, 4
5526, 6
5527, 4
5528, 7
5529, 7
5530, 5
5531, 3
5532, 8
5533, 6
5534, 5
5535, 5
5536, 9
5537, 2
5538, 4
5539, 4
5540, 4
5541, 5
5542, 4
5543, 1
5544, 4
5545, 2
5546, 3
5547, 2
5548, 6
5549, 1
5550, 7
5551, 3
5552, 6
5553, 4
5554, 4
5555, 2
5556, 5
5557, 5
5558, 2
5559, 2
5560, 3
5561, 3
5562, 8
5563, 8
5564, 3
5565, 5
5566, 6
5567, 2
5568, 5
5569, 2
5570, 8
5571, 4
5572, 4
5573, 5
5574, 10
5575, 1
5576, 3
5577, 2
5578, 4
5579, 4
5580, 5
5581, 7
5582, 7
5583, 3
5584, 5
5585, 3
5586, 3
5587, 3
5588, 3
5589, 1
5590, 2
5591, 10
5592, 5
5593, 6
5594, 3
5595, 6
5596, 6
5597, 4
5598, 2
5599, 1
5600, 5
5601, 1
5602, 1
5603, 5
5604, 6
5605, 3
5606, 5
5607, 2
5608, 3
5609, 1
5610, 4
5611, 2
5612, 3
5613, 5
5614, 1
5615, 2
5616, 4
5617, 3
5618, 5
5619, 7
5620, 4
5621, 3
5622, 2
5623, 4
5624, 4
5625, 3
5626, 5
5627, 2
5628, 4
5629, 5
5630, 3
5631, 6
5632, 4
5633, 1
5634, 4
5635, 2
5636, 2
5637, 3
5638, 4
5639, 4
5640, 3
5641, 3
5642, 4
5643, 4
5644, 4
5645, 2
5646, 3
5647, 4
5648, 3
5649, 4
5650, 2
5651, 4
5652, 5
5653, 5
5654, 2
5655, 4
5656, 2
5657, 3
5658, 2
5659, 1
5660, 4
5661, 4
5662, 2
5663, 5
5664, 3
5665, 6
5666, 3
5667, 3
5668, 5
5669, 6
5670, 3
5671, 2
5672, 3
5673, 6
5674, 4
5675, 4
5676, 3
5677, 2
5678, 2
5679, 3
5680, 4
5681, 5
5682, 2
5683, 6
5684, 5
5685, 6
5686, 4
5687, 1
5688, 3
5689, 3
5690, 3
5691, 5
5692, 1
5693, 4
5694, 5
5695, 1
5696, 5
5697, 2
5698, 6
5699, 2
5700, 4
5701, 5
5702, 4
5703, 2
5704, 5
5705, 4
5706, 4
5707, 2
5708, 4
5709, 4
5710, 4
5711, 5
5712, 8
5713, 2
5714, 9
5715, 5
5716, 2
5717, 1
5718, 4
5719, 4
5720, 6
5721, 4
5722, 5
5723, 2
5724, 3
5725, 7
5726, 2
5727, 4
5728, 4
5729, 4
5730, 3
5731, 2
5732, 6
5733, 3
5734, 2
5735, 3
5736, 3
5737, 3
5738, 5
5739, 2
5740, 5
5741, 5
5742, 3
5743, 2
5744, 2
5745, 4
5746, 5
5747, 4
5748, 4
5749, 4
5750, 5
5751, 2
5752, 3
5753, 4
5754, 3
5755, 5
5756, 4
5757, 5
5758, 6
5759, 4
5760, 4
5761, 6
5762, 6
5763, 3
5764, 5
5765, 4
5766, 3
5767, 3
5768, 2
5769, 5
5770, 5
5771, 3
5772, 3
5773, 2
5774, 4
5775, 1
5776, 7
5777, 2
5778, 3
5779, 3
5780, 7
5781, 3
5782, 3
5783, 2
5784, 3
5785, 4
5786, 6
5787, 3
5788, 2
5789, 3
5790, 2
5791, 6
5792, 2
5793, 4
5794, 3
5795, 8
5796, 4
5797, 6
5798, 1
5799, 4
5800, 2
5801, 4
5802, 5
5803, 6
5804, 2
5805, 3
5806, 7
5807, 3
5808, 4
5809, 4
5810, 8
5811, 3
5812, 5
5813, 4
5814, 3
5815, 7
5816, 4
5817, 2
5818, 2
5819, 8
5820, 1
5821, 5
5822, 4
5823, 6
5824, 4
5825, 4
5826, 4
5827, 3
5828, 4
5829, 4
5830, 5
5831, 7
5832, 5
5833, 2
5834, 3
5835, 4
5836, 3
5837, 4
5838, 5
5839, 5
5840, 6
5841, 2
5842, 1
5843, 4
5844, 4
5845, 2
5846, 3
5847, 7
5848, 3
5849, 2
5850, 5
5851, 2
5852, 3
5853, 7
5854, 4
5855, 5
5856, 4
5857, 4
5858, 3
5859, 4
5860, 4
5861, 3
5862, 4
5863, 3
5864, 2
5865, 8
5866, 3
5867, 4
5868, 3
5869, 2
5870, 3
5871, 5
5872, 5
5873, 6
5874, 3
5875, 1
5876, 3
5877, 3
5878, 3
5879, 3
5880, 3
5881, 2
5882, 6
5883, 7
5884, 1
5885, 1
5886, 6
5887, 2
5888, 6
5889, 4
5890, 8
5891, 5
5892, 5
5893, 4
5894, 4
5895, 5
5896, 4
5897, 4
5898, 2
5899, 2
5900, 5
5901, 2
5902, 3
5903, 4
5904, 3
5905, 3
5906, 1
5907, 4
5908, 2
5909, 4
5910, 3
5911, 4
5912, 3
5913, 2
5914, 3
5915, 3
5916, 4
5917, 3
5918, 2
5919, 2
5920, 3
5921, 2
5922, 2
5923, 3
5924, 3
5925, 6
5926, 4
5927, 3
5928, 2
5929, 2
5930, 3
5931, 2
5932, 6
5933, 2
5934, 4
5935, 1
5936, 5
5937, 3
5938, 6
5939, 3
5940, 3
5941, 5
5942, 7
5943, 2
5944, 3
5945, 4
5946, 3
5947, 6
5948, 2
5949, 3
5950, 3
5951, 3
5952, 1
5953, 4
5954, 1
5955, 3
5956, 4
5957, 2
5958, 3
5959, 3
5960, 4
5961, 4
5962, 3
5963, 3
5964, 3
5965, 3
5966, 5
5967, 2
5968, 3
5969, 4
5970, 3
5971, 2
5972, 4
5973, 2
5974, 3
5975, 4
5976, 5
5977, 4
5978, 3
5979, 2
5980, 4
5981, 4
5982, 3
5983, 4
5984, 3
5985, 3
5986, 3
5987, 3
5988, 2
5989, 4
5990, 1
5991, 4
5992, 3
5993, 4
5994, 2
5995, 1
5996, 6
5997, 4
5998, 7
5999, 3
6000, 2
6001, 2
6002, 4
6003, 4
6004, 7
6005, 3
6006, 4
6007, 5
6008, 5
6009, 3
6010, 3
6011, 3
6012, 4
6013, 8
6014, 4
6015, 6
6016, 7
6017, 2
6018, 5
6019, 3
6020, 4
6021, 4
6022, 1
6023, 5
6024, 3
6025, 5
6026, 2
6027, 4
6028, 3
6029, 4
6030, 3
6031, 4
6032, 6
6033, 3
6034, 6
6035, 4
6036, 6
6037, 4
6038, 3
6039, 3
6040, 6
6041, 2
6042, 3
6043, 3
6044, 2
6045, 4
6046, 4
6047, 1
6048, 4
6049, 8
6050, 5
6051, 2
6052, 6
6053, 2
6054, 6
6055, 2
6056, 7
6057, 3
6058, 3
6059, 2
6060, 3
6061, 3
6062, 4
6063, 5
6064, 5
6065, 4
6066, 5
6067, 4
6068, 10
6069, 5
6070, 6
6071, 9
6072, 4
6073, 2
6074, 2
6075, 7
6076, 4
6077, 5
6078, 3
6079, 3
6080, 4
6081, 7
6082, 5
6083, 5
6084, 5
6085, 3
6086, 10
6087, 3
6088, 3
6089, 3
6090, 5
6091, 3
6092, 3
6093, 5
6094, 5
6095, 4
6096, 3
6097, 1
6098, 2
6099, 2
6100, 4
6101, 8
6102, 4
6103, 2
6104, 4
6105, 5
6106, 4
6107, 4
6108, 1
6109, 7
6110, 4
6111, 3
6112, 5
6113, 3
6114, 4
6115, 1
6116, 3
6117, 6
6118, 2
6119, 4
6120, 5
6121, 2
6122, 4
6123, 4
6124, 6
6125, 2
6126, 5
6127, 3
6128, 5
6129, 2
6130, 3
6131, 4
6132, 4
6133, 3
6134, 4
6135, 6
6136, 5
6137, 4
6138, 5
6139, 2
6140, 3
6141, 3
6142, 3
6143, 6
6144, 7
6145, 2
6146, 5
6147, 7
6148, 4
6149, 2
6150, 4
6151, 4
6152, 4
6153, 3
6154, 2
6155, 2
6156, 1
6157, 4
6158, 3
6159, 3
6160, 4
6161, 6
6162, 2
6163, 1
6164, 4
6165, 3
6166, 3
6167, 3
6168, 1
6169, 5
6170, 1
6171, 6
6172, 7
6173, 3
6174, 3
6175, 6
6176, 5
6177, 4
6178, 6
6179, 3
6180, 4
6181, 7
6182, 4
6183, 7
6184, 4
6185, 3
6186, 3
6187, 7
6188, 5
6189, 4
6190, 4
6191, 4
6192, 5
6193, 4
6194, 2
6195, 2
6196, 3
6197, 3
6198, 3
6199, 2
6200, 6
6201, 2
6202, 2
6203, 5
6204, 3
6205, 4
6206, 3
6207, 4
6208, 3
6209, 8
6210, 2
6211, 3
6212, 5
6213, 3
6214, 8
6215, 5
6216, 1
6217, 2
6218, 5
6219, 1
6220, 1
6221, 4
6222, 3
6223, 4
6224, 8
6225, 2
6226, 1
6227, 6
6228, 2
6229, 4
6230, 7
6231, 6
6232, 7
6233, 4
6234, 2
6235, 6
6236, 7
6237, 5
6238, 7
6239, 3
6240, 6
6241, 5
6242, 4
6243, 5
6244, 6
6245, 7
6246, 5
6247, 3
6248, 2
6249, 4
6250, 7
6251, 4
6252, 6
6253, 3
6254, 5
6255, 4
6256, 5
6257, 3
6258, 4
6259, 5
6260, 2
6261, 3
6262, 3
6263, 5
6264, 5
6265, 3
6266, 8
6267, 2
6268, 6
6269, 5
6270, 4
6271, 2
6272, 3
6273, 4
6274, 3
6275, 5
6276, 1
6277, 4
6278, 7
6279, 2
6280, 1
6281, 6
6282, 5
6283, 6
6284, 6
6285, 5
6286, 6
6287, 3
6288, 4
6289, 9
6290, 1
6291, 5
6292, 4
6293, 3
6294, 2
6295, 4
6296, 6
6297, 3
6298, 4
6299, 3
6300, 1
6301, 3
6302, 4
6303, 6
6304, 7
6305, 3
6306, 5
6307, 3
6308, 2
6309, 5
6310, 3
6311, 5
6312, 3
6313, 2
6314, 6
6315, 4
6316, 2
6317, 3
6318, 7
6319, 3
6320, 3
6321, 4
6322, 5
6323, 3
6324, 5
6325, 4
6326, 4
6327, 4
6328, 2
6329, 2
6330, 5
6331, 4
6332, 5
6333, 6
6334, 4
6335, 6
6336, 1
6337, 3
6338, 1
6339, 1
6340, 2
6341, 4
6342, 2
6343, 2
6344, 6
6345, 5
6346, 4
6347, 5
6348, 8
6349, 5
6350, 4
6351, 3
6352, 3
6353, 4
6354, 1
6355, 3
6356, 2
6357, 3
6358, 5
6359, 2
6360, 3
6361, 7
6362, 4
6363, 4
6364, 4
6365, 5
6366, 2
6367, 3
6368, 3
6369, 1
6370, 5
6371, 7
6372, 4
6373, 3
6374, 4
6375, 2
6376, 8
6377, 1
6378, 2
6379, 3
6380, 5
6381, 1
6382, 1
6383, 7
6384, 1
6385, 3
6386, 4
6387, 4
6388, 3
6389, 6
6390, 8
6391, 4
6392, 6
6393, 1
6394, 5
6395, 7
6396, 2
6397, 6
6398, 3
6399, 4
6400, 1
6401, 3
6402, 3
6403, 5
6404, 5
6405, 1
6406, 4
6407, 6
6408, 3
6409, 3
6410, 5
6411, 2
6412, 5
6413, 2
6414, 5
6415, 5
6416, 5
6417, 5
6418, 5
6419, 2
6420, 3
6421, 3
6422, 7
6423, 10
6424, 5
6425, 4
6426, 3
6427, 3
6428, 7
6429, 4
6430, 2
6431, 3
6432, 5
6433, 6
6434, 4
6435, 5
6436, 4
6437, 5
6438, 7
6439, 4
6440, 1
6441, 6
6442, 10
6443, 4
6444, 3
6445, 4
6446, 5
6447, 4
6448, 5
6449, 4
6450, 4
6451, 6
6452, 7
6453, 4
6454, 6
6455, 6
6456, 4
6457, 4
6458, 6
6459, 1
6460, 6
6461, 5
6462, 3
6463, 4
6464, 4
6465, 3
6466, 6
6467, 3
6468, 4
6469, 6
6470, 3
6471, 2
6472, 7
6473, 2
6474, 5
6475, 4
6476, 5
6477, 2
6478, 10
6479, 2
6480, 2
6481, 2
6482, 3
6483, 3
6484, 2
6485, 5
6486, 3
6487, 6
6488, 5
6489, 6
6490, 4
6491, 4
6492, 4
6493, 4
6494, 3
6495, 4
6496, 6
6497, 2
6498, 2
6499, 6
6500, 5
6501, 2
6502, 1
6503, 5
6504, 3
6505, 5
6506, 4
6507, 2
6508, 2
6509, 5
6510, 5
6511, 4
6512, 5
6513, 4
6514, 3
6515, 3
6516, 7
6517, 5
6518, 3
6519, 3
6520, 6
6521, 4
6522, 3
6523, 6
6524, 2
6525, 3
6526, 3
6527, 5
6528, 3
6529, 5
6530, 4
6531, 4
6532, 4
6533, 3
6534, 2
6535, 3
6536, 3
6537, 3
6538, 5
6539, 2
6540, 3
6541, 4
6542, 3
6543, 9
6544, 5
6545, 4
6546, 6
6547, 2
6548, 3
6549, 5
6550, 4
6551, 3
6552, 2
6553, 2
6554, 6
6555, 4
6556, 3
6557, 3
6558, 5
6559, 6
6560, 4
6561, 3
6562, 5
6563, 5
6564, 1
6565, 2
6566, 3
6567, 4
6568, 1
6569, 4
6570, 2
6571, 3
6572, 1
6573, 3
6574, 5
6575, 3
6576, 4
6577, 4
6578, 5
6579, 3
6580, 6
6581, 3
6582, 5
6583, 4
6584, 6
6585, 4
6586, 3
6587, 2
6588, 3
6589, 5
6590, 3
6591, 2
6592, 6
6593, 4
6594, 2
6595, 4
6596, 1
6597, 8
6598, 1
6599, 4
6600, 7
6601, 3
6602, 5
6603, 3
6604, 2
6605, 10
6606, 6
6607, 3
6608, 2
6609, 2
6610, 4
6611, 4
6612, 3
6613, 5
6614, 3
6615, 2
6616, 1
6617, 4
6618, 3
6619, 2
6620, 2
6621, 2
6622, 4
6623, 3
6624, 3
6625, 8
6626, 7
6627, 2
6628, 4
6629, 5
6630, 4
6631, 4
6632, 3
6633, 9
6634, 4
6635, 3
6636, 2
6637, 3
6638, 7
6639, 6
6640, 1
6641, 2
6642, 2
6643, 5
6644, 3
6645, 7
6646, 3
6647, 4
6648, 4
6649, 4
6650, 4
6651, 4
6652, 4
6653, 7
6654, 5
6655, 2
6656, 4
6657, 5
6658, 3
6659, 5
6660, 4
6661, 5
6662, 6
6663, 4
6664, 1
6665, 4
6666, 3
6667, 5
6668, 6
6669, 7
6670, 5
6671, 8
6672, 5
6673, 4
6674, 6
6675, 8
6676, 2
6677, 6
6678, 6
6679, 5
6680, 3
6681, 3
6682, 2
6683, 4
6684, 4
6685, 5
6686, 2
6687, 3
6688, 2
6689, 3
6690, 2
6691, 7
6692, 2
6693, 2
6694, 3
6695, 2
6696, 3
6697, 2
6698, 2
6699, 4
6700, 2
6701, 3
6702, 5
6703, 5
6704, 2
6705, 4
6706, 3
6707, 3
6708, 3
6709, 4
6710, 3
6711, 4
6712, 3
6713, 5
6714, 5
6715, 3
6716, 5
6717, 4
6718, 3
6719, 5
6720, 7
6721, 4
6722, 2
6723, 4
6724, 4
6725, 5
6726, 3
6727, 5
6728, 6
6729, 4
6730, 2
6731, 5
6732, 2
6733, 2
6734, 5
6735, 3
6736, 11
6737, 6
6738, 5
6739, 3
6740, 4
6741, 3
6742, 4
6743, 4
6744, 4
6745, 4
6746, 5
6747, 3
6748, 3
6749, 4
6750, 3
6751, 3
6752, 1
6753, 2
6754, 2
6755, 3
6756, 3
6757, 5
6758, 2
6759, 3
6760, 4
6761, 3
6762, 4
6763, 3
6764, 2
6765, 2
6766, 6
6767, 2
6768, 3
6769, 3
6770, 3
6771, 3
6772, 3
6773, 5
6774, 4
6775, 7
6776, 5
6777, 3
6778, 8
6779, 2
6780, 4
6781, 4
6782, 4
6783, 4
6784, 5
6785, 5
6786, 7
6787, 3
6788, 5
6789, 3
6790, 4
6791, 3
6792, 6
6793, 4
6794, 6
6795, 2
6796, 4
6797, 4
6798, 4
6799, 2
6800, 3
6801, 2
6802, 4
6803, 3
6804, 4
6805, 4
6806, 3
6807, 2
6808, 5
6809, 2
6810, 4
6811, 3
6812, 4
6813, 4
6814, 4
6815, 3
6816, 5
6817, 3
6818, 1
6819, 3
6820, 2
6821, 3
6822, 6
6823, 7
6824, 4
6825, 4
6826, 5
6827, 8
6828, 1
6829, 3
6830, 2
6831, 5
6832, 3
6833, 8
6834, 5
6835, 7
6836, 5
6837, 2
6838, 2
6839, 3
6840, 4
6841, 6
6842, 5
6843, 4
6844, 5
6845, 6
6846, 3
6847, 8
6848, 8
6849, 5
6850, 4
6851, 3
6852, 5
6853, 5
6854, 6
6855, 7
6856, 2
6857, 5
6858, 5
6859, 5
6860, 4
6861, 4
6862, 4
6863, 5
6864, 2
6865, 6
6866, 3
6867, 6
6868, 6
6869, 3
6870, 7
6871, 3
6872, 2
6873, 5
6874, 5
6875, 2
6876, 4
6877, 3
6878, 5
6879, 6
6880, 2
6881, 6
6882, 4
6883, 4
6884, 3
6885, 3
6886, 3
6887, 3
6888, 2
6889, 7
6890, 4
6891, 4
6892, 4
6893, 4
6894, 6
6895, 5
6896, 2
6897, 3
6898, 2
6899, 3
6900, 1
6901, 4
6902, 6
6903, 6
6904, 5
6905, 5
6906, 1
6907, 2
6908, 5
6909, 5
6910, 2
6911, 2
6912, 3
6913, 5
6914, 5
6915, 7
6916, 2
6917, 2
6918, 6
6919, 4
6920, 5
6921, 4
6922, 4
6923, 4
6924, 3
6925, 2
6926, 4
6927, 3
6928, 4
6929, 7
6930, 2
6931, 5
6932, 2
6933, 4
6934, 4
6935, 5
6936, 3
6937, 4
6938, 5
6939, 7
6940, 2
6941, 3
6942, 6
6943, 3
6944, 1
6945, 2
6946, 2
6947, 4
6948, 4
6949, 4
6950, 5
6951, 6
6952, 3
6953, 4
6954, 6
6955, 5
6956, 4
6957, 3
6958, 7
6959, 3
6960, 2
6961, 4
6962, 6
6963, 3
6964, 2
6965, 3
6966, 3
6967, 3
6968, 5
6969, 5
6970, 1
6971, 2
6972, 2
6973, 2
6974, 2
6975, 5
6976, 3
6977, 2
6978, 6
6979, 5
6980, 5
6981, 1
6982, 1
6983, 5
6984, 1
6985, 1
6986, 3
6987, 3
6988, 4
6989, 4
6990, 4
6991, 2
6992, 5
6993, 4
6994, 3
6995, 3
6996, 3
6997, 3
6998, 4
6999, 4
7000, 3
7001, 6
7002, 3
7003, 3
7004, 2
7005, 2
7006, 4
7007, 3
7008, 3
7009, 3
7010, 5
7011, 2
7012, 4
7013, 1
7014, 4
7015, 3
7016, 4
7017, 3
7018, 4
7019, 4
7020, 5
7021, 4
7022, 4
7023, 2
7024, 4
7025, 4
7026, 4
7027, 1
7028, 5
7029, 1
7030, 5
7031, 5
7032, 4
7033, 5
7034, 3
7035, 2
7036, 4
7037, 3
7038, 6
7039, 4
7040, 6
7041, 3
7042, 5
7043, 3
7044, 8
7045, 4
7046, 4
7047, 3
7048, 7
7049, 2
7050, 2
7051, 5
7052, 3
7053, 3
7054, 4
7055, 2
7056, 5
7057, 1
7058, 6
7059, 1
7060, 5
7061, 3
7062, 6
7063, 6
7064, 5
7065, 3
7066, 5
7067, 5
7068, 5
7069, 4
7070, 4
7071, 4
7072, 4
7073, 3
7074, 4
7075, 6
7076, 3
7077, 2
7078, 2
7079, 2
7080, 4
7081, 2
7082, 2
7083, 3
7084, 5
7085, 2
7086, 4
7087, 5
7088, 3
7089, 4
7090, 4
7091, 4
7092, 1
7093, 6
7094, 4
7095, 2
7096, 3
7097, 3
7098, 5
7099, 2
7100, 8
7101, 4
7102, 2
7103, 5
7104, 6
7105, 4
7106, 7
7107, 4
7108, 5
7109, 6
7110, 6
7111, 2
7112, 4
7113, 2
7114, 1
7115, 2
7116, 2
7117, 2
7118, 10
7119, 6
7120, 4
7121, 2
7122, 3
7123, 3
7124, 3
7125, 3
7126, 5
7127, 4
7128, 4
7129, 5
7130, 3
7131, 5
7132, 4
7133, 2
7134, 6
7135, 5
7136, 4
7137, 2
7138, 3
7139, 5
7140, 5
7141, 4
7142, 3
7143, 2
7144, 1
7145, 3
7146, 4
7147, 5
7148, 4
7149, 4
7150, 4
7151, 5
7152, 3
7153, 3
7154, 3
7155, 1
7156, 5
7157, 2
7158, 1
7159, 2
7160, 5
7161, 2
7162, 5
7163, 6
7164, 4
7165, 3
7166, 2
7167, 3
7168, 4
7169, 3
7170, 8
7171, 5
7172, 4
7173, 2
7174, 5
7175, 4
7176, 2
7177, 6
7178, 5
7179, 3
7180, 3
7181, 6
7182, 4
7183, 3
7184, 2
7185, 2
7186, 6
7187, 5
7188, 3
7189, 5
7190, 3
7191, 3
7192, 6
7193, 5
7194, 5
7195, 5
7196, 6
7197, 4
7198, 2
7199, 1
7200, 7
7201, 4
7202, 3
7203, 5
7204, 6
7205, 4
7206, 5
7207, 5
7208, 4
7209, 5
7210, 2
7211, 6
7212, 3
7213, 4
7214, 2
7215, 1
7216, 5
7217, 3
7218, 4
7219, 4
7220, 5
7221, 4
7222, 5
7223, 6
7224, 2
7225, 6
7226, 3
7227, 2
7228, 5
7229, 2
7230, 2
7231, 1
7232, 5
7233, 6
7234, 6
7235, 2
7236, 2
7237, 8
7238, 4
7239, 2
7240, 4
7241, 4
7242, 3
7243, 2
7244, 5
7245, 4
7246, 6
7247, 6
7248, 2
7249, 1
7250, 3
7251, 6
7252, 5
7253, 7
7254, 4
7255, 3
7256, 4
7257, 3
7258, 5
7259, 1
7260, 7
7261, 4
7262, 6
7263, 1
7264, 5
7265, 5
7266, 7
7267, 8
7268, 7
7269, 4
7270, 2
7271, 4
7272, 6
7273, 2
7274, 4
7275, 2
7276, 1
7277, 6
7278, 4
7279, 4
7280, 1
7281, 5
7282, 4
7283, 3
7284, 3
7285, 3
7286, 3
7287, 6
7288, 4
7289, 2
7290, 2
7291, 3
7292, 3
7293, 5
7294, 6
7295, 2
7296, 6
7297, 1
7298, 4
7299, 4
7300, 2
7301, 5
7302, 1
7303, 7
7304, 1
7305, 5
7306, 5
7307, 1
7308, 4
7309, 6
7310, 6
7311, 1
7312, 1
7313, 2
7314, 6
7315, 4
7316, 5
7317, 3
7318, 4
7319, 4
7320, 4
7321, 9
7322, 2
7323, 3
7324, 4
7325, 4
7326, 3
7327, 6
7328, 1
7329, 3
7330, 2
7331, 2
7332, 3
7333, 2
7334, 5
7335, 2
7336, 2
7337, 2
7338, 3
7339, 6
7340, 4
7341, 4
7342, 5
7343, 4
7344, 4
7345, 3
7346, 3
7347, 1
7348, 4
7349, 3
7350, 5
7351, 5
7352, 3
7353, 6
7354, 2
7355, 4
7356, 3
7357, 2
7358, 3
7359, 3
7360, 2
7361, 4
7362, 5
7363, 3
7364, 4
7365, 5
7366, 2
7367, 3
7368, 2
7369, 6
7370, 4
7371, 3
7372, 1
7373, 3
7374, 1
7375, 7
7376, 4
7377, 6
7378, 5
7379, 3
7380, 1
7381, 5
7382, 2
7383, 5
7384, 2
7385, 7
7386, 2
7387, 4
7388, 2
7389, 4
7390, 2
7391, 5
7392, 4
7393, 3
7394, 6
7395, 8
7396, 3
7397, 8
7398, 4
7399, 1
7400, 8
7401, 2
7402, 7
7403, 6
7404, 3
7405, 2
7406, 3
7407, 2
7408, 3
7409, 6
7410, 3
7411, 5
7412, 5
7413, 4
7414, 3
7415, 4
7416, 9
7417, 2
7418, 7
7419, 4
7420, 1
7421, 5
7422, 2
7423, 3
7424, 4
7425, 2
7426, 2
7427, 2
7428, 2
7429, 3
7430, 8
7431, 1
7432, 2
7433, 4
7434, 2
7435, 2
7436, 3
7437, 1
7438, 3
7439, 1
7440, 4
7441, 3
7442, 3
7443, 5
7444, 3
7445, 3
7446, 2
7447, 1
7448, 3
7449, 1
7450, 1
7451, 4
7452, 3
7453, 2
7454, 4
7455, 6
7456, 6
7457, 6
7458, 5
7459, 6
7460, 3
7461, 2
7462, 6
7463, 2
7464, 6
7465, 5
7466, 7
7467, 6
7468, 6
7469, 3
7470, 3
7471, 4
7472, 4
7473, 4
7474, 3
7475, 7
7476, 4
7477, 2
7478, 2
7479, 3
7480, 2
7481, 3
7482, 2
7483, 3
7484, 6
7485, 5
7486, 6
7487, 5
7488, 4
7489, 7
7490, 4
7491, 4
7492, 8
7493, 5
7494, 3
7495, 3
7496, 10
7497, 4
7498, 3
7499, 4
7500, 3
7501, 4
7502, 3
7503, 3
7504, 2
7505, 4
7506, 3
7507, 1
7508, 2
7509, 5
7510, 5
7511, 4
7512, 4
7513, 7
7514, 5
7515, 4
7516, 3
7517, 4
7518, 2
7519, 2
7520, 2
7521, 6
7522, 6
7523, 3
7524, 2
7525, 4
7526, 3
7527, 1
7528, 3
7529, 6
7530, 3
7531, 4
7532, 3
7533, 4
7534, 2
7535, 2
7536, 3
7537, 3
7538, 1
7539, 5
7540, 1
7541, 3
7542, 1
7543, 1
7544, 4
7545, 2
7546, 1
7547, 2
7548, 1
7549, 6
7550, 2
7551, 1
7552, 5
7553, 6
7554, 1
7555, 3
7556, 1
7557, 3
7558, 3
7559, 3
7560, 4
7561, 4
7562, 3
7563, 4
7564, 4
7565, 2
7566, 2
7567, 5
7568, 3
7569, 3
7570, 6
7571, 8
7572, 2
7573, 5
7574, 1
7575, 7
7576, 5
7577, 3
7578, 3
7579, 7
7580, 1
7581, 2
7582, 3
7583, 2
7584, 1
7585, 2
7586, 3
7587, 2
7588, 2
7589, 4
7590, 3
7591, 2
7592, 1
7593, 3
7594, 2
7595, 3
7596, 2
7597, 3
7598, 5
7599, 4
7600, 2
7601, 3
7602, 7
7603, 3
7604, 3
7605, 1
7606, 3
7607, 3
7608, 5
7609, 2
7610, 2
7611, 2
7612, 8
7613, 5
7614, 3
7615, 2
7616, 4
7617, 2
7618, 3
7619, 8
7620, 5
7621, 3
7622, 3
7623, 2
7624, 4
7625, 11
7626, 3
7627, 3
7628, 4
7629, 3
7630, 4
7631, 2
7632, 4
7633, 2
7634, 6
7635, 8
7636, 3
7637, 7
7638, 4
7639, 5
7640, 4
7641, 6
7642, 4
7643, 6
7644, 6
7645, 6
7646, 6
7647, 2
7648, 3
7649, 7
7650, 2
7651, 5
7652, 3
7653, 4
7654, 4
7655, 4
7656, 3
7657, 3
7658, 4
7659, 3
7660, 4
7661, 4
7662, 2
7663, 4
7664, 4
7665, 2
7666, 4
7667, 4
7668, 7
7669, 5
7670, 6
7671, 6
7672, 1
7673, 3
7674, 2
7675, 2
7676, 1
7677, 5
7678, 6
7679, 4
7680, 5
7681, 5
7682, 2
7683, 2
7684, 1
7685, 1
7686, 4
7687, 4
7688, 5
7689, 5
7690, 5
7691, 3
7692, 2
7693, 4
7694, 3
7695, 1
7696, 4
7697, 4
7698, 3
7699, 2
7700, 3
7701, 3
7702, 2
7703, 7
7704, 3
7705, 2
7706, 1
7707, 7
7708, 2
7709, 5
7710, 1
7711, 2
7712, 6
7713, 3
7714, 3
7715, 12
7716, 6
7717, 2
7718, 3
7719, 3
7720, 2
7721, 3
7722, 5
7723, 3
7724, 1
7725, 4
7726, 5
7727, 5
7728, 1
7729, 3
7730, 1
7731, 9
7732, 4
7733, 4
7734, 3
7735, 4
7736, 4
7737, 4
7738, 5
7739, 6
7740, 2
7741, 6
7742, 4
7743, 5
7744, 4
7745, 4
7746, 2
7747, 5
7748, 2
7749, 2
7750, 3
7751, 2
7752, 3
7753, 3
7754, 3
7755, 3
7756, 7
7757, 3
7758, 7
7759, 5
7760, 4
7761, 1
7762, 2
7763, 7
7764, 6
7765, 3
7766, 3
7767, 3
7768, 3
7769, 4
7770, 3
7771, 2
7772, 5
7773, 5
7774, 1
7775, 6
7776, 5
7777, 4
7778, 6
7779, 4
7780, 2
7781, 6
7782, 4
7783, 5
7784, 4
7785, 3
7786, 7
7787, 6
7788, 4
7789, 2
7790, 6
7791, 4
7792, 4
7793, 4
7794, 5
7795, 5
7796, 4
7797, 4
7798, 4
7799, 4
7800, 3
7801, 4
7802, 3
7803, 7
7804, 7
7805, 7
7806, 2
7807, 6
7808, 4
7809, 4
7810, 2
7811, 7
7812, 2
7813, 2
7814, 4
7815, 7
7816, 2
7817, 7
7818, 4
7819, 5
7820, 5
7821, 3
7822, 3
7823, 4
7824, 5
7825, 5
7826, 4
7827, 3
7828, 4
7829, 6
7830, 4
7831, 4
7832, 5
7833, 3
7834, 3
7835, 7
7836, 3
7837, 3
7838, 3
7839, 2
7840, 5
7841, 5
7842, 5
7843, 3
7844, 4
7845, 7
7846, 4
7847, 2
7848, 4
7849, 4
7850, 4
7851, 6
7852, 4
7853, 3
7854, 4
7855, 7
7856, 8
7857, 4
7858, 3
7859, 8
7860, 6
7861, 3
7862, 3
7863, 5
7864, 3
7865, 6
7866, 6
7867, 6
7868, 3
7869, 6
7870, 5
7871, 2
7872, 4
7873, 8
7874, 3
7875, 5
7876, 3
7877, 4
7878, 5
7879, 4
7880, 3
7881, 4
7882, 4
7883, 3
7884, 5
7885, 1
7886, 4
7887, 4
7888, 4
7889, 3
7890, 6
7891, 2
7892, 5
7893, 4
7894, 7
7895, 7
7896, 7
7897, 8
7898, 4
7899, 3
7900, 5
7901, 7
7902, 5
7903, 6
7904, 7
7905, 1
7906, 5
7907, 4
7908, 5
7909, 8
7910, 4
7911, 5
7912, 5
7913, 3
7914, 6
7915, 5
7916, 3
7917, 3
7918, 4
7919, 2
7920, 2
7921, 5
7922, 8
7923, 2
7924, 2
7925, 3
7926, 5
7927, 2
7928, 6
7929, 2
7930, 3
7931, 5
7932, 5
7933, 2
7934, 3
7935, 2
7936, 3
7937, 3
7938, 5
7939, 2
7940, 1
7941, 2
7942, 4
7943, 3
7944, 1
7945, 5
7946, 1
7947, 4
7948, 4
7949, 3
7950, 5
7951, 2
7952, 3
7953, 6
7954, 4
7955, 8
7956, 6
7957, 5
7958, 3
7959, 5
7960, 3
7961, 2
7962, 3
7963, 4
7964, 5
7965, 3
7966, 2
7967, 6
7968, 6
7969, 5
7970, 5
7971, 4
7972, 2
7973, 7
7974, 5
7975, 2
7976, 5
7977, 8
7978, 3
7979, 4
7980, 4
7981, 2
7982, 5
7983, 8
7984, 6
7985, 5
7986, 4
7987, 8
7988, 2
7989, 3
7990, 1
7991, 5
7992, 5
7993, 7
7994, 2
7995, 5
7996, 4
7997, 6
7998, 4
7999, 5
8000, 8
8001, 9
8002, 2
8003, 3
8004, 4
8005, 2
8006, 3
8007, 6
8008, 2
8009, 2
8010, 2
8011, 4
8012, 7
8013, 7
8014, 7
8015, 4
8016, 6
8017, 4
8018, 3
8019, 2
8020, 3
8021, 2
8022, 3
8023, 2
8024, 4
8025, 5
8026, 3
8027, 9
8028, 5
8029, 3
8030, 3
8031, 4
8032, 3
8033, 2
8034, 3
8035, 6
8036, 3
8037, 2
8038, 2
8039, 6
8040, 4
8041, 3
8042, 3
8043, 2
8044, 3
8045, 3
8046, 2
8047, 2
8048, 2
8049, 5
8050, 3
8051, 2
8052, 1
8053, 3
8054, 2
8055, 2
8056, 3
8057, 3
8058, 2
8059, 5
8060, 4
8061, 3
8062, 3
8063, 4
8064, 1
8065, 4
8066, 6
8067, 4
8068, 2
8069, 8
8070, 5
8071, 6
8072, 4
8073, 7
8074, 3
8075, 9
8076, 4
8077, 3
8078, 1
8079, 3
8080, 1
8081, 6
8082, 9
8083, 6
8084, 3
8085, 6
8086, 2
8087, 3
8088, 2
8089, 2
8090, 4
8091, 2
8092, 8
8093, 4
8094, 4
8095, 6
8096, 3
8097, 3
8098, 2
8099, 2
8100, 6
8101, 3
8102, 6
8103, 3
8104, 6
8105, 6
8106, 2
8107, 2
8108, 3
8109, 5
8110, 3
8111, 2
8112, 6
8113, 2
8114, 8
8115, 5
8116, 4
8117, 3
8118, 4
8119, 3
8120, 5
8121, 5
8122, 1
8123, 6
8124, 4
8125, 5
8126, 5
8127, 7
8128, 7
8129, 3
8130, 4
8131, 7
8132, 3
8133, 5
8134, 12
8135, 3
8136, 5
8137, 4
8138, 3
8139, 3
8140, 5
8141, 2
8142, 4
8143, 3
8144, 2
8145, 3
8146, 4
8147, 4
8148, 1
8149, 3
8150, 7
8151, 1
8152, 5
8153, 5
8154, 4
8155, 3
8156, 2
8157, 2
8158, 4
8159, 4
8160, 5
8161, 2
8162, 5
8163, 6
8164, 4
8165, 4
8166, 2
8167, 6
8168, 3
8169, 3
8170, 6
8171, 2
8172, 4
8173, 6
8174, 4
8175, 9
8176, 4
8177, 4
8178, 7
8179, 6
8180, 2
8181, 3
8182, 7
8183, 3
8184, 3
8185, 5
8186, 3
8187, 2
8188, 2
8189, 4
8190, 4
8191, 3
8192, 2
8193, 4
8194, 6
8195, 3
8196, 2
8197, 5
8198, 2
8199, 4
8200, 2
8201, 4
8202, 4
8203, 3
8204, 3
8205, 3
8206, 3
8207, 2
8208, 2
8209, 6
8210, 3
8211, 2
8212, 3
8213, 3
8214, 5
8215, 5
8216, 5
8217, 4
8218, 11
8219, 2
8220, 5
8221, 5
8222, 3
8223, 5
8224, 4
8225, 5
8226, 2
8227, 7
8228, 5
8229, 5
8230, 3
8231, 5
8232, 6
8233, 8
8234, 3
8235, 2
8236, 5
8237, 4
8238, 7
8239, 7
8240, 6
8241, 6
8242, 3
8243, 6
8244, 6
8245, 2
8246, 5
8247, 3
8248, 5
8249, 7
8250, 3
8251, 1
8252, 5
8253, 5
8254, 3
8255, 5
8256, 4
8257, 7
8258, 7
8259, 4
8260, 6
8261, 1
8262, 6
8263, 1
8264, 6
8265, 6
8266, 5
8267, 7
8268, 3
8269, 4
8270, 3
8271, 4
8272, 4
8273, 4
8274, 4
8275, 4
8276, 4
8277, 4
8278, 5
8279, 4
8280, 3
8281, 3
8282, 5
8283, 5
8284, 4
8285, 2
8286, 7
8287, 7
8288, 3
8289, 5
8290, 3
8291, 7
8292, 3
8293, 5
8294, 4
8295, 5
8296, 4
8297, 5
8298, 5
8299, 6
8300, 3
8301, 4
8302, 7
8303, 4
8304, 4
8305, 2
8306, 4
8307, 6
8308, 7
8309, 5
8310, 8
8311, 7
8312, 4
8313, 3
8314, 2
8315, 2
8316, 5
8317, 2
8318, 6
8319, 5
8320, 5
8321, 1
8322, 2
8323, 3
8324, 4
8325, 3
8326, 4
8327, 1
8328, 4
8329, 4
8330, 2
8331, 4
8332, 3
8333, 2
8334, 2
8335, 5
8336, 3
8337, 2
8338, 2
8339, 3
8340, 3
8341, 3
8342, 2
8343, 3
8344, 6
8345, 3
8346, 5
8347, 2
8348, 4
8349, 1
8350, 7
8351, 3
8352, 4
8353, 3
8354, 5
8355, 4
8356, 3
8357, 3
8358, 4
8359, 3
8360, 6
8361, 6
8362, 6
8363, 2
8364, 6
8365, 5
8366, 4
8367, 9
8368, 6
8369, 2
8370, 1
8371, 2
8372, 2
8373, 3
8374, 4
8375, 1
8376, 4
8377, 3
8378, 5
8379, 7
8380, 2
8381, 5
8382, 2
8383, 3
8384, 6
8385, 8
8386, 2
8387, 3
8388, 7
8389, 2
8390, 4
8391, 4
8392, 4
8393, 2
8394, 7
8395, 2
8396, 6
8397, 4
8398, 5
8399, 2
8400, 3
8401, 4
8402, 6
8403, 5
8404, 3
8405, 5
8406, 5
8407, 3
8408, 3
8409, 4
8410, 4
8411, 3
8412, 6
8413, 2
8414, 5
8415, 4
8416, 2
8417, 3
8418, 3
8419, 7
8420, 3
8421, 4
8422, 4
8423, 2
8424, 3
8425, 3
8426, 3
8427, 3
8428, 5
8429, 4
8430, 3
8431, 5
8432, 3
8433, 5
8434, 3
8435, 5
8436, 5
8437, 3
8438, 3
8439, 3
8440, 2
8441, 5
8442, 3
8443, 3
8444, 6
8445, 2
8446, 7
8447, 2
8448, 5
8449, 4
8450, 3
8451, 3
8452, 5
8453, 7
8454, 4
8455, 6
8456, 2
8457, 5
8458, 2
8459, 1
8460, 4
8461, 5
8462, 3
8463, 5
8464, 8
8465, 7
8466, 5
8467, 2
8468, 5
8469, 2
8470, 3
8471, 3
8472, 5
8473, 4
8474, 3
8475, 4
8476, 3
8477, 3
8478, 3
8479, 7
8480, 3
8481, 6
8482, 1
8483, 4
8484, 2
8485, 3
8486, 3
8487, 3
8488, 3
8489, 5
8490, 2
8491, 7
8492, 4
8493, 3
8494, 5
8495, 2
8496, 2
8497, 2
8498, 3
8499, 4
8500, 6
8501, 1
8502, 5
8503, 6
8504, 5
8505, 4
8506, 3
8507, 6
8508, 3
8509, 1
8510, 1
8511, 6
8512, 2
8513, 4
8514, 6
8515, 5
8516, 3
8517, 3
8518, 5
8519, 4
8520, 3
8521, 7
8522, 4
8523, 5
8524, 3
8525, 3
8526, 4
8527, 2
8528, 5
8529, 8
8530, 5
8531, 6
8532, 4
8533, 7
8534, 3
8535, 4
8536, 5
8537, 2
8538, 2
8539, 4
8540, 2
8541, 5
8542, 4
8543, 4
8544, 2
8545, 4
8546, 1
8547, 4
8548, 3
8549, 3
8550, 6
8551, 4
8552, 3
8553, 2
8554, 6
8555, 8
8556, 2
8557, 5
8558, 2
8559, 5
8560, 3
8561, 2
8562, 4
8563, 6
8564, 2
8565, 4
8566, 5
8567, 1
8568, 7
8569, 4
8570, 5
8571, 6
8572, 4
8573, 4
8574, 2
8575, 1
8576, 4
8577, 2
8578, 10
8579, 7
8580, 1
8581, 4
8582, 5
8583, 6
8584, 3
8585, 2
8586, 10
8587, 4
8588, 3
8589, 3
8590, 2
8591, 5
8592, 5
8593, 4
8594, 10
8595, 3
8596, 3
8597, 3
8598, 4
8599, 3
8600, 5
8601, 4
8602, 3
8603, 5
8604, 3
8605, 4
8606, 4
8607, 3
8608, 3
8609, 5
8610, 7
8611, 4
8612, 4
8613, 4
8614, 2
8615, 4
8616, 6
8617, 2
8618, 6
8619, 8
8620, 2
8621, 2
8622, 6
8623, 3
8624, 2
8625, 6
8626, 4
8627, 2
8628, 8
8629, 4
8630, 4
8631, 2
8632, 2
8633, 4
8634, 5
8635, 3
8636, 3
8637, 9
8638, 5
8639, 6
8640, 5
8641, 9
8642, 4
8643, 3
8644, 4
8645, 3
8646, 6
8647, 4
8648, 7
8649, 4
8650, 4
8651, 6
8652, 2
8653, 4
8654, 4
8655, 5
8656, 2
8657, 4
8658, 3
8659, 5
8660, 3
8661, 5
8662, 2
8663, 3
8664, 2
8665, 5
8666, 1
8667, 5
8668, 3
8669, 5
8670, 9
8671, 8
8672, 7
8673, 2
8674, 2
8675, 1
8676, 2
8677, 5
8678, 7
8679, 4
8680, 4
8681, 2
8682, 3
8683, 3
8684, 4
8685, 4
8686, 8
8687, 4
8688, 4
8689, 5
8690, 3
8691, 3
8692, 4
8693, 2
8694, 4
8695, 4
8696, 5
8697, 3
8698, 5
8699, 4
8700, 2
8701, 4
8702, 2
8703, 3
8704, 2
8705, 2
8706, 4
8707, 4
8708, 2
8709, 3
8710, 1
8711, 3
8712, 2
8713, 2
8714, 3
8715, 3
8716, 2
8717, 5
8718, 4
8719, 4
8720, 3
8721, 5
8722, 2
8723, 3
8724, 4
8725, 4
8726, 3
8727, 2
8728, 4
8729, 2
8730, 5
8731, 6
8732, 3
8733, 6
8734, 4
8735, 4
8736, 4
8737, 5
8738, 5
8739, 3
8740, 3
8741, 5
8742, 4
8743, 4
8744, 5
8745, 4
8746, 4
8747, 3
8748, 4
8749, 4
8750, 6
8751, 1
8752, 2
8753, 4
8754, 3
8755, 2
8756, 9
8757, 5
8758, 6
8759, 3
8760, 6
8761, 6
8762, 4
8763, 1
8764, 3
8765, 5
8766, 3
8767, 4
8768, 3
8769, 1
8770, 4
8771, 3
8772, 5
8773, 2
8774, 1
8775, 2
8776, 4
8777, 5
8778, 3
8779, 5
8780, 3
8781, 5
8782, 4
8783, 5
8784, 2
8785, 2
8786, 2
8787, 4
8788, 2
8789, 5
8790, 2
8791, 2
8792, 6
8793, 4
8794, 4
8795, 2
8796, 6
8797, 3
8798, 6
8799, 4
8800, 4
8801, 5
8802, 2
8803, 7
8804, 1
8805, 3
8806, 2
8807, 6
8808, 8
8809, 2
8810, 9
8811, 1
8812, 4
8813, 5
8814, 5
8815, 1
8816, 3
8817, 1
8818, 2
8819, 8
8820, 3
8821, 2
8822, 2
8823, 5
8824, 2
8825, 3
8826, 4
8827, 5
8828, 5
8829, 8
8830, 5
8831, 3
8832, 5
8833, 2
8834, 2
8835, 3
8836, 4
8837, 3
8838, 6
8839, 4
8840, 1
8841, 4
8842, 6
8843, 4
8844, 6
8845, 4
8846, 1
8847, 2
8848, 5
8849, 2
8850, 4
8851, 5
8852, 4
8853, 2
8854, 4
8855, 4
8856, 2
8857, 3
8858, 2
8859, 3
8860, 5
8861, 4
8862, 3
8863, 4
8864, 3
8865, 3
8866, 4
8867, 4
8868, 9
8869, 4
8870, 4
8871, 3
8872, 6
8873, 1
8874, 4
8875, 3
8876, 5
8877, 2
8878, 4
8879, 2
8880, 5
8881, 2
8882, 5
8883, 6
8884, 4
8885, 4
8886, 3
8887, 3
8888, 6
8889, 6
8890, 5
8891, 3
8892, 6
8893, 4
8894, 10
8895, 4
8896, 4
8897, 4
8898, 6
8899, 4
8900, 4
8901, 3
8902, 5
8903, 3
8904, 4
8905, 3
8906, 4
8907, 2
8908, 5
8909, 4
8910, 3
8911, 4
8912, 4
8913, 3
8914, 7
8915, 3
8916, 7
8917, 3
8918, 4
8919, 2
8920, 3
8921, 2
8922, 7
8923, 6
8924, 4
8925, 1
8926, 2
8927, 2
8928, 5
8929, 4
8930, 5
8931, 4
8932, 5
8933, 6
8934, 1
8935, 6
8936, 5
8937, 1
8938, 5
8939, 5
8940, 9
8941, 2
8942, 2
8943, 3
8944, 2
8945, 5
8946, 3
8947, 5
8948, 5
8949, 3
8950, 3
8951, 1
8952, 2
8953, 1
8954, 6
8955, 4
8956, 3
8957, 3
8958, 3
8959, 3
8960, 3
8961, 2
8962, 3
8963, 2
8964, 7
8965, 2
8966, 4
8967, 7
8968, 4
8969, 5
8970, 3
8971, 2
8972, 4
8973, 1
8974, 6
8975, 5
8976, 5
8977, 3
8978, 4
8979, 3
8980, 3
8981, 5
8982, 4
8983, 7
8984, 2
8985, 5
8986, 6
8987, 6
8988, 2
8989, 6
8990, 5
8991, 4
8992, 4
8993, 3
8994, 4
8995, 2
8996, 5
8997, 5
8998, 5
8999, 6
9000, 1
9001, 1
9002, 8
9003, 2
9004, 4
9005, 4
9006, 8
9007, 1
9008, 4
9009, 2
9010, 5
9011, 5
9012, 1
9013, 2
9014, 5
9015, 2
9016, 3
9017, 4
9018, 1
9019, 3
9020, 1
9021, 2
9022, 1
9023, 3
9024, 4
9025, 8
9026, 3
9027, 4
9028, 3
9029, 4
9030, 1
9031, 4
9032, 5
9033, 5
9034, 5
9035, 4
9036, 3
9037, 3
9038, 5
9039, 5
9040, 1
9041, 2
9042, 1
9043, 4
9044, 7
9045, 5
9046, 3
9047, 5
9048, 10
9049, 4
9050, 4
9051, 3
9052, 2
9053, 6
9054, 8
9055, 4
9056, 2
9057, 3
9058, 4
9059, 8
9060, 2
9061, 4
9062, 2
9063, 4
9064, 2
9065, 2
9066, 2
9067, 5
9068, 3
9069, 6
9070, 3
9071, 5
9072, 1
9073, 5
9074, 6
9075, 2
9076, 8
9077, 3
9078, 1
9079, 3
9080, 7
9081, 4
9082, 5
9083, 3
9084, 2
9085, 4
9086, 5
9087, 8
9088, 7
9089, 3
9090, 4
9091, 2
9092, 2
9093, 6
9094, 5
9095, 4
9096, 3
9097, 6
9098, 3
9099, 4
9100, 7
9101, 2
9102, 5
9103, 1
9104, 5
9105, 3
9106, 7
9107, 5
9108, 4
9109, 3
9110, 4
9111, 3
9112, 2
9113, 4
9114, 1
9115, 7
9116, 2
9117, 5
9118, 3
9119, 6
9120, 2
9121, 8
9122, 5
9123, 1
9124, 6
9125, 1
9126, 1
9127, 2
9128, 7
9129, 1
9130, 5
9131, 3
9132, 3
9133, 1
9134, 3
9135, 3
9136, 3
9137, 2
9138, 3
9139, 3
9140, 3
9141, 4
9142, 3
9143, 4
9144, 4
9145, 6
9146, 4
9147, 3
9148, 3
9149, 3
9150, 3
9151, 6
9152, 4
9153, 2
9154, 2
9155, 3
9156, 2
9157, 5
9158, 5
9159, 3
9160, 3
9161, 2
9162, 5
9163, 7
9164, 2
9165, 4
9166, 2
9167, 5
9168, 4
9169, 7
9170, 5
9171, 5
9172, 1
9173, 2
9174, 4
9175, 6
9176, 2
9177, 5
9178, 3
9179, 6
9180, 3
9181, 6
9182, 4
9183, 5
9184, 6
9185, 4
9186, 6
9187, 5
9188, 5
9189, 3
9190, 3
9191, 4
9192, 4
9193, 4
9194, 4
9195, 4
9196, 2
9197, 10
9198, 6
9199, 4
9200, 8
9201, 5
9202, 4
9203, 6
9204, 4
9205, 2
9206, 5
9207, 5
9208, 3
9209, 3
9210, 4
9211, 5
9212, 6
9213, 4
9214, 5
9215, 5
9216, 4
9217, 5
9218, 6
9219, 4
9220, 3
9221, 5
9222, 4
9223, 4
9224, 5
9225, 4
9226, 5
9227, 9
9228, 4
9229, 6
9230, 5
9231, 4
9232, 6
9233, 4
9234, 10
9235, 2
9236, 4
9237, 4
9238, 7
9239, 6
9240, 3
9241, 2
9242, 7
9243, 3
9244, 3
9245, 4
9246, 3
9247, 3
9248, 3
9249, 2
9250, 4
9251, 4
9252, 4
9253, 4
9254, 5
9255, 8
9256, 6
9257, 6
9258, 4
9259, 5
9260, 3
9261, 5
9262, 3
9263, 4
9264, 2
9265, 4
9266, 3
9267, 2
9268, 3
9269, 2
9270, 5
9271, 3
9272, 5
9273, 5
9274, 4
9275, 6
9276, 4
9277, 5
9278, 4
9279, 3
9280, 3
9281, 2
9282, 5
9283, 2
9284, 3
9285, 4
9286, 6
9287, 5
9288, 4
9289, 3
9290, 6
9291, 3
9292, 5
9293, 4
9294, 4
9295, 2
9296, 3
9297, 5
9298, 6
9299, 4
9300, 2
9301, 5
9302, 6
9303, 5
9304, 5
9305, 6
9306, 4
9307, 4
9308, 4
9309, 6
9310, 4
9311, 1
9312, 5
9313, 3
9314, 5
9315, 2
9316, 7
9317, 4
9318, 3
9319, 5
9320, 2
9321, 4
9322, 8
9323, 2
9324, 5
9325, 2
9326, 5
9327, 3
9328, 3
9329, 3
9330, 8
9331, 2
9332, 1
9333, 4
9334, 4
9335, 4
9336, 4
9337, 2
9338, 3
9339, 4
9340, 3
9341, 3
9342, 3
9343, 3
9344, 3
9345, 2
9346, 3
9347, 2
9348, 2
9349, 1
9350, 4
9351, 4
9352, 2
9353, 3
9354, 1
9355, 6
9356, 6
9357, 5
9358, 5
9359, 4
9360, 2
9361, 4
9362, 3
9363, 3
9364, 3
9365, 3
9366, 3
9367, 3
9368, 2
9369, 2
9370, 4
9371, 3
9372, 4
9373, 2
9374, 4
9375, 4
9376, 2
9377, 5
9378, 1
9379, 3
9380, 6
9381, 3
9382, 4
9383, 4
9384, 4
9385, 2
9386, 5
9387, 3
9388, 3
9389, 4
9390, 3
9391, 3
9392, 4
9393, 5
9394, 5
9395, 3
9396, 5
9397, 10
9398, 3
9399, 7
9400, 5
9401, 5
9402, 3
9403, 4
9404, 3
9405, 3
9406, 1
9407, 5
9408, 2
9409, 5
9410, 5
9411, 2
9412, 1
9413, 4
9414, 3
9415, 6
9416, 3
9417, 5
9418, 2
9419, 4
9420, 3
9421, 4
9422, 3
9423, 1
9424, 3
9425, 5
9426, 6
9427, 4
9428, 2
9429, 4
9430, 4
9431, 2
9432, 3
9433, 5
9434, 3
9435, 2
9436, 3
9437, 1
9438, 1
9439, 2
9440, 1
9441, 6
9442, 4
9443, 6
9444, 8
9445, 2
9446, 6
9447, 6
9448, 5
9449, 4
9450, 1
9451, 5
9452, 3
9453, 3
9454, 4
9455, 6
9456, 4
9457, 3
9458, 5
9459, 2
9460, 3
9461, 2
9462, 4
9463, 5
9464, 3
9465, 10
9466, 6
9467, 10
9468, 4
9469, 6
9470, 7
9471, 4
9472, 2
9473, 3
9474, 6
9475, 3
9476, 1
9477, 6
9478, 4
9479, 3
9480, 5
9481, 3
9482, 4
9483, 4
9484, 4
9485, 5
9486, 5
9487, 2
9488, 3
9489, 6
9490, 5
9491, 7
9492, 3
9493, 3
9494, 6
9495, 6
9496, 3
9497, 4
9498, 3
9499, 2
9500, 3
9501, 9
9502, 5
9503, 3
9504, 4
9505, 1
9506, 2
9507, 5
9508, 6
9509, 3
9510, 4
9511, 1
9512, 3
9513, 4
9514, 5
9515, 4
9516, 1
9517, 6
9518, 4
9519, 3
9520, 5
9521, 2
9522, 2
9523, 2
9524, 1
9525, 2
9526, 7
9527, 4
9528, 4
9529, 5
9530, 5
9531, 4
9532, 5
9533, 2
9534, 4
9535, 5
9536, 5
9537, 4
9538, 9
9539, 5
9540, 3
9541, 2
9542, 3
9543, 2
9544, 3
9545, 5
9546, 4
9547, 7
9548, 4
9549, 3
9550, 3
9551, 5
9552, 3
9553, 6
9554, 6
9555, 2
9556, 2
9557, 2
9558, 6
9559, 6
9560, 3
9561, 10
9562, 2
9563, 2
9564, 2
9565, 3
9566, 5
9567, 10
9568, 4
9569, 4
9570, 3
9571, 2
9572, 3
9573, 4
9574, 5
9575, 6
9576, 6
9577, 3
9578, 7
9579, 4
9580, 3
9581, 3
9582, 4
9583, 6
9584, 3
9585, 4
9586, 3
9587, 4
9588, 1
9589, 1
9590, 2
9591, 3
9592, 1
9593, 5
9594, 4
9595, 6
9596, 5
9597, 4
9598, 5
9599, 5
9600, 3
9601, 5
9602, 3
9603, 2
9604, 3
9605, 4
9606, 4
9607, 3
9608, 2
9609, 2
9610, 5
9611, 4
9612, 1
9613, 5
9614, 2
9615, 3
9616, 6
9617, 6
9618, 6
9619, 7
9620, 2
9621, 7
9622, 4
9623, 4
9624, 4
9625, 3
9626, 3
9627, 4
9628, 5
9629, 4
9630, 4
9631, 4
9632, 3
9633, 5
9634, 4
9635, 4
9636, 3
9637, 3
9638, 8
9639, 2
9640, 4
9641, 4
9642, 4
9643, 5
9644, 6
9645, 2
9646, 2
9647, 1
9648, 3
9649, 4
9650, 2
9651, 3
9652, 4
9653, 2
9654, 3
9655, 5
9656, 3
9657, 3
9658, 3
9659, 4
9660, 4
9661, 5
9662, 5
9663, 3
9664, 6
9665, 3
9666, 3
9667, 3
9668, 3
9669, 4
9670, 3
9671, 3
9672, 5
9673, 4
9674, 6
9675, 4
9676, 3
9677, 2
9678, 7
9679, 5
9680, 5
9681, 3
9682, 9
9683, 4
9684, 2
9685, 3
9686, 5
9687, 4
9688, 4
9689, 1
9690, 4
9691, 1
9692, 5
9693, 1
9694, 2
9695, 4
9696, 1
9697, 4
9698, 1
9699, 2
9700, 3
9701, 4
9702, 2
9703, 4
9704, 2
9705, 2
9706, 6
9707, 4
9708, 3
9709, 6
9710, 3
9711, 7
9712, 2
9713, 2
9714, 2
9715, 2
9716, 4
9717, 4
9718, 4
9719, 4
9720, 1
9721, 3
9722, 2
9723, 3
9724, 5
9725, 5
9726, 1
9727, 5
9728, 1
9729, 4
9730, 1
9731, 4
9732, 2
9733, 4
9734, 6
9735, 2
9736, 4
9737, 5
9738, 6
9739, 4
9740, 4
9741, 3
9742, 3
9743, 3
9744, 3
9745, 6
9746, 5
9747, 5
9748, 2
9749, 4
9750, 5
9751, 1
9752, 1
9753, 7
9754, 6
9755, 5
9756, 5
9757, 4
9758, 4
9759, 2
9760, 6
9761, 3
9762, 4
9763, 2
9764, 4
9765, 5
9766, 5
9767, 3
9768, 5
9769, 3
9770, 3
9771, 2
9772, 7
9773, 6
9774, 1
9775, 2
9776, 1
9777, 4
9778, 4
9779, 2
9780, 4
9781, 2
9782, 4
9783, 2
9784, 4
9785, 3
9786, 5
9787, 3
9788, 3
9789, 5
9790, 5
9791, 3
9792, 5
9793, 7
9794, 4
9795, 5
9796, 4
9797, 4
9798, 3
9799, 5
9800, 3
9801, 4
9802, 3
9803, 5
9804, 2
9805, 6
9806, 3
9807, 4
9808, 2
9809, 3
9810, 3
9811, 4
9812, 5
9813, 3
9814, 4
9815, 6
9816, 5
9817, 8
9818, 3
9819, 4
9820, 4
9821, 4
9822, 3
9823, 5
9824, 7
9825, 8
9826, 7
9827, 6
9828, 5
9829, 3
9830, 2
9831, 5
9832, 8
9833, 3
9834, 5
9835, 3
9836, 4
9837, 6
9838, 3
9839, 5
9840, 5
9841, 5
9842, 2
9843, 4
9844, 3
9845, 7
9846, 7
9847, 4
9848, 4
9849, 3
9850, 5
9851, 4
9852, 6
9853, 2
9854, 5
9855, 4
9856, 3
9857, 5
9858, 3
9859, 1
9860, 6
9861, 6
9862, 4
9863, 1
9864, 1
9865, 4
9866, 4
9867, 4
9868, 6
9869, 4
9870, 3
9871, 4
9872, 6
9873, 4
9874, 4
9875, 3
9876, 4
9877, 6
9878, 7
9879, 1
9880, 3
9881, 2
9882, 4
9883, 2
9884, 5
9885, 4
9886, 7
9887, 4
9888, 6
9889, 3
9890, 3
9891, 4
9892, 3
9893, 3
9894, 1
9895, 4
9896, 3
9897, 2
9898, 4
9899, 6
9900, 3
9901, 6
9902, 5
9903, 5
9904, 3
9905, 3
9906, 6
9907, 8
9908, 2
9909, 5
9910, 5
9911, 3
9912, 2
9913, 4
9914, 4
9915, 4
9916, 4
9917, 2
9918, 5
9919, 4
9920, 10
9921, 6
9922, 3
9923, 2
9924, 4
9925, 8
9926, 3
9927, 4
9928, 6
9929, 5
9930, 6
9931, 6
9932, 2
9933, 4
9934, 2
9935, 4
9936, 6
9937, 7
9938, 7
9939, 3
9940, 4
9941, 6
9942, 2
9943, 6
9944, 5
9945, 1
9946, 3
9947, 5
9948, 2
9949, 4
9950, 5
9951, 4
9952, 3
9953, 3
9954, 3
9955, 2
9956, 5
9957, 2
9958, 3
9959, 9
9960, 2
9961, 6
9962, 2
9963, 3
9964, 3
9965, 3
9966, 4
9967, 2
9968, 2
9969, 4
9970, 6
9971, 3
9972, 8
9973, 3
9974, 6
9975, 4
9976, 3
9977, 3
9978, 3
9979, 3
9980, 5
9981, 2
9982, 4
9983, 4
9984, 4
9985, 3
9986, 5
9987, 3
9988, 1
9989, 3
9990, 3
9991, 5
9992, 2
9993, 5
9994, 3
9995, 2
9996, 5
9997, 1
9998, 3
9999, 5
10000, 3
10001, 4
