iter, nrecombs
0, 22
1, 22
2, 22
3, 22
4, 22
5, 27
6, 27
7, 27
8, 24
9, 24
10, 25
11, 27
12, 27
13, 27
14, 27
15, 23
16, 23
17, 20
18, 22
19, 29
20, 28
21, 28
22, 28
23, 28
24, 26
25, 22
26, 30
27, 20
28, 22
29, 14
30, 14
31, 14
32, 14
33, 19
34, 20
35, 17
36, 16
37, 15
38, 15
39, 7
40, 19
41, 19
42, 19
43, 19
44, 9
45, 17
46, 17
47, 17
48, 17
49, 17
50, 21
51, 22
52, 12
53, 14
54, 14
55, 14
56, 14
57, 14
58, 19
59, 24
60, 20
61, 23
62, 23
63, 23
64, 23
65, 23
66, 22
67, 19
68, 19
69, 19
70, 19
71, 19
72, 20
73, 20
74, 13
75, 26
76, 27
77, 27
78, 26
79, 16
80, 17
81, 17
82, 16
83, 16
84, 17
85, 15
86, 18
87, 23
88, 23
89, 21
90, 21
91, 21
92, 15
93, 17
94, 18
95, 20
96, 21
97, 18
98, 18
99, 19
100, 19
101, 21
102, 25
103, 23
104, 23
105, 19
106, 19
107, 19
108, 17
109, 17
110, 17
111, 15
112, 20
113, 20
114, 21
115, 20
116, 20
117, 24
118, 24
119, 17
120, 16
121, 16
122, 18
123, 19
124, 19
125, 17
126, 18
127, 17
128, 18
129, 19
130, 19
131, 22
132, 26
133, 23
134, 22
135, 20
136, 20
137, 20
138, 22
139, 20
140, 18
141, 18
142, 18
143, 23
144, 23
145, 20
146, 22
147, 26
148, 27
149, 28
150, 28
151, 26
152, 22
153, 22
154, 22
155, 22
156, 23
157, 22
158, 26
159, 22
160, 22
161, 22
162, 22
163, 23
164, 16
165, 20
166, 19
167, 19
168, 18
169, 17
170, 15
171, 15
172, 15
173, 19
174, 25
175, 19
176, 25
177, 19
178, 19
179, 18
180, 17
181, 15
182, 17
183, 18
184, 19
185, 18
186, 17
187, 18
188, 24
189, 25
190, 24
191, 24
192, 24
193, 31
194, 24
195, 24
196, 23
197, 14
198, 15
199, 12
200, 12
201, 11
202, 12
203, 12
204, 21
205, 19
206, 17
207, 16
208, 23
209, 23
210, 23
211, 23
212, 16
213, 16
214, 16
215, 16
216, 16
217, 12
218, 21
219, 21
220, 21
221, 18
222, 18
223, 12
224, 11
225, 18
226, 21
227, 21
228, 20
229, 19
230, 19
231, 21
232, 21
233, 21
234, 21
235, 19
236, 17
237, 16
238, 16
239, 15
240, 15
241, 15
242, 9
243, 10
244, 13
245, 19
246, 19
247, 19
248, 19
249, 19
250, 16
251, 13
252, 18
253, 19
254, 19
255, 18
256, 18
257, 23
258, 23
259, 23
260, 24
261, 25
262, 14
263, 16
264, 23
265, 24
266, 15
267, 21
268, 30
269, 24
270, 21
271, 21
272, 19
273, 19
274, 19
275, 19
276, 19
277, 24
278, 17
279, 17
280, 25
281, 20
282, 20
283, 23
284, 16
285, 21
286, 18
287, 18
288, 18
289, 18
290, 22
291, 23
292, 23
293, 19
294, 19
295, 17
296, 17
297, 17
298, 17
299, 17
300, 17
301, 19
302, 20
303, 21
304, 14
305, 19
306, 25
307, 17
308, 20
309, 20
310, 16
311, 16
312, 20
313, 20
314, 20
315, 20
316, 19
317, 22
318, 22
319, 20
320, 20
321, 17
322, 17
323, 21
324, 22
325, 22
326, 22
327, 20
328, 20
329, 21
330, 22
331, 18
332, 18
333, 17
334, 20
335, 19
336, 19
337, 16
338, 15
339, 15
340, 15
341, 14
342, 20
343, 19
344, 18
345, 18
346, 19
347, 21
348, 27
349, 21
350, 22
351, 22
352, 24
353, 23
354, 23
355, 30
356, 25
357, 25
358, 24
359, 20
360, 20
361, 21
362, 25
363, 25
364, 19
365, 21
366, 22
367, 23
368, 28
369, 28
370, 27
371, 27
372, 22
373, 16
374, 16
375, 22
376, 21
377, 19
378, 18
379, 19
380, 19
381, 20
382, 16
383, 22
384, 23
385, 23
386, 23
387, 23
388, 22
389, 22
390, 22
391, 19
392, 17
393, 28
394, 28
395, 24
396, 24
397, 15
398, 22
399, 22
400, 23
401, 23
402, 19
403, 24
404, 25
405, 27
406, 27
407, 27
408, 29
409, 29
410, 29
411, 28
412, 26
413, 25
414, 23
415, 23
416, 23
417, 23
418, 27
419, 27
420, 18
421, 27
422, 31
423, 21
424, 20
425, 20
426, 19
427, 18
428, 18
429, 18
430, 19
431, 18
432, 18
433, 14
434, 14
435, 14
436, 14
437, 24
438, 17
439, 18
440, 15
441, 13
442, 15
443, 15
444, 15
445, 22
446, 22
447, 20
448, 20
449, 16
450, 29
451, 31
452, 28
453, 26
454, 19
455, 19
456, 25
457, 22
458, 21
459, 20
460, 18
461, 19
462, 19
463, 18
464, 18
465, 18
466, 20
467, 20
468, 20
469, 21
470, 31
471, 26
472, 24
473, 23
474, 21
475, 18
476, 18
477, 17
478, 15
479, 15
480, 18
481, 18
482, 19
483, 19
484, 19
485, 19
486, 18
487, 18
488, 13
489, 12
490, 15
491, 19
492, 19
493, 20
494, 23
495, 24
496, 21
497, 21
498, 15
499, 17
500, 17
501, 17
502, 23
503, 23
504, 23
505, 23
506, 23
507, 22
508, 19
509, 19
510, 19
511, 20
512, 11
513, 11
514, 16
515, 16
516, 16
517, 15
518, 19
519, 19
520, 26
521, 21
522, 19
523, 23
524, 23
525, 20
526, 20
527, 24
528, 24
529, 17
530, 14
531, 13
532, 18
533, 18
534, 20
535, 19
536, 19
537, 18
538, 18
539, 18
540, 18
541, 19
542, 18
543, 24
544, 20
545, 20
546, 19
547, 14
548, 21
549, 21
550, 21
551, 21
552, 19
553, 16
554, 15
555, 17
556, 17
557, 26
558, 26
559, 24
560, 24
561, 16
562, 25
563, 18
564, 16
565, 10
566, 10
567, 13
568, 16
569, 18
570, 21
571, 21
572, 21
573, 27
574, 28
575, 19
576, 11
577, 11
578, 11
579, 16
580, 19
581, 23
582, 23
583, 23
584, 11
585, 10
586, 21
587, 25
588, 25
589, 21
590, 21
591, 21
592, 28
593, 28
594, 21
595, 23
596, 24
597, 24
598, 24
599, 24
600, 22
601, 26
602, 15
603, 20
604, 20
605, 20
606, 19
607, 25
608, 14
609, 15
610, 15
611, 30
612, 22
613, 21
614, 20
615, 28
616, 26
617, 26
618, 20
619, 14
620, 19
621, 18
622, 29
623, 27
624, 27
625, 27
626, 20
627, 13
628, 20
629, 23
630, 21
631, 16
632, 16
633, 16
634, 15
635, 16
636, 17
637, 16
638, 21
639, 22
640, 21
641, 15
642, 21
643, 19
644, 20
645, 22
646, 21
647, 21
648, 21
649, 21
650, 20
651, 20
652, 20
653, 19
654, 16
655, 23
656, 25
657, 22
658, 15
659, 15
660, 15
661, 14
662, 14
663, 14
664, 14
665, 13
666, 12
667, 9
668, 9
669, 12
670, 11
671, 12
672, 14
673, 23
674, 20
675, 26
676, 28
677, 27
678, 28
679, 28
680, 19
681, 20
682, 19
683, 34
684, 21
685, 25
686, 23
687, 23
688, 24
689, 22
690, 15
691, 14
692, 14
693, 14
694, 14
695, 14
696, 14
697, 15
698, 15
699, 15
700, 15
701, 20
702, 21
703, 15
704, 14
705, 14
706, 19
707, 27
708, 27
709, 26
710, 26
711, 25
712, 26
713, 26
714, 26
715, 26
716, 26
717, 26
718, 27
719, 27
720, 28
721, 24
722, 25
723, 25
724, 25
725, 22
726, 22
727, 23
728, 23
729, 24
730, 32
731, 20
732, 20
733, 19
734, 18
735, 21
736, 21
737, 20
738, 15
739, 16
740, 16
741, 23
742, 16
743, 24
744, 16
745, 15
746, 15
747, 22
748, 22
749, 22
750, 22
751, 17
752, 20
753, 20
754, 20
755, 23
756, 19
757, 16
758, 12
759, 12
760, 19
761, 19
762, 13
763, 14
764, 25
765, 25
766, 30
767, 30
768, 30
769, 24
770, 25
771, 24
772, 24
773, 24
774, 21
775, 15
776, 15
777, 18
778, 18
779, 18
780, 18
781, 18
782, 15
783, 15
784, 15
785, 17
786, 17
787, 17
788, 23
789, 25
790, 25
791, 25
792, 25
793, 24
794, 20
795, 21
796, 21
797, 25
798, 24
799, 19
800, 28
801, 28
802, 28
803, 28
804, 28
805, 27
806, 27
807, 25
808, 22
809, 22
810, 22
811, 22
812, 23
813, 29
814, 29
815, 29
816, 28
817, 35
818, 26
819, 26
820, 25
821, 26
822, 28
823, 21
824, 18
825, 18
826, 18
827, 21
828, 21
829, 21
830, 20
831, 14
832, 15
833, 18
834, 18
835, 18
836, 18
837, 19
838, 20
839, 20
840, 20
841, 20
842, 20
843, 18
844, 22
845, 18
846, 19
847, 16
848, 15
849, 19
850, 19
851, 16
852, 16
853, 16
854, 16
855, 18
856, 16
857, 11
858, 11
859, 11
860, 11
861, 17
862, 14
863, 13
864, 14
865, 21
866, 21
867, 20
868, 20
869, 19
870, 19
871, 22
872, 20
873, 21
874, 21
875, 21
876, 21
877, 21
878, 21
879, 22
880, 19
881, 19
882, 19
883, 18
884, 19
885, 19
886, 20
887, 20
888, 19
889, 20
890, 20
891, 13
892, 20
893, 20
894, 18
895, 18
896, 18
897, 18
898, 18
899, 20
900, 20
901, 21
902, 21
903, 21
904, 22
905, 20
906, 20
907, 20
908, 14
909, 20
910, 20
911, 22
912, 22
913, 23
914, 23
915, 19
916, 19
917, 17
918, 17
919, 23
920, 24
921, 22
922, 20
923, 26
924, 22
925, 21
926, 25
927, 25
928, 17
929, 17
930, 17
931, 17
932, 17
933, 19
934, 18
935, 18
936, 20
937, 23
938, 12
939, 16
940, 17
941, 19
942, 22
943, 22
944, 22
945, 22
946, 23
947, 23
948, 17
949, 16
950, 17
951, 23
952, 23
953, 22
954, 19
955, 23
956, 19
957, 14
958, 13
959, 15
960, 15
961, 16
962, 16
963, 16
964, 22
965, 22
966, 22
967, 23
968, 12
969, 15
970, 15
971, 15
972, 15
973, 15
974, 15
975, 15
976, 15
977, 15
978, 16
979, 16
980, 16
981, 16
982, 16
983, 16
984, 19
985, 19
986, 18
987, 14
988, 10
989, 9
990, 9
991, 9
992, 11
993, 14
994, 11
995, 12
996, 12
997, 12
998, 12
999, 17
1000, 15
1001, 18
1002, 18
1003, 18
1004, 17
1005, 17
1006, 12
1007, 13
1008, 13
1009, 21
1010, 14
1011, 14
1012, 15
1013, 14
1014, 14
1015, 23
1016, 23
1017, 19
1018, 16
1019, 11
1020, 11
1021, 12
1022, 12
1023, 12
1024, 19
1025, 14
1026, 12
1027, 15
1028, 16
1029, 16
1030, 16
1031, 16
1032, 15
1033, 16
1034, 16
1035, 15
1036, 15
1037, 15
1038, 15
1039, 15
1040, 21
1041, 20
1042, 26
1043, 17
1044, 23
1045, 21
1046, 19
1047, 19
1048, 23
1049, 22
1050, 22
1051, 22
1052, 23
1053, 24
1054, 24
1055, 23
1056, 23
1057, 23
1058, 22
1059, 22
1060, 22
1061, 22
1062, 16
1063, 16
1064, 16
1065, 16
1066, 16
1067, 17
1068, 17
1069, 17
1070, 14
1071, 14
1072, 28
1073, 28
1074, 22
1075, 27
1076, 27
1077, 21
1078, 21
1079, 21
1080, 25
1081, 24
1082, 20
1083, 20
1084, 30
1085, 30
1086, 21
1087, 20
1088, 20
1089, 24
1090, 23
1091, 13
1092, 26
1093, 26
1094, 25
1095, 25
1096, 24
1097, 24
1098, 24
1099, 24
1100, 30
1101, 31
1102, 31
1103, 26
1104, 26
1105, 21
1106, 21
1107, 20
1108, 17
1109, 21
1110, 22
1111, 27
1112, 24
1113, 24
1114, 19
1115, 24
1116, 24
1117, 26
1118, 23
1119, 28
1120, 28
1121, 29
1122, 29
1123, 29
1124, 24
1125, 26
1126, 26
1127, 25
1128, 13
1129, 13
1130, 24
1131, 22
1132, 22
1133, 22
1134, 22
1135, 22
1136, 23
1137, 24
1138, 20
1139, 21
1140, 27
1141, 21
1142, 22
1143, 17
1144, 20
1145, 23
1146, 22
1147, 28
1148, 28
1149, 28
1150, 25
1151, 21
1152, 20
1153, 21
1154, 24
1155, 20
1156, 23
1157, 23
1158, 21
1159, 22
1160, 22
1161, 17
1162, 23
1163, 23
1164, 23
1165, 19
1166, 21
1167, 28
1168, 27
1169, 20
1170, 23
1171, 20
1172, 23
1173, 23
1174, 23
1175, 24
1176, 24
1177, 24
1178, 26
1179, 24
1180, 28
1181, 29
1182, 29
1183, 23
1184, 23
1185, 18
1186, 17
1187, 16
1188, 16
1189, 18
1190, 17
1191, 17
1192, 16
1193, 17
1194, 15
1195, 15
1196, 15
1197, 15
1198, 16
1199, 15
1200, 15
1201, 15
1202, 15
1203, 15
1204, 18
1205, 21
1206, 22
1207, 23
1208, 26
1209, 21
1210, 24
1211, 25
1212, 22
1213, 23
1214, 24
1215, 23
1216, 20
1217, 25
1218, 26
1219, 25
1220, 25
1221, 18
1222, 20
1223, 22
1224, 21
1225, 21
1226, 33
1227, 25
1228, 25
1229, 28
1230, 28
1231, 28
1232, 26
1233, 26
1234, 20
1235, 20
1236, 20
1237, 16
1238, 19
1239, 19
1240, 19
1241, 17
1242, 17
1243, 17
1244, 17
1245, 18
1246, 19
1247, 29
1248, 30
1249, 28
1250, 28
1251, 28
1252, 29
1253, 35
1254, 33
1255, 33
1256, 26
1257, 29
1258, 16
1259, 15
1260, 15
1261, 15
1262, 15
1263, 14
1264, 21
1265, 22
1266, 25
1267, 26
1268, 26
1269, 25
1270, 28
1271, 28
1272, 28
1273, 29
1274, 29
1275, 29
1276, 28
1277, 28
1278, 25
1279, 25
1280, 19
1281, 16
1282, 16
1283, 21
1284, 23
1285, 23
1286, 25
1287, 24
1288, 24
1289, 24
1290, 26
1291, 18
1292, 18
1293, 22
1294, 22
1295, 25
1296, 23
1297, 18
1298, 18
1299, 18
1300, 21
1301, 20
1302, 19
1303, 18
1304, 19
1305, 16
1306, 17
1307, 15
1308, 14
1309, 16
1310, 17
1311, 21
1312, 21
1313, 21
1314, 21
1315, 18
1316, 22
1317, 22
1318, 23
1319, 21
1320, 19
1321, 24
1322, 28
1323, 28
1324, 28
1325, 27
1326, 27
1327, 28
1328, 23
1329, 17
1330, 18
1331, 19
1332, 17
1333, 17
1334, 22
1335, 29
1336, 21
1337, 20
1338, 17
1339, 17
1340, 16
1341, 17
1342, 24
1343, 24
1344, 19
1345, 19
1346, 19
1347, 23
1348, 20
1349, 20
1350, 19
1351, 19
1352, 19
1353, 15
1354, 15
1355, 15
1356, 20
1357, 20
1358, 20
1359, 20
1360, 20
1361, 26
1362, 27
1363, 26
1364, 18
1365, 17
1366, 17
1367, 17
1368, 28
1369, 19
1370, 19
1371, 18
1372, 16
1373, 16
1374, 16
1375, 24
1376, 29
1377, 23
1378, 21
1379, 23
1380, 21
1381, 21
1382, 21
1383, 21
1384, 18
1385, 18
1386, 15
1387, 21
1388, 21
1389, 25
1390, 24
1391, 24
1392, 26
1393, 27
1394, 16
1395, 19
1396, 19
1397, 25
1398, 26
1399, 26
1400, 26
1401, 22
1402, 22
1403, 22
1404, 22
1405, 35
1406, 27
1407, 25
1408, 19
1409, 19
1410, 18
1411, 28
1412, 23
1413, 16
1414, 15
1415, 21
1416, 21
1417, 22
1418, 27
1419, 31
1420, 31
1421, 31
1422, 30
1423, 24
1424, 22
1425, 22
1426, 20
1427, 22
1428, 20
1429, 19
1430, 19
1431, 19
1432, 24
1433, 27
1434, 27
1435, 28
1436, 29
1437, 30
1438, 30
1439, 35
1440, 27
1441, 16
1442, 15
1443, 14
1444, 22
1445, 21
1446, 19
1447, 19
1448, 28
1449, 28
1450, 28
1451, 28
1452, 21
1453, 22
1454, 20
1455, 20
1456, 25
1457, 20
1458, 25
1459, 26
1460, 27
1461, 27
1462, 32
1463, 32
1464, 32
1465, 32
1466, 32
1467, 30
1468, 30
1469, 21
1470, 12
1471, 23
1472, 18
1473, 18
1474, 17
1475, 18
1476, 17
1477, 24
1478, 24
1479, 24
1480, 25
1481, 20
1482, 20
1483, 21
1484, 20
1485, 20
1486, 20
1487, 15
1488, 20
1489, 20
1490, 20
1491, 19
1492, 20
1493, 11
1494, 21
1495, 19
1496, 12
1497, 15
1498, 15
1499, 18
1500, 18
1501, 18
1502, 13
1503, 14
1504, 23
1505, 23
1506, 21
1507, 17
1508, 17
1509, 17
1510, 17
1511, 19
1512, 19
1513, 25
1514, 25
1515, 20
1516, 15
1517, 15
1518, 15
1519, 15
1520, 16
1521, 17
1522, 16
1523, 14
1524, 18
1525, 18
1526, 18
1527, 18
1528, 26
1529, 25
1530, 18
1531, 20
1532, 20
1533, 20
1534, 20
1535, 20
1536, 19
1537, 19
1538, 22
1539, 19
1540, 14
1541, 14
1542, 17
1543, 16
1544, 11
1545, 21
1546, 21
1547, 18
1548, 18
1549, 18
1550, 17
1551, 18
1552, 18
1553, 18
1554, 13
1555, 14
1556, 14
1557, 14
1558, 14
1559, 14
1560, 14
1561, 13
1562, 13
1563, 19
1564, 19
1565, 19
1566, 18
1567, 18
1568, 18
1569, 17
1570, 17
1571, 16
1572, 22
1573, 22
1574, 23
1575, 23
1576, 22
1577, 26
1578, 27
1579, 18
1580, 19
1581, 18
1582, 18
1583, 20
1584, 20
1585, 20
1586, 20
1587, 21
1588, 20
1589, 22
1590, 24
1591, 15
1592, 15
1593, 16
1594, 16
1595, 18
1596, 18
1597, 17
1598, 9
1599, 9
1600, 9
1601, 16
1602, 18
1603, 25
1604, 20
1605, 17
1606, 15
1607, 15
1608, 16
1609, 19
1610, 19
1611, 19
1612, 17
1613, 19
1614, 19
1615, 26
1616, 26
1617, 26
1618, 27
1619, 25
1620, 24
1621, 24
1622, 23
1623, 23
1624, 23
1625, 23
1626, 23
1627, 25
1628, 24
1629, 25
1630, 26
1631, 21
1632, 24
1633, 24
1634, 19
1635, 19
1636, 20
1637, 24
1638, 16
1639, 16
1640, 21
1641, 20
1642, 15
1643, 21
1644, 28
1645, 27
1646, 27
1647, 27
1648, 30
1649, 28
1650, 27
1651, 23
1652, 26
1653, 26
1654, 24
1655, 22
1656, 16
1657, 14
1658, 19
1659, 20
1660, 17
1661, 11
1662, 13
1663, 13
1664, 16
1665, 18
1666, 17
1667, 17
1668, 17
1669, 14
1670, 21
1671, 20
1672, 20
1673, 23
1674, 21
1675, 21
1676, 21
1677, 21
1678, 21
1679, 21
1680, 15
1681, 14
1682, 14
1683, 14
1684, 14
1685, 13
1686, 15
1687, 15
1688, 20
1689, 20
1690, 20
1691, 20
1692, 29
1693, 29
1694, 23
1695, 13
1696, 13
1697, 13
1698, 13
1699, 13
1700, 13
1701, 13
1702, 16
1703, 16
1704, 16
1705, 13
1706, 13
1707, 14
1708, 21
1709, 21
1710, 27
1711, 16
1712, 16
1713, 20
1714, 22
1715, 22
1716, 22
1717, 29
1718, 29
1719, 30
1720, 30
1721, 30
1722, 14
1723, 14
1724, 12
1725, 12
1726, 14
1727, 14
1728, 17
1729, 18
1730, 20
1731, 20
1732, 20
1733, 18
1734, 19
1735, 19
1736, 20
1737, 19
1738, 21
1739, 20
1740, 19
1741, 18
1742, 18
1743, 18
1744, 18
1745, 18
1746, 21
1747, 21
1748, 16
1749, 15
1750, 14
1751, 17
1752, 27
1753, 20
1754, 20
1755, 20
1756, 20
1757, 17
1758, 13
1759, 16
1760, 16
1761, 17
1762, 14
1763, 20
1764, 20
1765, 19
1766, 19
1767, 19
1768, 19
1769, 18
1770, 18
1771, 18
1772, 18
1773, 18
1774, 22
1775, 22
1776, 22
1777, 23
1778, 24
1779, 21
1780, 21
1781, 21
1782, 15
1783, 15
1784, 15
1785, 21
1786, 17
1787, 17
1788, 17
1789, 19
1790, 20
1791, 12
1792, 13
1793, 14
1794, 13
1795, 14
1796, 14
1797, 14
1798, 13
1799, 13
1800, 13
1801, 13
1802, 13
1803, 13
1804, 13
1805, 23
1806, 23
1807, 19
1808, 19
1809, 19
1810, 17
1811, 25
1812, 25
1813, 25
1814, 16
1815, 17
1816, 13
1817, 13
1818, 13
1819, 13
1820, 13
1821, 13
1822, 21
1823, 19
1824, 22
1825, 22
1826, 23
1827, 18
1828, 18
1829, 13
1830, 17
1831, 19
1832, 19
1833, 17
1834, 19
1835, 19
1836, 18
1837, 20
1838, 21
1839, 14
1840, 14
1841, 14
1842, 15
1843, 15
1844, 15
1845, 15
1846, 22
1847, 15
1848, 15
1849, 16
1850, 15
1851, 17
1852, 17
1853, 19
1854, 14
1855, 16
1856, 20
1857, 19
1858, 21
1859, 23
1860, 26
1861, 16
1862, 20
1863, 19
1864, 21
1865, 26
1866, 18
1867, 19
1868, 21
1869, 20
1870, 20
1871, 21
1872, 21
1873, 21
1874, 21
1875, 22
1876, 25
1877, 22
1878, 24
1879, 24
1880, 27
1881, 25
1882, 17
1883, 14
1884, 16
1885, 16
1886, 17
1887, 17
1888, 16
1889, 16
1890, 16
1891, 16
1892, 13
1893, 20
1894, 15
1895, 19
1896, 20
1897, 27
1898, 24
1899, 24
1900, 24
1901, 24
1902, 21
1903, 14
1904, 12
1905, 21
1906, 27
1907, 11
1908, 11
1909, 11
1910, 22
1911, 22
1912, 20
1913, 19
1914, 19
1915, 19
1916, 19
1917, 19
1918, 20
1919, 16
1920, 17
1921, 18
1922, 18
1923, 22
1924, 17
1925, 17
1926, 17
1927, 17
1928, 17
1929, 18
1930, 21
1931, 19
1932, 12
1933, 12
1934, 16
1935, 17
1936, 17
1937, 10
1938, 10
1939, 10
1940, 18
1941, 18
1942, 21
1943, 21
1944, 21
1945, 25
1946, 25
1947, 26
1948, 25
1949, 21
1950, 19
1951, 26
1952, 26
1953, 26
1954, 16
1955, 17
1956, 12
1957, 12
1958, 13
1959, 13
1960, 14
1961, 16
1962, 22
1963, 29
1964, 29
1965, 21
1966, 20
1967, 19
1968, 20
1969, 20
1970, 17
1971, 18
1972, 19
1973, 24
1974, 13
1975, 13
1976, 13
1977, 12
1978, 13
1979, 13
1980, 15
1981, 20
1982, 19
1983, 19
1984, 17
1985, 12
1986, 15
1987, 15
1988, 15
1989, 18
1990, 15
1991, 24
1992, 20
1993, 17
1994, 17
1995, 20
1996, 15
1997, 22
1998, 22
1999, 22
2000, 22
2001, 22
2002, 21
2003, 21
2004, 21
2005, 23
2006, 19
2007, 19
2008, 18
2009, 17
2010, 14
2011, 14
2012, 17
2013, 17
2014, 17
2015, 22
2016, 25
2017, 21
2018, 11
2019, 11
2020, 19
2021, 19
2022, 21
2023, 21
2024, 21
2025, 21
2026, 21
2027, 17
2028, 18
2029, 18
2030, 18
2031, 14
2032, 19
2033, 22
2034, 22
2035, 23
2036, 34
2037, 22
2038, 19
2039, 19
2040, 18
2041, 18
2042, 18
2043, 19
2044, 19
2045, 19
2046, 19
2047, 19
2048, 19
2049, 22
2050, 21
2051, 23
2052, 24
2053, 23
2054, 23
2055, 14
2056, 14
2057, 23
2058, 23
2059, 23
2060, 23
2061, 23
2062, 25
2063, 25
2064, 16
2065, 21
2066, 28
2067, 19
2068, 25
2069, 28
2070, 27
2071, 28
2072, 28
2073, 28
2074, 24
2075, 18
2076, 13
2077, 19
2078, 19
2079, 22
2080, 19
2081, 22
2082, 25
2083, 25
2084, 25
2085, 21
2086, 21
2087, 21
2088, 21
2089, 19
2090, 19
2091, 19
2092, 19
2093, 16
2094, 15
2095, 19
2096, 18
2097, 14
2098, 13
2099, 12
2100, 12
2101, 12
2102, 17
2103, 17
2104, 17
2105, 17
2106, 17
2107, 17
2108, 17
2109, 17
2110, 17
2111, 17
2112, 21
2113, 16
2114, 16
2115, 17
2116, 18
2117, 13
2118, 14
2119, 18
2120, 18
2121, 18
2122, 22
2123, 22
2124, 22
2125, 20
2126, 20
2127, 26
2128, 19
2129, 19
2130, 19
2131, 19
2132, 29
2133, 28
2134, 20
2135, 19
2136, 20
2137, 25
2138, 32
2139, 36
2140, 27
2141, 26
2142, 26
2143, 24
2144, 19
2145, 17
2146, 25
2147, 16
2148, 16
2149, 16
2150, 16
2151, 16
2152, 21
2153, 15
2154, 25
2155, 14
2156, 18
2157, 18
2158, 18
2159, 18
2160, 17
2161, 17
2162, 17
2163, 10
2164, 10
2165, 10
2166, 18
2167, 11
2168, 11
2169, 20
2170, 14
2171, 11
2172, 15
2173, 15
2174, 19
2175, 22
2176, 21
2177, 21
2178, 21
2179, 16
2180, 17
2181, 17
2182, 18
2183, 18
2184, 18
2185, 19
2186, 18
2187, 17
2188, 17
2189, 17
2190, 17
2191, 21
2192, 22
2193, 19
2194, 19
2195, 19
2196, 18
2197, 17
2198, 17
2199, 16
2200, 18
2201, 19
2202, 24
2203, 23
2204, 21
2205, 26
2206, 23
2207, 20
2208, 22
2209, 22
2210, 27
2211, 22
2212, 23
2213, 23
2214, 23
2215, 22
2216, 22
2217, 13
2218, 13
2219, 20
2220, 20
2221, 20
2222, 20
2223, 20
2224, 12
2225, 16
2226, 26
2227, 26
2228, 26
2229, 20
2230, 19
2231, 25
2232, 24
2233, 19
2234, 18
2235, 17
2236, 14
2237, 14
2238, 17
2239, 12
2240, 12
2241, 12
2242, 19
2243, 20
2244, 24
2245, 18
2246, 18
2247, 18
2248, 19
2249, 19
2250, 19
2251, 19
2252, 19
2253, 19
2254, 19
2255, 19
2256, 12
2257, 18
2258, 17
2259, 15
2260, 15
2261, 15
2262, 19
2263, 15
2264, 15
2265, 15
2266, 13
2267, 14
2268, 24
2269, 24
2270, 24
2271, 24
2272, 24
2273, 24
2274, 24
2275, 19
2276, 21
2277, 21
2278, 17
2279, 14
2280, 17
2281, 14
2282, 15
2283, 15
2284, 26
2285, 25
2286, 16
2287, 29
2288, 25
2289, 25
2290, 25
2291, 25
2292, 25
2293, 25
2294, 27
2295, 28
2296, 29
2297, 28
2298, 27
2299, 27
2300, 27
2301, 27
2302, 15
2303, 15
2304, 15
2305, 12
2306, 12
2307, 12
2308, 11
2309, 20
2310, 27
2311, 26
2312, 26
2313, 28
2314, 34
2315, 26
2316, 26
2317, 26
2318, 26
2319, 26
2320, 24
2321, 25
2322, 26
2323, 25
2324, 21
2325, 23
2326, 24
2327, 22
2328, 22
2329, 17
2330, 17
2331, 17
2332, 17
2333, 15
2334, 15
2335, 15
2336, 22
2337, 22
2338, 14
2339, 16
2340, 22
2341, 22
2342, 23
2343, 24
2344, 23
2345, 16
2346, 17
2347, 18
2348, 28
2349, 28
2350, 24
2351, 24
2352, 24
2353, 20
2354, 19
2355, 18
2356, 18
2357, 20
2358, 21
2359, 22
2360, 22
2361, 22
2362, 20
2363, 21
2364, 20
2365, 20
2366, 18
2367, 17
2368, 19
2369, 23
2370, 23
2371, 20
2372, 20
2373, 18
2374, 15
2375, 15
2376, 24
2377, 22
2378, 22
2379, 24
2380, 22
2381, 23
2382, 24
2383, 24
2384, 13
2385, 13
2386, 14
2387, 14
2388, 21
2389, 21
2390, 26
2391, 26
2392, 25
2393, 15
2394, 20
2395, 19
2396, 20
2397, 11
2398, 12
2399, 12
2400, 15
2401, 15
2402, 15
2403, 23
2404, 26
2405, 20
2406, 13
2407, 23
2408, 24
2409, 25
2410, 26
2411, 18
2412, 18
2413, 18
2414, 25
2415, 25
2416, 25
2417, 27
2418, 23
2419, 23
2420, 22
2421, 16
2422, 17
2423, 20
2424, 16
2425, 15
2426, 19
2427, 19
2428, 19
2429, 16
2430, 17
2431, 17
2432, 21
2433, 20
2434, 21
2435, 24
2436, 23
2437, 19
2438, 29
2439, 29
2440, 30
2441, 31
2442, 25
2443, 19
2444, 18
2445, 24
2446, 16
2447, 20
2448, 17
2449, 12
2450, 12
2451, 10
2452, 10
2453, 17
2454, 17
2455, 27
2456, 27
2457, 27
2458, 26
2459, 27
2460, 28
2461, 31
2462, 31
2463, 24
2464, 23
2465, 22
2466, 22
2467, 20
2468, 21
2469, 20
2470, 20
2471, 21
2472, 22
2473, 27
2474, 27
2475, 26
2476, 26
2477, 18
2478, 18
2479, 18
2480, 19
2481, 25
2482, 24
2483, 30
2484, 30
2485, 31
2486, 31
2487, 31
2488, 23
2489, 16
2490, 21
2491, 19
2492, 31
2493, 30
2494, 26
2495, 18
2496, 19
2497, 19
2498, 18
2499, 18
2500, 21
2501, 21
2502, 20
2503, 24
2504, 25
2505, 25
2506, 26
2507, 25
2508, 26
2509, 26
2510, 26
2511, 25
2512, 34
2513, 25
2514, 25
2515, 25
2516, 23
2517, 23
2518, 23
2519, 16
2520, 16
2521, 14
2522, 14
2523, 14
2524, 12
2525, 16
2526, 16
2527, 13
2528, 21
2529, 21
2530, 20
2531, 20
2532, 21
2533, 21
2534, 19
2535, 20
2536, 18
2537, 25
2538, 21
2539, 23
2540, 21
2541, 21
2542, 22
2543, 21
2544, 21
2545, 21
2546, 21
2547, 21
2548, 21
2549, 21
2550, 24
2551, 24
2552, 24
2553, 24
2554, 20
2555, 21
2556, 25
2557, 25
2558, 14
2559, 13
2560, 20
2561, 20
2562, 21
2563, 22
2564, 22
2565, 22
2566, 23
2567, 24
2568, 25
2569, 25
2570, 25
2571, 23
2572, 23
2573, 26
2574, 26
2575, 24
2576, 24
2577, 23
2578, 23
2579, 23
2580, 24
2581, 21
2582, 18
2583, 17
2584, 17
2585, 15
2586, 15
2587, 15
2588, 15
2589, 15
2590, 15
2591, 15
2592, 21
2593, 20
2594, 20
2595, 22
2596, 22
2597, 22
2598, 24
2599, 24
2600, 35
2601, 32
2602, 19
2603, 20
2604, 19
2605, 20
2606, 22
2607, 18
2608, 18
2609, 12
2610, 24
2611, 24
2612, 16
2613, 16
2614, 20
2615, 24
2616, 19
2617, 16
2618, 17
2619, 22
2620, 24
2621, 25
2622, 18
2623, 20
2624, 21
2625, 20
2626, 20
2627, 20
2628, 19
2629, 18
2630, 19
2631, 18
2632, 19
2633, 17
2634, 17
2635, 28
2636, 26
2637, 26
2638, 21
2639, 23
2640, 23
2641, 25
2642, 23
2643, 23
2644, 22
2645, 22
2646, 22
2647, 23
2648, 22
2649, 22
2650, 17
2651, 16
2652, 16
2653, 21
2654, 21
2655, 21
2656, 21
2657, 21
2658, 20
2659, 22
2660, 17
2661, 17
2662, 24
2663, 25
2664, 19
2665, 19
2666, 21
2667, 22
2668, 21
2669, 19
2670, 17
2671, 17
2672, 17
2673, 18
2674, 13
2675, 18
2676, 17
2677, 15
2678, 15
2679, 23
2680, 13
2681, 13
2682, 12
2683, 12
2684, 21
2685, 17
2686, 17
2687, 27
2688, 27
2689, 26
2690, 25
2691, 25
2692, 25
2693, 26
2694, 29
2695, 31
2696, 30
2697, 30
2698, 31
2699, 23
2700, 19
2701, 21
2702, 24
2703, 29
2704, 22
2705, 22
2706, 22
2707, 22
2708, 22
2709, 21
2710, 21
2711, 21
2712, 21
2713, 21
2714, 21
2715, 17
2716, 17
2717, 17
2718, 17
2719, 27
2720, 27
2721, 25
2722, 25
2723, 25
2724, 25
2725, 22
2726, 20
2727, 23
2728, 24
2729, 24
2730, 24
2731, 23
2732, 15
2733, 28
2734, 18
2735, 15
2736, 24
2737, 24
2738, 23
2739, 23
2740, 23
2741, 15
2742, 22
2743, 22
2744, 29
2745, 16
2746, 18
2747, 19
2748, 21
2749, 22
2750, 18
2751, 18
2752, 17
2753, 17
2754, 18
2755, 21
2756, 18
2757, 17
2758, 18
2759, 17
2760, 13
2761, 12
2762, 26
2763, 16
2764, 16
2765, 12
2766, 15
2767, 16
2768, 16
2769, 15
2770, 17
2771, 17
2772, 17
2773, 16
2774, 20
2775, 27
2776, 28
2777, 28
2778, 28
2779, 28
2780, 28
2781, 29
2782, 16
2783, 17
2784, 17
2785, 16
2786, 21
2787, 14
2788, 24
2789, 21
2790, 22
2791, 25
2792, 23
2793, 23
2794, 20
2795, 20
2796, 20
2797, 25
2798, 23
2799, 22
2800, 24
2801, 24
2802, 24
2803, 13
2804, 23
2805, 27
2806, 23
2807, 22
2808, 18
2809, 18
2810, 19
2811, 25
2812, 27
2813, 26
2814, 26
2815, 23
2816, 25
2817, 26
2818, 26
2819, 26
2820, 25
2821, 19
2822, 19
2823, 21
2824, 20
2825, 20
2826, 19
2827, 19
2828, 19
2829, 11
2830, 12
2831, 13
2832, 33
2833, 26
2834, 26
2835, 26
2836, 22
2837, 19
2838, 19
2839, 15
2840, 15
2841, 15
2842, 20
2843, 20
2844, 20
2845, 18
2846, 24
2847, 25
2848, 25
2849, 17
2850, 21
2851, 26
2852, 24
2853, 20
2854, 20
2855, 21
2856, 13
2857, 24
2858, 24
2859, 24
2860, 24
2861, 23
2862, 27
2863, 23
2864, 23
2865, 24
2866, 21
2867, 20
2868, 27
2869, 27
2870, 22
2871, 19
2872, 19
2873, 19
2874, 34
2875, 34
2876, 34
2877, 34
2878, 33
2879, 22
2880, 22
2881, 21
2882, 29
2883, 28
2884, 28
2885, 28
2886, 26
2887, 26
2888, 25
2889, 25
2890, 16
2891, 17
2892, 18
2893, 17
2894, 20
2895, 19
2896, 20
2897, 18
2898, 20
2899, 19
2900, 20
2901, 21
2902, 18
2903, 19
2904, 21
2905, 18
2906, 15
2907, 23
2908, 18
2909, 15
2910, 20
2911, 19
2912, 19
2913, 19
2914, 18
2915, 17
2916, 17
2917, 17
2918, 17
2919, 17
2920, 17
2921, 17
2922, 21
2923, 24
2924, 18
2925, 18
2926, 17
2927, 18
2928, 17
2929, 23
2930, 23
2931, 28
2932, 16
2933, 13
2934, 26
2935, 26
2936, 27
2937, 20
2938, 20
2939, 19
2940, 18
2941, 19
2942, 18
2943, 18
2944, 18
2945, 16
2946, 19
2947, 19
2948, 13
2949, 13
2950, 13
2951, 13
2952, 21
2953, 21
2954, 17
2955, 11
2956, 10
2957, 17
2958, 18
2959, 22
2960, 12
2961, 12
2962, 15
2963, 15
2964, 15
2965, 15
2966, 15
2967, 15
2968, 28
2969, 28
2970, 28
2971, 25
2972, 25
2973, 25
2974, 20
2975, 16
2976, 16
2977, 22
2978, 22
2979, 22
2980, 24
2981, 26
2982, 18
2983, 18
2984, 17
2985, 26
2986, 26
2987, 17
2988, 17
2989, 17
2990, 17
2991, 17
2992, 17
2993, 17
2994, 17
2995, 17
2996, 20
2997, 15
2998, 15
2999, 16
3000, 16
3001, 23
3002, 23
3003, 23
3004, 17
3005, 17
3006, 16
3007, 26
3008, 25
3009, 25
3010, 16
3011, 14
3012, 14
3013, 16
3014, 16
3015, 18
3016, 11
3017, 13
3018, 22
3019, 15
3020, 15
3021, 16
3022, 16
3023, 16
3024, 16
3025, 15
3026, 15
3027, 15
3028, 16
3029, 24
3030, 24
3031, 24
3032, 21
3033, 21
3034, 19
3035, 21
3036, 17
3037, 16
3038, 16
3039, 18
3040, 17
3041, 24
3042, 23
3043, 19
3044, 19
3045, 19
3046, 23
3047, 23
3048, 16
3049, 19
3050, 16
3051, 16
3052, 16
3053, 16
3054, 19
3055, 16
3056, 16
3057, 18
3058, 18
3059, 17
3060, 15
3061, 23
3062, 24
3063, 22
3064, 18
3065, 16
3066, 18
3067, 27
3068, 28
3069, 28
3070, 30
3071, 30
3072, 30
3073, 29
3074, 26
3075, 21
3076, 17
3077, 17
3078, 15
3079, 23
3080, 20
3081, 21
3082, 21
3083, 18
3084, 19
3085, 19
3086, 19
3087, 29
3088, 23
3089, 14
3090, 15
3091, 27
3092, 27
3093, 27
3094, 27
3095, 15
3096, 21
3097, 19
3098, 18
3099, 18
3100, 18
3101, 17
3102, 19
3103, 20
3104, 26
3105, 21
3106, 14
3107, 14
3108, 23
3109, 22
3110, 21
3111, 22
3112, 22
3113, 22
3114, 22
3115, 20
3116, 24
3117, 24
3118, 24
3119, 17
3120, 16
3121, 16
3122, 20
3123, 20
3124, 17
3125, 17
3126, 32
3127, 32
3128, 32
3129, 32
3130, 33
3131, 32
3132, 27
3133, 27
3134, 30
3135, 35
3136, 36
3137, 29
3138, 21
3139, 20
3140, 24
3141, 16
3142, 15
3143, 15
3144, 15
3145, 14
3146, 13
3147, 14
3148, 13
3149, 13
3150, 17
3151, 14
3152, 14
3153, 19
3154, 19
3155, 20
3156, 21
3157, 13
3158, 12
3159, 12
3160, 13
3161, 25
3162, 25
3163, 25
3164, 25
3165, 25
3166, 25
3167, 25
3168, 23
3169, 24
3170, 24
3171, 25
3172, 25
3173, 25
3174, 28
3175, 25
3176, 25
3177, 22
3178, 32
3179, 28
3180, 28
3181, 21
3182, 24
3183, 21
3184, 16
3185, 15
3186, 14
3187, 14
3188, 15
3189, 21
3190, 21
3191, 15
3192, 23
3193, 25
3194, 26
3195, 26
3196, 13
3197, 13
3198, 14
3199, 20
3200, 20
3201, 19
3202, 22
3203, 16
3204, 19
3205, 19
3206, 19
3207, 22
3208, 20
3209, 16
3210, 20
3211, 28
3212, 28
3213, 27
3214, 27
3215, 24
3216, 15
3217, 16
3218, 16
3219, 15
3220, 13
3221, 12
3222, 20
3223, 21
3224, 19
3225, 19
3226, 18
3227, 18
3228, 18
3229, 16
3230, 15
3231, 15
3232, 15
3233, 15
3234, 17
3235, 17
3236, 22
3237, 21
3238, 21
3239, 24
3240, 24
3241, 24
3242, 26
3243, 26
3244, 28
3245, 28
3246, 25
3247, 25
3248, 30
3249, 31
3250, 33
3251, 33
3252, 26
3253, 27
3254, 25
3255, 20
3256, 20
3257, 20
3258, 20
3259, 27
3260, 27
3261, 24
3262, 24
3263, 24
3264, 21
3265, 21
3266, 21
3267, 18
3268, 25
3269, 19
3270, 19
3271, 15
3272, 14
3273, 14
3274, 13
3275, 14
3276, 17
3277, 17
3278, 20
3279, 18
3280, 23
3281, 14
3282, 11
3283, 18
3284, 14
3285, 20
3286, 20
3287, 13
3288, 20
3289, 20
3290, 14
3291, 13
3292, 15
3293, 13
3294, 11
3295, 11
3296, 11
3297, 11
3298, 16
3299, 17
3300, 15
3301, 16
3302, 15
3303, 15
3304, 15
3305, 13
3306, 13
3307, 14
3308, 13
3309, 13
3310, 20
3311, 18
3312, 16
3313, 16
3314, 18
3315, 18
3316, 18
3317, 18
3318, 18
3319, 28
3320, 28
3321, 28
3322, 17
3323, 17
3324, 22
3325, 20
3326, 15
3327, 15
3328, 15
3329, 21
3330, 18
3331, 15
3332, 9
3333, 19
3334, 17
3335, 17
3336, 17
3337, 14
3338, 14
3339, 14
3340, 17
3341, 16
3342, 16
3343, 14
3344, 14
3345, 17
3346, 28
3347, 28
3348, 28
3349, 25
3350, 25
3351, 24
3352, 20
3353, 20
3354, 24
3355, 24
3356, 20
3357, 20
3358, 20
3359, 19
3360, 19
3361, 23
3362, 23
3363, 24
3364, 24
3365, 24
3366, 19
3367, 14
3368, 21
3369, 18
3370, 19
3371, 20
3372, 20
3373, 20
3374, 20
3375, 20
3376, 21
3377, 15
3378, 15
3379, 14
3380, 21
3381, 14
3382, 14
3383, 15
3384, 14
3385, 21
3386, 20
3387, 19
3388, 12
3389, 12
3390, 20
3391, 15
3392, 15
3393, 15
3394, 17
3395, 15
3396, 15
3397, 16
3398, 16
3399, 16
3400, 15
3401, 20
3402, 15
3403, 15
3404, 14
3405, 23
3406, 22
3407, 22
3408, 22
3409, 17
3410, 24
3411, 24
3412, 24
3413, 24
3414, 24
3415, 23
3416, 23
3417, 23
3418, 23
3419, 23
3420, 23
3421, 24
3422, 24
3423, 24
3424, 18
3425, 19
3426, 19
3427, 19
3428, 19
3429, 24
3430, 23
3431, 23
3432, 22
3433, 22
3434, 18
3435, 21
3436, 21
3437, 21
3438, 18
3439, 19
3440, 19
3441, 22
3442, 22
3443, 26
3444, 26
3445, 26
3446, 25
3447, 20
3448, 20
3449, 15
3450, 19
3451, 22
3452, 20
3453, 16
3454, 16
3455, 16
3456, 18
3457, 16
3458, 14
3459, 15
3460, 17
3461, 17
3462, 17
3463, 17
3464, 30
3465, 25
3466, 17
3467, 12
3468, 13
3469, 12
3470, 12
3471, 12
3472, 13
3473, 16
3474, 17
3475, 17
3476, 15
3477, 15
3478, 15
3479, 14
3480, 14
3481, 15
3482, 16
3483, 16
3484, 17
3485, 12
3486, 15
3487, 14
3488, 15
3489, 16
3490, 16
3491, 17
3492, 18
3493, 18
3494, 17
3495, 17
3496, 17
3497, 16
3498, 15
3499, 15
3500, 19
3501, 23
3502, 24
3503, 26
3504, 24
3505, 24
3506, 22
3507, 22
3508, 24
3509, 24
3510, 24
3511, 29
3512, 29
3513, 29
3514, 28
3515, 27
3516, 13
3517, 17
3518, 17
3519, 17
3520, 15
3521, 15
3522, 21
3523, 21
3524, 24
3525, 22
3526, 23
3527, 24
3528, 28
3529, 28
3530, 29
3531, 28
3532, 21
3533, 21
3534, 19
3535, 21
3536, 21
3537, 22
3538, 22
3539, 27
3540, 16
3541, 16
3542, 17
3543, 17
3544, 17
3545, 10
3546, 10
3547, 10
3548, 10
3549, 11
3550, 11
3551, 18
3552, 17
3553, 17
3554, 17
3555, 13
3556, 19
3557, 19
3558, 19
3559, 18
3560, 20
3561, 19
3562, 19
3563, 19
3564, 20
3565, 24
3566, 23
3567, 16
3568, 24
3569, 20
3570, 22
3571, 15
3572, 21
3573, 17
3574, 16
3575, 16
3576, 17
3577, 15
3578, 15
3579, 14
3580, 14
3581, 19
3582, 25
3583, 26
3584, 20
3585, 16
3586, 15
3587, 16
3588, 16
3589, 16
3590, 16
3591, 15
3592, 15
3593, 22
3594, 22
3595, 22
3596, 22
3597, 22
3598, 22
3599, 31
3600, 29
3601, 21
3602, 21
3603, 17
3604, 16
3605, 21
3606, 21
3607, 24
3608, 24
3609, 24
3610, 18
3611, 24
3612, 21
3613, 21
3614, 19
3615, 20
3616, 20
3617, 19
3618, 20
3619, 19
3620, 19
3621, 19
3622, 18
3623, 16
3624, 16
3625, 18
3626, 15
3627, 17
3628, 17
3629, 17
3630, 18
3631, 14
3632, 14
3633, 16
3634, 14
3635, 13
3636, 18
3637, 26
3638, 26
3639, 24
3640, 21
3641, 21
3642, 21
3643, 19
3644, 17
3645, 18
3646, 20
3647, 19
3648, 19
3649, 21
3650, 19
3651, 19
3652, 16
3653, 16
3654, 16
3655, 14
3656, 15
3657, 14
3658, 14
3659, 19
3660, 10
3661, 23
3662, 23
3663, 23
3664, 25
3665, 32
3666, 33
3667, 33
3668, 33
3669, 33
3670, 32
3671, 33
3672, 30
3673, 18
3674, 22
3675, 22
3676, 22
3677, 26
3678, 25
3679, 25
3680, 27
3681, 27
3682, 27
3683, 27
3684, 26
3685, 25
3686, 31
3687, 31
3688, 17
3689, 20
3690, 21
3691, 22
3692, 22
3693, 24
3694, 24
3695, 27
3696, 20
3697, 20
3698, 21
3699, 19
3700, 19
3701, 20
3702, 19
3703, 21
3704, 21
3705, 17
3706, 27
3707, 28
3708, 25
3709, 27
3710, 29
3711, 29
3712, 20
3713, 21
3714, 21
3715, 21
3716, 21
3717, 23
3718, 23
3719, 23
3720, 21
3721, 21
3722, 22
3723, 22
3724, 26
3725, 27
3726, 27
3727, 28
3728, 24
3729, 21
3730, 13
3731, 21
3732, 21
3733, 22
3734, 21
3735, 21
3736, 25
3737, 25
3738, 25
3739, 25
3740, 25
3741, 19
3742, 22
3743, 19
3744, 23
3745, 24
3746, 21
3747, 19
3748, 20
3749, 26
3750, 26
3751, 26
3752, 19
3753, 18
3754, 19
3755, 19
3756, 18
3757, 18
3758, 15
3759, 21
3760, 20
3761, 20
3762, 20
3763, 13
3764, 22
3765, 24
3766, 20
3767, 15
3768, 16
3769, 18
3770, 20
3771, 20
3772, 20
3773, 19
3774, 19
3775, 19
3776, 26
3777, 26
3778, 25
3779, 17
3780, 21
3781, 16
3782, 16
3783, 21
3784, 17
3785, 15
3786, 15
3787, 20
3788, 20
3789, 19
3790, 21
3791, 22
3792, 11
3793, 17
3794, 17
3795, 22
3796, 22
3797, 24
3798, 23
3799, 22
3800, 22
3801, 24
3802, 23
3803, 22
3804, 22
3805, 23
3806, 18
3807, 25
3808, 25
3809, 18
3810, 23
3811, 17
3812, 17
3813, 12
3814, 16
3815, 16
3816, 16
3817, 16
3818, 19
3819, 19
3820, 19
3821, 18
3822, 18
3823, 17
3824, 25
3825, 24
3826, 28
3827, 28
3828, 26
3829, 23
3830, 22
3831, 30
3832, 30
3833, 30
3834, 26
3835, 26
3836, 20
3837, 19
3838, 19
3839, 19
3840, 19
3841, 19
3842, 19
3843, 21
3844, 20
3845, 16
3846, 23
3847, 22
3848, 22
3849, 20
3850, 20
3851, 20
3852, 20
3853, 20
3854, 18
3855, 18
3856, 10
3857, 10
3858, 16
3859, 16
3860, 16
3861, 19
3862, 21
3863, 21
3864, 21
3865, 20
3866, 20
3867, 20
3868, 20
3869, 20
3870, 20
3871, 26
3872, 28
3873, 28
3874, 27
3875, 27
3876, 27
3877, 27
3878, 15
3879, 21
3880, 23
3881, 23
3882, 23
3883, 22
3884, 25
3885, 26
3886, 27
3887, 27
3888, 26
3889, 21
3890, 21
3891, 19
3892, 22
3893, 22
3894, 26
3895, 28
3896, 27
3897, 24
3898, 17
3899, 28
3900, 25
3901, 25
3902, 19
3903, 21
3904, 20
3905, 20
3906, 20
3907, 20
3908, 20
3909, 26
3910, 25
3911, 29
3912, 29
3913, 22
3914, 23
3915, 27
3916, 27
3917, 28
3918, 28
3919, 18
3920, 15
3921, 15
3922, 15
3923, 16
3924, 25
3925, 26
3926, 24
3927, 20
3928, 20
3929, 26
3930, 17
3931, 27
3932, 26
3933, 27
3934, 27
3935, 20
3936, 26
3937, 20
3938, 20
3939, 21
3940, 21
3941, 20
3942, 29
3943, 29
3944, 29
3945, 31
3946, 31
3947, 31
3948, 25
3949, 19
3950, 21
3951, 21
3952, 19
3953, 22
3954, 21
3955, 19
3956, 19
3957, 19
3958, 16
3959, 17
3960, 17
3961, 16
3962, 17
3963, 18
3964, 11
3965, 11
3966, 13
3967, 11
3968, 11
3969, 16
3970, 15
3971, 19
3972, 18
3973, 18
3974, 18
3975, 17
3976, 19
3977, 15
3978, 19
3979, 21
3980, 23
3981, 29
3982, 17
3983, 15
3984, 15
3985, 16
3986, 23
3987, 23
3988, 24
3989, 24
3990, 29
3991, 28
3992, 28
3993, 28
3994, 28
3995, 28
3996, 28
3997, 24
3998, 16
3999, 15
4000, 15
4001, 15
4002, 15
4003, 18
4004, 18
4005, 26
4006, 26
4007, 26
4008, 19
4009, 16
4010, 16
4011, 17
4012, 16
4013, 20
4014, 17
4015, 10
4016, 13
4017, 12
4018, 20
4019, 20
4020, 19
4021, 20
4022, 20
4023, 20
4024, 25
4025, 25
4026, 26
4027, 19
4028, 19
4029, 20
4030, 16
4031, 20
4032, 25
4033, 26
4034, 26
4035, 26
4036, 28
4037, 25
4038, 25
4039, 22
4040, 21
4041, 21
4042, 21
4043, 17
4044, 18
4045, 19
4046, 19
4047, 32
4048, 32
4049, 32
4050, 27
4051, 27
4052, 27
4053, 26
4054, 27
4055, 22
4056, 17
4057, 17
4058, 18
4059, 18
4060, 22
4061, 20
4062, 20
4063, 17
4064, 19
4065, 20
4066, 16
4067, 17
4068, 17
4069, 14
4070, 15
4071, 20
4072, 20
4073, 20
4074, 21
4075, 19
4076, 17
4077, 13
4078, 17
4079, 17
4080, 17
4081, 16
4082, 19
4083, 20
4084, 20
4085, 20
4086, 17
4087, 16
4088, 13
4089, 19
4090, 25
4091, 20
4092, 15
4093, 15
4094, 14
4095, 11
4096, 15
4097, 12
4098, 17
4099, 20
4100, 16
4101, 16
4102, 24
4103, 25
4104, 23
4105, 15
4106, 23
4107, 22
4108, 22
4109, 21
4110, 21
4111, 21
4112, 21
4113, 20
4114, 20
4115, 22
4116, 22
4117, 28
4118, 28
4119, 28
4120, 21
4121, 19
4122, 20
4123, 19
4124, 19
4125, 18
4126, 18
4127, 18
4128, 18
4129, 19
4130, 27
4131, 24
4132, 14
4133, 22
4134, 21
4135, 18
4136, 20
4137, 21
4138, 21
4139, 21
4140, 22
4141, 20
4142, 27
4143, 17
4144, 17
4145, 18
4146, 18
4147, 16
4148, 20
4149, 20
4150, 20
4151, 20
4152, 28
4153, 15
4154, 19
4155, 18
4156, 18
4157, 18
4158, 19
4159, 20
4160, 19
4161, 13
4162, 13
4163, 13
4164, 15
4165, 22
4166, 22
4167, 20
4168, 24
4169, 26
4170, 20
4171, 23
4172, 18
4173, 22
4174, 15
4175, 16
4176, 14
4177, 27
4178, 25
4179, 25
4180, 24
4181, 24
4182, 27
4183, 27
4184, 26
4185, 26
4186, 26
4187, 22
4188, 24
4189, 19
4190, 19
4191, 24
4192, 13
4193, 13
4194, 14
4195, 15
4196, 15
4197, 15
4198, 25
4199, 25
4200, 21
4201, 22
4202, 20
4203, 19
4204, 21
4205, 20
4206, 27
4207, 28
4208, 16
4209, 22
4210, 17
4211, 17
4212, 22
4213, 21
4214, 21
4215, 22
4216, 25
4217, 27
4218, 27
4219, 26
4220, 26
4221, 23
4222, 19
4223, 19
4224, 21
4225, 18
4226, 18
4227, 18
4228, 16
4229, 16
4230, 14
4231, 14
4232, 14
4233, 17
4234, 17
4235, 24
4236, 19
4237, 15
4238, 15
4239, 20
4240, 17
4241, 17
4242, 17
4243, 19
4244, 19
4245, 19
4246, 19
4247, 21
4248, 18
4249, 24
4250, 24
4251, 22
4252, 22
4253, 22
4254, 21
4255, 21
4256, 31
4257, 24
4258, 18
4259, 18
4260, 20
4261, 17
4262, 17
4263, 17
4264, 15
4265, 15
4266, 15
4267, 15
4268, 18
4269, 21
4270, 17
4271, 18
4272, 21
4273, 21
4274, 12
4275, 12
4276, 16
4277, 15
4278, 15
4279, 15
4280, 23
4281, 23
4282, 23
4283, 11
4284, 19
4285, 19
4286, 20
4287, 20
4288, 19
4289, 18
4290, 17
4291, 21
4292, 19
4293, 17
4294, 17
4295, 17
4296, 16
4297, 13
4298, 13
4299, 14
4300, 14
4301, 18
4302, 20
4303, 21
4304, 17
4305, 17
4306, 17
4307, 17
4308, 17
4309, 20
4310, 24
4311, 22
4312, 23
4313, 25
4314, 20
4315, 19
4316, 22
4317, 22
4318, 22
4319, 28
4320, 27
4321, 22
4322, 23
4323, 19
4324, 20
4325, 18
4326, 18
4327, 23
4328, 28
4329, 22
4330, 16
4331, 21
4332, 17
4333, 17
4334, 15
4335, 17
4336, 21
4337, 25
4338, 21
4339, 21
4340, 21
4341, 25
4342, 18
4343, 19
4344, 20
4345, 20
4346, 20
4347, 20
4348, 18
4349, 18
4350, 18
4351, 18
4352, 16
4353, 16
4354, 16
4355, 16
4356, 23
4357, 18
4358, 18
4359, 26
4360, 18
4361, 18
4362, 17
4363, 15
4364, 26
4365, 26
4366, 32
4367, 22
4368, 22
4369, 23
4370, 23
4371, 23
4372, 23
4373, 28
4374, 28
4375, 28
4376, 27
4377, 18
4378, 18
4379, 17
4380, 18
4381, 18
4382, 18
4383, 20
4384, 20
4385, 20
4386, 20
4387, 23
4388, 22
4389, 22
4390, 16
4391, 19
4392, 21
4393, 19
4394, 19
4395, 19
4396, 19
4397, 18
4398, 25
4399, 17
4400, 17
4401, 23
4402, 19
4403, 19
4404, 19
4405, 19
4406, 27
4407, 27
4408, 27
4409, 30
4410, 22
4411, 22
4412, 22
4413, 24
4414, 24
4415, 24
4416, 24
4417, 22
4418, 23
4419, 24
4420, 24
4421, 22
4422, 18
4423, 18
4424, 18
4425, 18
4426, 15
4427, 23
4428, 21
4429, 21
4430, 21
4431, 21
4432, 23
4433, 24
4434, 16
4435, 17
4436, 18
4437, 18
4438, 23
4439, 21
4440, 21
4441, 21
4442, 21
4443, 21
4444, 21
4445, 19
4446, 19
4447, 27
4448, 25
4449, 24
4450, 21
4451, 19
4452, 19
4453, 17
4454, 17
4455, 18
4456, 18
4457, 18
4458, 26
4459, 25
4460, 26
4461, 32
4462, 30
4463, 30
4464, 21
4465, 25
4466, 24
4467, 22
4468, 25
4469, 28
4470, 27
4471, 26
4472, 27
4473, 27
4474, 24
4475, 25
4476, 19
4477, 21
4478, 22
4479, 26
4480, 21
4481, 21
4482, 35
4483, 35
4484, 34
4485, 35
4486, 30
4487, 30
4488, 20
4489, 20
4490, 20
4491, 18
4492, 18
4493, 18
4494, 20
4495, 20
4496, 19
4497, 23
4498, 24
4499, 24
4500, 20
4501, 20
4502, 20
4503, 20
4504, 20
4505, 20
4506, 13
4507, 13
4508, 17
4509, 24
4510, 24
4511, 24
4512, 25
4513, 22
4514, 15
4515, 24
4516, 24
4517, 24
4518, 24
4519, 24
4520, 22
4521, 17
4522, 16
4523, 11
4524, 10
4525, 10
4526, 14
4527, 18
4528, 19
4529, 21
4530, 20
4531, 22
4532, 23
4533, 30
4534, 26
4535, 20
4536, 20
4537, 23
4538, 27
4539, 27
4540, 27
4541, 27
4542, 21
4543, 21
4544, 22
4545, 20
4546, 13
4547, 13
4548, 14
4549, 15
4550, 13
4551, 13
4552, 13
4553, 27
4554, 15
4555, 14
4556, 15
4557, 16
4558, 22
4559, 21
4560, 23
4561, 14
4562, 14
4563, 14
4564, 13
4565, 13
4566, 14
4567, 14
4568, 12
4569, 17
4570, 21
4571, 15
4572, 15
4573, 20
4574, 20
4575, 25
4576, 25
4577, 25
4578, 26
4579, 27
4580, 23
4581, 19
4582, 18
4583, 16
4584, 15
4585, 15
4586, 16
4587, 19
4588, 19
4589, 16
4590, 16
4591, 20
4592, 16
4593, 20
4594, 21
4595, 12
4596, 24
4597, 27
4598, 30
4599, 30
4600, 32
4601, 29
4602, 26
4603, 17
4604, 17
4605, 17
4606, 13
4607, 13
4608, 12
4609, 17
4610, 21
4611, 20
4612, 23
4613, 23
4614, 23
4615, 24
4616, 25
4617, 15
4618, 15
4619, 15
4620, 15
4621, 17
4622, 18
4623, 17
4624, 17
4625, 22
4626, 22
4627, 21
4628, 19
4629, 20
4630, 19
4631, 19
4632, 20
4633, 21
4634, 18
4635, 15
4636, 15
4637, 15
4638, 15
4639, 21
4640, 21
4641, 22
4642, 21
4643, 14
4644, 20
4645, 20
4646, 11
4647, 11
4648, 11
4649, 19
4650, 19
4651, 30
4652, 23
4653, 24
4654, 17
4655, 14
4656, 14
4657, 14
4658, 14
4659, 15
4660, 22
4661, 22
4662, 22
4663, 22
4664, 22
4665, 21
4666, 21
4667, 20
4668, 20
4669, 20
4670, 20
4671, 18
4672, 19
4673, 23
4674, 21
4675, 20
4676, 20
4677, 21
4678, 21
4679, 22
4680, 22
4681, 15
4682, 16
4683, 16
4684, 11
4685, 17
4686, 17
4687, 18
4688, 18
4689, 17
4690, 23
4691, 22
4692, 21
4693, 21
4694, 21
4695, 21
4696, 21
4697, 22
4698, 22
4699, 21
4700, 21
4701, 21
4702, 21
4703, 21
4704, 18
4705, 19
4706, 15
4707, 22
4708, 25
4709, 23
4710, 23
4711, 24
4712, 26
4713, 29
4714, 27
4715, 26
4716, 27
4717, 27
4718, 20
4719, 19
4720, 19
4721, 32
4722, 23
4723, 31
4724, 31
4725, 25
4726, 25
4727, 26
4728, 28
4729, 21
4730, 21
4731, 24
4732, 28
4733, 22
4734, 22
4735, 22
4736, 18
4737, 22
4738, 21
4739, 21
4740, 22
4741, 27
4742, 29
4743, 24
4744, 24
4745, 24
4746, 24
4747, 27
4748, 15
4749, 15
4750, 17
4751, 16
4752, 16
4753, 16
4754, 16
4755, 22
4756, 22
4757, 22
4758, 24
4759, 24
4760, 23
4761, 23
4762, 22
4763, 22
4764, 22
4765, 18
4766, 18
4767, 17
4768, 27
4769, 27
4770, 26
4771, 27
4772, 26
4773, 22
4774, 22
4775, 30
4776, 30
4777, 30
4778, 21
4779, 23
4780, 24
4781, 24
4782, 24
4783, 21
4784, 21
4785, 22
4786, 22
4787, 20
4788, 21
4789, 21
4790, 14
4791, 17
4792, 25
4793, 25
4794, 25
4795, 25
4796, 26
4797, 24
4798, 27
4799, 21
4800, 17
4801, 17
4802, 16
4803, 17
4804, 17
4805, 17
4806, 17
4807, 17
4808, 18
4809, 18
4810, 19
4811, 19
4812, 19
4813, 18
4814, 12
4815, 12
4816, 19
4817, 20
4818, 22
4819, 20
4820, 24
4821, 22
4822, 23
4823, 22
4824, 28
4825, 27
4826, 23
4827, 23
4828, 23
4829, 21
4830, 21
4831, 20
4832, 22
4833, 17
4834, 18
4835, 16
4836, 18
4837, 18
4838, 18
4839, 18
4840, 18
4841, 21
4842, 18
4843, 22
4844, 30
4845, 18
4846, 26
4847, 21
4848, 21
4849, 21
4850, 21
4851, 25
4852, 23
4853, 24
4854, 19
4855, 19
4856, 23
4857, 23
4858, 25
4859, 22
4860, 23
4861, 25
4862, 26
4863, 19
4864, 19
4865, 19
4866, 17
4867, 16
4868, 16
4869, 19
4870, 20
4871, 22
4872, 21
4873, 14
4874, 14
4875, 14
4876, 14
4877, 16
4878, 12
4879, 25
4880, 25
4881, 25
4882, 25
4883, 26
4884, 22
4885, 23
4886, 24
4887, 12
4888, 12
4889, 13
4890, 12
4891, 12
4892, 13
4893, 13
4894, 13
4895, 12
4896, 14
4897, 14
4898, 13
4899, 20
4900, 20
4901, 20
4902, 24
4903, 26
4904, 24
4905, 24
4906, 23
4907, 15
4908, 19
4909, 19
4910, 19
4911, 19
4912, 20
4913, 19
4914, 21
4915, 21
4916, 21
4917, 22
4918, 22
4919, 20
4920, 20
4921, 20
4922, 18
4923, 18
4924, 28
4925, 28
4926, 23
4927, 29
4928, 27
4929, 22
4930, 25
4931, 23
4932, 22
4933, 19
4934, 20
4935, 20
4936, 20
4937, 20
4938, 20
4939, 18
4940, 18
4941, 18
4942, 19
4943, 21
4944, 20
4945, 24
4946, 22
4947, 21
4948, 24
4949, 24
4950, 24
4951, 23
4952, 23
4953, 23
4954, 23
4955, 24
4956, 17
4957, 21
4958, 20
4959, 19
4960, 16
4961, 22
4962, 21
4963, 21
4964, 21
4965, 21
4966, 21
4967, 27
4968, 23
4969, 19
4970, 20
4971, 20
4972, 21
4973, 21
4974, 24
4975, 24
4976, 21
4977, 21
4978, 21
4979, 21
4980, 21
4981, 21
4982, 16
4983, 14
4984, 17
4985, 17
4986, 25
4987, 22
4988, 30
4989, 25
4990, 18
4991, 10
4992, 10
4993, 9
4994, 9
4995, 14
4996, 14
4997, 14
4998, 19
4999, 16
5000, 16
5001, 16
5002, 25
5003, 17
5004, 17
5005, 15
5006, 15
5007, 23
5008, 24
5009, 23
5010, 29
5011, 25
5012, 25
5013, 14
5014, 14
5015, 20
5016, 20
5017, 16
5018, 17
5019, 17
5020, 11
5021, 11
5022, 16
5023, 17
5024, 19
5025, 17
5026, 21
5027, 16
5028, 17
5029, 18
5030, 18
5031, 18
5032, 23
5033, 18
5034, 24
5035, 24
5036, 23
5037, 24
5038, 21
5039, 10
5040, 23
5041, 23
5042, 22
5043, 21
5044, 19
5045, 19
5046, 19
5047, 19
5048, 23
5049, 23
5050, 23
5051, 23
5052, 23
5053, 28
5054, 28
5055, 24
5056, 17
5057, 17
5058, 17
5059, 16
5060, 16
5061, 17
5062, 18
5063, 15
5064, 17
5065, 20
5066, 23
5067, 18
5068, 19
5069, 22
5070, 23
5071, 22
5072, 22
5073, 25
5074, 26
5075, 20
5076, 20
5077, 20
5078, 20
5079, 23
5080, 24
5081, 24
5082, 22
5083, 22
5084, 22
5085, 22
5086, 22
5087, 22
5088, 19
5089, 10
5090, 10
5091, 11
5092, 11
5093, 11
5094, 21
5095, 21
5096, 21
5097, 22
5098, 19
5099, 19
5100, 20
5101, 23
5102, 23
5103, 25
5104, 29
5105, 27
5106, 28
5107, 28
5108, 31
5109, 23
5110, 23
5111, 23
5112, 22
5113, 22
5114, 24
5115, 11
5116, 16
5117, 16
5118, 16
5119, 16
5120, 16
5121, 17
5122, 17
5123, 21
5124, 21
5125, 21
5126, 24
5127, 20
5128, 25
5129, 24
5130, 25
5131, 25
5132, 22
5133, 18
5134, 17
5135, 19
5136, 19
5137, 19
5138, 15
5139, 18
5140, 20
5141, 16
5142, 21
5143, 15
5144, 25
5145, 24
5146, 23
5147, 23
5148, 21
5149, 21
5150, 28
5151, 26
5152, 25
5153, 26
5154, 16
5155, 15
5156, 10
5157, 9
5158, 13
5159, 13
5160, 19
5161, 26
5162, 26
5163, 27
5164, 25
5165, 29
5166, 29
5167, 23
5168, 23
5169, 23
5170, 15
5171, 15
5172, 16
5173, 16
5174, 15
5175, 16
5176, 25
5177, 17
5178, 17
5179, 17
5180, 21
5181, 22
5182, 24
5183, 27
5184, 28
5185, 28
5186, 28
5187, 26
5188, 26
5189, 26
5190, 25
5191, 24
5192, 25
5193, 25
5194, 25
5195, 25
5196, 24
5197, 24
5198, 24
5199, 24
5200, 24
5201, 24
5202, 22
5203, 24
5204, 24
5205, 24
5206, 21
5207, 20
5208, 20
5209, 31
5210, 31
5211, 32
5212, 34
5213, 22
5214, 29
5215, 28
5216, 30
5217, 26
5218, 26
5219, 26
5220, 26
5221, 20
5222, 26
5223, 18
5224, 16
5225, 16
5226, 16
5227, 16
5228, 22
5229, 21
5230, 17
5231, 17
5232, 18
5233, 14
5234, 14
5235, 22
5236, 21
5237, 28
5238, 27
5239, 30
5240, 30
5241, 25
5242, 20
5243, 22
5244, 23
5245, 26
5246, 27
5247, 17
5248, 22
5249, 22
5250, 22
5251, 23
5252, 24
5253, 22
5254, 22
5255, 23
5256, 23
5257, 18
5258, 18
5259, 18
5260, 17
5261, 18
5262, 19
5263, 30
5264, 16
5265, 15
5266, 15
5267, 18
5268, 19
5269, 19
5270, 19
5271, 20
5272, 20
5273, 24
5274, 23
5275, 24
5276, 23
5277, 26
5278, 26
5279, 26
5280, 22
5281, 24
5282, 24
5283, 27
5284, 22
5285, 22
5286, 20
5287, 20
5288, 22
5289, 26
5290, 20
5291, 19
5292, 19
5293, 19
5294, 17
5295, 21
5296, 15
5297, 20
5298, 20
5299, 21
5300, 16
5301, 23
5302, 23
5303, 22
5304, 19
5305, 19
5306, 18
5307, 13
5308, 15
5309, 14
5310, 14
5311, 24
5312, 23
5313, 16
5314, 17
5315, 17
5316, 30
5317, 30
5318, 20
5319, 22
5320, 22
5321, 18
5322, 20
5323, 20
5324, 26
5325, 26
5326, 26
5327, 26
5328, 27
5329, 27
5330, 27
5331, 23
5332, 25
5333, 30
5334, 30
5335, 27
5336, 28
5337, 33
5338, 29
5339, 28
5340, 28
5341, 28
5342, 14
5343, 14
5344, 14
5345, 16
5346, 14
5347, 16
5348, 22
5349, 23
5350, 23
5351, 21
5352, 30
5353, 30
5354, 31
5355, 31
5356, 29
5357, 21
5358, 22
5359, 22
5360, 22
5361, 21
5362, 21
5363, 21
5364, 21
5365, 22
5366, 22
5367, 22
5368, 22
5369, 20
5370, 18
5371, 18
5372, 21
5373, 16
5374, 19
5375, 19
5376, 22
5377, 28
5378, 26
5379, 22
5380, 22
5381, 22
5382, 28
5383, 28
5384, 28
5385, 29
5386, 30
5387, 31
5388, 31
5389, 26
5390, 28
5391, 29
5392, 24
5393, 24
5394, 27
5395, 18
5396, 28
5397, 24
5398, 20
5399, 26
5400, 26
5401, 26
5402, 20
5403, 22
5404, 23
5405, 23
5406, 22
5407, 20
5408, 21
5409, 21
5410, 21
5411, 19
5412, 19
5413, 17
5414, 25
5415, 15
5416, 15
5417, 16
5418, 16
5419, 16
5420, 17
5421, 18
5422, 16
5423, 16
5424, 15
5425, 15
5426, 15
5427, 13
5428, 13
5429, 12
5430, 12
5431, 20
5432, 20
5433, 13
5434, 14
5435, 21
5436, 21
5437, 19
5438, 18
5439, 18
5440, 20
5441, 23
5442, 23
5443, 21
5444, 21
5445, 22
5446, 22
5447, 21
5448, 23
5449, 19
5450, 20
5451, 16
5452, 16
5453, 16
5454, 17
5455, 16
5456, 18
5457, 20
5458, 19
5459, 24
5460, 24
5461, 13
5462, 13
5463, 13
5464, 12
5465, 18
5466, 18
5467, 15
5468, 19
5469, 23
5470, 25
5471, 14
5472, 14
5473, 13
5474, 16
5475, 17
5476, 16
5477, 16
5478, 16
5479, 16
5480, 20
5481, 24
5482, 20
5483, 22
5484, 18
5485, 18
5486, 17
5487, 18
5488, 18
5489, 19
5490, 19
5491, 18
5492, 18
5493, 19
5494, 28
5495, 16
5496, 16
5497, 20
5498, 14
5499, 24
5500, 24
5501, 26
5502, 26
5503, 26
5504, 21
5505, 20
5506, 19
5507, 19
5508, 22
5509, 22
5510, 20
5511, 21
5512, 22
5513, 22
5514, 22
5515, 17
5516, 17
5517, 17
5518, 17
5519, 24
5520, 24
5521, 22
5522, 19
5523, 29
5524, 29
5525, 24
5526, 14
5527, 14
5528, 14
5529, 15
5530, 15
5531, 23
5532, 23
5533, 16
5534, 21
5535, 21
5536, 21
5537, 22
5538, 27
5539, 27
5540, 22
5541, 23
5542, 32
5543, 31
5544, 31
5545, 29
5546, 28
5547, 28
5548, 22
5549, 22
5550, 22
5551, 21
5552, 21
5553, 25
5554, 19
5555, 22
5556, 22
5557, 15
5558, 20
5559, 20
5560, 20
5561, 21
5562, 21
5563, 21
5564, 21
5565, 21
5566, 21
5567, 18
5568, 18
5569, 17
5570, 17
5571, 17
5572, 17
5573, 17
5574, 17
5575, 27
5576, 24
5577, 24
5578, 22
5579, 26
5580, 26
5581, 26
5582, 21
5583, 21
5584, 24
5585, 17
5586, 17
5587, 17
5588, 18
5589, 18
5590, 20
5591, 20
5592, 23
5593, 21
5594, 21
5595, 21
5596, 22
5597, 21
5598, 23
5599, 18
5600, 18
5601, 14
5602, 13
5603, 13
5604, 19
5605, 19
5606, 14
5607, 14
5608, 22
5609, 23
5610, 19
5611, 19
5612, 19
5613, 21
5614, 12
5615, 16
5616, 22
5617, 18
5618, 22
5619, 23
5620, 17
5621, 24
5622, 24
5623, 24
5624, 27
5625, 26
5626, 21
5627, 15
5628, 18
5629, 18
5630, 20
5631, 21
5632, 26
5633, 25
5634, 25
5635, 20
5636, 16
5637, 23
5638, 21
5639, 21
5640, 21
5641, 21
5642, 21
5643, 19
5644, 20
5645, 20
5646, 15
5647, 16
5648, 17
5649, 17
5650, 16
5651, 15
5652, 17
5653, 17
5654, 19
5655, 16
5656, 21
5657, 20
5658, 18
5659, 23
5660, 19
5661, 15
5662, 15
5663, 14
5664, 14
5665, 14
5666, 14
5667, 22
5668, 19
5669, 20
5670, 18
5671, 17
5672, 17
5673, 23
5674, 22
5675, 33
5676, 33
5677, 15
5678, 24
5679, 22
5680, 16
5681, 21
5682, 21
5683, 21
5684, 21
5685, 21
5686, 23
5687, 22
5688, 22
5689, 22
5690, 15
5691, 17
5692, 17
5693, 17
5694, 17
5695, 13
5696, 14
5697, 15
5698, 16
5699, 18
5700, 17
5701, 18
5702, 18
5703, 20
5704, 20
5705, 19
5706, 11
5707, 16
5708, 17
5709, 13
5710, 20
5711, 13
5712, 13
5713, 13
5714, 13
5715, 20
5716, 20
5717, 20
5718, 15
5719, 19
5720, 19
5721, 22
5722, 22
5723, 22
5724, 22
5725, 18
5726, 18
5727, 18
5728, 18
5729, 18
5730, 21
5731, 21
5732, 15
5733, 20
5734, 20
5735, 16
5736, 16
5737, 18
5738, 22
5739, 21
5740, 21
5741, 23
5742, 22
5743, 22
5744, 24
5745, 25
5746, 29
5747, 28
5748, 29
5749, 15
5750, 15
5751, 15
5752, 15
5753, 15
5754, 15
5755, 15
5756, 18
5757, 18
5758, 15
5759, 20
5760, 16
5761, 23
5762, 18
5763, 20
5764, 20
5765, 20
5766, 20
5767, 11
5768, 12
5769, 11
5770, 10
5771, 11
5772, 11
5773, 15
5774, 14
5775, 14
5776, 14
5777, 25
5778, 22
5779, 12
5780, 12
5781, 24
5782, 24
5783, 24
5784, 24
5785, 20
5786, 28
5787, 27
5788, 17
5789, 15
5790, 20
5791, 24
5792, 20
5793, 20
5794, 14
5795, 14
5796, 13
5797, 22
5798, 22
5799, 18
5800, 18
5801, 18
5802, 21
5803, 20
5804, 16
5805, 19
5806, 13
5807, 13
5808, 19
5809, 19
5810, 20
5811, 20
5812, 19
5813, 16
5814, 16
5815, 22
5816, 19
5817, 19
5818, 19
5819, 19
5820, 19
5821, 17
5822, 20
5823, 32
5824, 32
5825, 20
5826, 22
5827, 21
5828, 15
5829, 20
5830, 22
5831, 22
5832, 22
5833, 25
5834, 23
5835, 23
5836, 20
5837, 20
5838, 21
5839, 25
5840, 26
5841, 26
5842, 26
5843, 25
5844, 24
5845, 20
5846, 17
5847, 17
5848, 17
5849, 17
5850, 23
5851, 24
5852, 16
5853, 13
5854, 13
5855, 14
5856, 17
5857, 15
5858, 15
5859, 17
5860, 17
5861, 18
5862, 18
5863, 17
5864, 17
5865, 18
5866, 15
5867, 17
5868, 17
5869, 17
5870, 17
5871, 17
5872, 17
5873, 18
5874, 18
5875, 19
5876, 20
5877, 20
5878, 20
5879, 17
5880, 20
5881, 20
5882, 25
5883, 21
5884, 22
5885, 26
5886, 19
5887, 22
5888, 20
5889, 19
5890, 20
5891, 17
5892, 18
5893, 18
5894, 22
5895, 20
5896, 29
5897, 30
5898, 30
5899, 29
5900, 22
5901, 20
5902, 20
5903, 23
5904, 23
5905, 23
5906, 20
5907, 19
5908, 19
5909, 21
5910, 16
5911, 15
5912, 20
5913, 20
5914, 20
5915, 14
5916, 18
5917, 24
5918, 23
5919, 24
5920, 17
5921, 14
5922, 15
5923, 20
5924, 20
5925, 17
5926, 16
5927, 17
5928, 17
5929, 15
5930, 15
5931, 15
5932, 15
5933, 16
5934, 11
5935, 15
5936, 18
5937, 18
5938, 18
5939, 18
5940, 16
5941, 24
5942, 24
5943, 24
5944, 21
5945, 20
5946, 20
5947, 20
5948, 21
5949, 24
5950, 24
5951, 23
5952, 19
5953, 14
5954, 14
5955, 14
5956, 11
5957, 15
5958, 14
5959, 14
5960, 19
5961, 19
5962, 19
5963, 19
5964, 20
5965, 20
5966, 11
5967, 12
5968, 12
5969, 12
5970, 12
5971, 12
5972, 14
5973, 12
5974, 13
5975, 14
5976, 13
5977, 13
5978, 19
5979, 19
5980, 19
5981, 19
5982, 20
5983, 20
5984, 20
5985, 20
5986, 12
5987, 13
5988, 18
5989, 21
5990, 21
5991, 24
5992, 24
5993, 25
5994, 22
5995, 22
5996, 23
5997, 23
5998, 20
5999, 20
6000, 20
6001, 21
6002, 23
6003, 23
6004, 24
6005, 23
6006, 23
6007, 23
6008, 11
6009, 21
6010, 21
6011, 22
6012, 21
6013, 28
6014, 28
6015, 28
6016, 30
6017, 31
6018, 26
6019, 17
6020, 30
6021, 30
6022, 23
6023, 23
6024, 23
6025, 23
6026, 20
6027, 20
6028, 20
6029, 16
6030, 16
6031, 16
6032, 16
6033, 16
6034, 16
6035, 19
6036, 19
6037, 25
6038, 25
6039, 25
6040, 25
6041, 24
6042, 25
6043, 24
6044, 24
6045, 23
6046, 24
6047, 22
6048, 16
6049, 31
6050, 30
6051, 28
6052, 27
6053, 22
6054, 22
6055, 22
6056, 23
6057, 19
6058, 23
6059, 25
6060, 28
6061, 22
6062, 22
6063, 26
6064, 20
6065, 21
6066, 12
6067, 13
6068, 13
6069, 13
6070, 15
6071, 23
6072, 25
6073, 26
6074, 18
6075, 18
6076, 18
6077, 11
6078, 11
6079, 21
6080, 23
6081, 22
6082, 21
6083, 13
6084, 13
6085, 24
6086, 28
6087, 25
6088, 23
6089, 22
6090, 26
6091, 17
6092, 17
6093, 16
6094, 16
6095, 16
6096, 20
6097, 12
6098, 12
6099, 13
6100, 14
6101, 19
6102, 19
6103, 19
6104, 19
6105, 16
6106, 26
6107, 27
6108, 19
6109, 19
6110, 19
6111, 19
6112, 21
6113, 16
6114, 16
6115, 21
6116, 20
6117, 19
6118, 22
6119, 19
6120, 19
6121, 17
6122, 18
6123, 18
6124, 17
6125, 14
6126, 14
6127, 21
6128, 21
6129, 22
6130, 37
6131, 37
6132, 17
6133, 17
6134, 17
6135, 19
6136, 24
6137, 19
6138, 20
6139, 20
6140, 19
6141, 19
6142, 19
6143, 16
6144, 16
6145, 20
6146, 20
6147, 17
6148, 17
6149, 19
6150, 18
6151, 19
6152, 18
6153, 18
6154, 18
6155, 15
6156, 17
6157, 18
6158, 17
6159, 17
6160, 17
6161, 23
6162, 23
6163, 23
6164, 23
6165, 21
6166, 23
6167, 16
6168, 23
6169, 23
6170, 23
6171, 26
6172, 25
6173, 25
6174, 26
6175, 26
6176, 16
6177, 17
6178, 17
6179, 17
6180, 17
6181, 16
6182, 26
6183, 26
6184, 25
6185, 25
6186, 23
6187, 32
6188, 21
6189, 21
6190, 23
6191, 15
6192, 12
6193, 13
6194, 13
6195, 14
6196, 17
6197, 17
6198, 19
6199, 22
6200, 22
6201, 22
6202, 22
6203, 23
6204, 23
6205, 24
6206, 24
6207, 25
6208, 26
6209, 30
6210, 34
6211, 34
6212, 33
6213, 26
6214, 26
6215, 26
6216, 25
6217, 16
6218, 13
6219, 13
6220, 13
6221, 14
6222, 14
6223, 21
6224, 24
6225, 23
6226, 23
6227, 23
6228, 23
6229, 15
6230, 15
6231, 15
6232, 19
6233, 19
6234, 16
6235, 17
6236, 16
6237, 16
6238, 16
6239, 17
6240, 18
6241, 18
6242, 22
6243, 22
6244, 22
6245, 28
6246, 25
6247, 25
6248, 25
6249, 26
6250, 14
6251, 25
6252, 27
6253, 26
6254, 23
6255, 23
6256, 21
6257, 21
6258, 21
6259, 23
6260, 24
6261, 18
6262, 18
6263, 18
6264, 24
6265, 24
6266, 24
6267, 25
6268, 25
6269, 25
6270, 25
6271, 24
6272, 24
6273, 24
6274, 24
6275, 23
6276, 21
6277, 22
6278, 22
6279, 19
6280, 13
6281, 13
6282, 19
6283, 22
6284, 26
6285, 19
6286, 16
6287, 16
6288, 26
6289, 26
6290, 27
6291, 24
6292, 25
6293, 25
6294, 25
6295, 19
6296, 21
6297, 17
6298, 17
6299, 19
6300, 19
6301, 20
6302, 20
6303, 20
6304, 15
6305, 23
6306, 23
6307, 22
6308, 16
6309, 20
6310, 19
6311, 19
6312, 17
6313, 17
6314, 17
6315, 18
6316, 25
6317, 25
6318, 26
6319, 25
6320, 25
6321, 28
6322, 17
6323, 16
6324, 17
6325, 18
6326, 18
6327, 19
6328, 20
6329, 19
6330, 18
6331, 18
6332, 11
6333, 15
6334, 25
6335, 24
6336, 26
6337, 22
6338, 22
6339, 19
6340, 16
6341, 22
6342, 18
6343, 24
6344, 12
6345, 15
6346, 25
6347, 25
6348, 24
6349, 21
6350, 17
6351, 29
6352, 29
6353, 31
6354, 20
6355, 19
6356, 17
6357, 18
6358, 17
6359, 17
6360, 18
6361, 18
6362, 17
6363, 17
6364, 17
6365, 17
6366, 17
6367, 17
6368, 17
6369, 19
6370, 19
6371, 19
6372, 19
6373, 18
6374, 18
6375, 17
6376, 17
6377, 13
6378, 13
6379, 13
6380, 13
6381, 14
6382, 14
6383, 14
6384, 26
6385, 26
6386, 15
6387, 28
6388, 15
6389, 15
6390, 19
6391, 19
6392, 14
6393, 25
6394, 22
6395, 21
6396, 21
6397, 21
6398, 21
6399, 20
6400, 28
6401, 21
6402, 21
6403, 21
6404, 20
6405, 20
6406, 12
6407, 16
6408, 15
6409, 15
6410, 27
6411, 27
6412, 27
6413, 27
6414, 27
6415, 24
6416, 26
6417, 26
6418, 14
6419, 19
6420, 14
6421, 15
6422, 13
6423, 14
6424, 20
6425, 20
6426, 21
6427, 16
6428, 28
6429, 31
6430, 24
6431, 22
6432, 22
6433, 22
6434, 22
6435, 22
6436, 23
6437, 21
6438, 21
6439, 21
6440, 18
6441, 17
6442, 23
6443, 24
6444, 22
6445, 22
6446, 26
6447, 26
6448, 19
6449, 25
6450, 21
6451, 21
6452, 17
6453, 16
6454, 17
6455, 17
6456, 17
6457, 20
6458, 20
6459, 20
6460, 20
6461, 15
6462, 16
6463, 17
6464, 17
6465, 25
6466, 25
6467, 14
6468, 23
6469, 21
6470, 17
6471, 17
6472, 16
6473, 15
6474, 16
6475, 16
6476, 23
6477, 20
6478, 24
6479, 15
6480, 14
6481, 15
6482, 15
6483, 14
6484, 18
6485, 18
6486, 18
6487, 18
6488, 22
6489, 23
6490, 21
6491, 23
6492, 18
6493, 25
6494, 25
6495, 27
6496, 27
6497, 20
6498, 16
6499, 17
6500, 24
6501, 20
6502, 17
6503, 17
6504, 18
6505, 19
6506, 20
6507, 16
6508, 18
6509, 18
6510, 28
6511, 28
6512, 23
6513, 27
6514, 27
6515, 27
6516, 19
6517, 21
6518, 24
6519, 24
6520, 24
6521, 24
6522, 25
6523, 25
6524, 26
6525, 26
6526, 16
6527, 16
6528, 19
6529, 15
6530, 15
6531, 15
6532, 16
6533, 17
6534, 18
6535, 17
6536, 17
6537, 16
6538, 15
6539, 15
6540, 15
6541, 15
6542, 15
6543, 14
6544, 19
6545, 25
6546, 25
6547, 19
6548, 18
6549, 15
6550, 20
6551, 21
6552, 19
6553, 19
6554, 26
6555, 21
6556, 20
6557, 21
6558, 22
6559, 22
6560, 19
6561, 22
6562, 22
6563, 21
6564, 22
6565, 22
6566, 21
6567, 20
6568, 21
6569, 22
6570, 14
6571, 14
6572, 13
6573, 13
6574, 12
6575, 12
6576, 26
6577, 26
6578, 29
6579, 32
6580, 29
6581, 24
6582, 15
6583, 27
6584, 27
6585, 15
6586, 14
6587, 18
6588, 18
6589, 23
6590, 26
6591, 20
6592, 20
6593, 28
6594, 17
6595, 25
6596, 17
6597, 16
6598, 18
6599, 18
6600, 16
6601, 16
6602, 16
6603, 20
6604, 24
6605, 23
6606, 23
6607, 23
6608, 23
6609, 23
6610, 21
6611, 25
6612, 26
6613, 21
6614, 22
6615, 14
6616, 14
6617, 14
6618, 21
6619, 21
6620, 20
6621, 20
6622, 22
6623, 22
6624, 17
6625, 17
6626, 16
6627, 26
6628, 20
6629, 20
6630, 25
6631, 25
6632, 25
6633, 20
6634, 20
6635, 22
6636, 22
6637, 22
6638, 21
6639, 21
6640, 21
6641, 18
6642, 19
6643, 14
6644, 19
6645, 20
6646, 12
6647, 12
6648, 13
6649, 16
6650, 20
6651, 14
6652, 14
6653, 15
6654, 16
6655, 16
6656, 11
6657, 17
6658, 18
6659, 19
6660, 16
6661, 17
6662, 18
6663, 22
6664, 20
6665, 25
6666, 19
6667, 27
6668, 27
6669, 24
6670, 16
6671, 16
6672, 20
6673, 15
6674, 22
6675, 15
6676, 14
6677, 14
6678, 19
6679, 16
6680, 17
6681, 16
6682, 15
6683, 15
6684, 17
6685, 20
6686, 32
6687, 32
6688, 32
6689, 25
6690, 25
6691, 25
6692, 21
6693, 21
6694, 21
6695, 21
6696, 21
6697, 21
6698, 20
6699, 20
6700, 21
6701, 20
6702, 20
6703, 21
6704, 18
6705, 18
6706, 27
6707, 29
6708, 34
6709, 25
6710, 24
6711, 29
6712, 29
6713, 35
6714, 18
6715, 26
6716, 26
6717, 25
6718, 24
6719, 23
6720, 24
6721, 24
6722, 22
6723, 23
6724, 23
6725, 18
6726, 19
6727, 19
6728, 29
6729, 30
6730, 29
6731, 23
6732, 23
6733, 24
6734, 25
6735, 26
6736, 26
6737, 27
6738, 27
6739, 22
6740, 22
6741, 21
6742, 20
6743, 22
6744, 22
6745, 17
6746, 17
6747, 17
6748, 28
6749, 28
6750, 19
6751, 19
6752, 20
6753, 19
6754, 25
6755, 24
6756, 15
6757, 22
6758, 23
6759, 26
6760, 26
6761, 26
6762, 26
6763, 24
6764, 24
6765, 21
6766, 21
6767, 26
6768, 26
6769, 18
6770, 19
6771, 19
6772, 20
6773, 20
6774, 18
6775, 16
6776, 15
6777, 24
6778, 12
6779, 17
6780, 18
6781, 27
6782, 27
6783, 21
6784, 22
6785, 23
6786, 15
6787, 21
6788, 21
6789, 20
6790, 20
6791, 26
6792, 25
6793, 24
6794, 24
6795, 23
6796, 19
6797, 15
6798, 15
6799, 15
6800, 16
6801, 18
6802, 25
6803, 25
6804, 26
6805, 26
6806, 24
6807, 22
6808, 18
6809, 19
6810, 17
6811, 26
6812, 20
6813, 20
6814, 16
6815, 16
6816, 17
6817, 23
6818, 25
6819, 24
6820, 24
6821, 24
6822, 18
6823, 18
6824, 19
6825, 19
6826, 19
6827, 19
6828, 20
6829, 16
6830, 18
6831, 18
6832, 18
6833, 18
6834, 17
6835, 23
6836, 23
6837, 23
6838, 24
6839, 24
6840, 19
6841, 21
6842, 24
6843, 24
6844, 24
6845, 21
6846, 19
6847, 19
6848, 20
6849, 20
6850, 23
6851, 21
6852, 13
6853, 13
6854, 13
6855, 21
6856, 21
6857, 22
6858, 20
6859, 26
6860, 18
6861, 18
6862, 17
6863, 17
6864, 22
6865, 22
6866, 22
6867, 22
6868, 20
6869, 20
6870, 20
6871, 20
6872, 20
6873, 15
6874, 15
6875, 17
6876, 17
6877, 17
6878, 15
6879, 15
6880, 14
6881, 14
6882, 13
6883, 20
6884, 17
6885, 16
6886, 16
6887, 16
6888, 16
6889, 16
6890, 15
6891, 19
6892, 19
6893, 24
6894, 24
6895, 17
6896, 21
6897, 17
6898, 12
6899, 16
6900, 19
6901, 16
6902, 22
6903, 22
6904, 22
6905, 23
6906, 23
6907, 23
6908, 23
6909, 22
6910, 23
6911, 22
6912, 22
6913, 25
6914, 27
6915, 32
6916, 25
6917, 23
6918, 21
6919, 22
6920, 23
6921, 23
6922, 14
6923, 19
6924, 19
6925, 19
6926, 15
6927, 16
6928, 15
6929, 15
6930, 15
6931, 18
6932, 21
6933, 21
6934, 21
6935, 22
6936, 22
6937, 16
6938, 20
6939, 23
6940, 23
6941, 25
6942, 24
6943, 21
6944, 19
6945, 21
6946, 20
6947, 19
6948, 28
6949, 27
6950, 24
6951, 19
6952, 23
6953, 23
6954, 24
6955, 23
6956, 23
6957, 17
6958, 24
6959, 21
6960, 22
6961, 22
6962, 22
6963, 23
6964, 22
6965, 23
6966, 23
6967, 23
6968, 24
6969, 24
6970, 24
6971, 22
6972, 24
6973, 24
6974, 19
6975, 21
6976, 20
6977, 19
6978, 19
6979, 20
6980, 23
6981, 20
6982, 20
6983, 30
6984, 30
6985, 28
6986, 28
6987, 27
6988, 24
6989, 24
6990, 23
6991, 24
6992, 17
6993, 20
6994, 17
6995, 11
6996, 18
6997, 18
6998, 18
6999, 21
7000, 19
7001, 15
7002, 18
7003, 18
7004, 19
7005, 15
7006, 15
7007, 10
7008, 10
7009, 10
7010, 13
7011, 13
7012, 13
7013, 13
7014, 18
7015, 19
7016, 24
7017, 18
7018, 19
7019, 10
7020, 18
7021, 10
7022, 10
7023, 13
7024, 14
7025, 11
7026, 16
7027, 18
7028, 18
7029, 19
7030, 19
7031, 19
7032, 19
7033, 18
7034, 18
7035, 25
7036, 22
7037, 22
7038, 26
7039, 27
7040, 27
7041, 32
7042, 32
7043, 17
7044, 19
7045, 18
7046, 20
7047, 20
7048, 25
7049, 25
7050, 14
7051, 14
7052, 19
7053, 19
7054, 22
7055, 22
7056, 20
7057, 26
7058, 26
7059, 23
7060, 23
7061, 24
7062, 17
7063, 24
7064, 25
7065, 25
7066, 20
7067, 21
7068, 21
7069, 23
7070, 22
7071, 21
7072, 20
7073, 21
7074, 22
7075, 17
7076, 22
7077, 22
7078, 20
7079, 17
7080, 17
7081, 17
7082, 16
7083, 16
7084, 19
7085, 19
7086, 15
7087, 15
7088, 16
7089, 16
7090, 17
7091, 22
7092, 22
7093, 19
7094, 16
7095, 18
7096, 23
7097, 23
7098, 21
7099, 21
7100, 21
7101, 16
7102, 20
7103, 16
7104, 16
7105, 17
7106, 21
7107, 24
7108, 20
7109, 18
7110, 22
7111, 21
7112, 21
7113, 15
7114, 22
7115, 22
7116, 22
7117, 21
7118, 22
7119, 22
7120, 21
7121, 20
7122, 20
7123, 21
7124, 21
7125, 21
7126, 23
7127, 23
7128, 24
7129, 23
7130, 16
7131, 16
7132, 17
7133, 20
7134, 20
7135, 20
7136, 17
7137, 17
7138, 19
7139, 23
7140, 17
7141, 16
7142, 16
7143, 17
7144, 20
7145, 22
7146, 20
7147, 25
7148, 25
7149, 25
7150, 27
7151, 27
7152, 27
7153, 27
7154, 24
7155, 24
7156, 33
7157, 33
7158, 33
7159, 33
7160, 34
7161, 19
7162, 20
7163, 20
7164, 27
7165, 26
7166, 32
7167, 32
7168, 32
7169, 32
7170, 23
7171, 23
7172, 19
7173, 19
7174, 15
7175, 15
7176, 15
7177, 23
7178, 19
7179, 15
7180, 14
7181, 14
7182, 14
7183, 12
7184, 12
7185, 17
7186, 21
7187, 20
7188, 20
7189, 20
7190, 20
7191, 20
7192, 20
7193, 20
7194, 19
7195, 20
7196, 20
7197, 20
7198, 20
7199, 20
7200, 20
7201, 23
7202, 24
7203, 22
7204, 22
7205, 23
7206, 19
7207, 24
7208, 22
7209, 22
7210, 22
7211, 22
7212, 21
7213, 23
7214, 24
7215, 29
7216, 28
7217, 28
7218, 17
7219, 17
7220, 22
7221, 22
7222, 23
7223, 21
7224, 21
7225, 24
7226, 27
7227, 27
7228, 31
7229, 31
7230, 21
7231, 20
7232, 21
7233, 20
7234, 19
7235, 20
7236, 20
7237, 20
7238, 20
7239, 18
7240, 18
7241, 18
7242, 13
7243, 13
7244, 14
7245, 14
7246, 13
7247, 20
7248, 21
7249, 21
7250, 21
7251, 21
7252, 23
7253, 23
7254, 22
7255, 22
7256, 22
7257, 21
7258, 21
7259, 21
7260, 22
7261, 21
7262, 21
7263, 27
7264, 27
7265, 27
7266, 25
7267, 26
7268, 24
7269, 25
7270, 18
7271, 18
7272, 21
7273, 15
7274, 20
7275, 20
7276, 20
7277, 24
7278, 24
7279, 25
7280, 26
7281, 21
7282, 19
7283, 22
7284, 17
7285, 17
7286, 18
7287, 18
7288, 18
7289, 12
7290, 20
7291, 20
7292, 13
7293, 19
7294, 17
7295, 17
7296, 15
7297, 18
7298, 18
7299, 21
7300, 21
7301, 21
7302, 15
7303, 14
7304, 17
7305, 22
7306, 22
7307, 11
7308, 13
7309, 13
7310, 12
7311, 19
7312, 21
7313, 19
7314, 16
7315, 16
7316, 16
7317, 20
7318, 19
7319, 19
7320, 20
7321, 21
7322, 16
7323, 16
7324, 16
7325, 16
7326, 17
7327, 20
7328, 25
7329, 19
7330, 18
7331, 18
7332, 20
7333, 20
7334, 19
7335, 20
7336, 19
7337, 19
7338, 19
7339, 18
7340, 19
7341, 19
7342, 19
7343, 18
7344, 16
7345, 11
7346, 11
7347, 10
7348, 10
7349, 10
7350, 10
7351, 10
7352, 15
7353, 15
7354, 14
7355, 14
7356, 13
7357, 13
7358, 19
7359, 19
7360, 15
7361, 22
7362, 14
7363, 17
7364, 17
7365, 17
7366, 19
7367, 18
7368, 18
7369, 21
7370, 21
7371, 21
7372, 23
7373, 23
7374, 21
7375, 21
7376, 17
7377, 21
7378, 21
7379, 18
7380, 17
7381, 20
7382, 22
7383, 22
7384, 22
7385, 22
7386, 21
7387, 21
7388, 18
7389, 19
7390, 15
7391, 12
7392, 17
7393, 20
7394, 18
7395, 18
7396, 18
7397, 19
7398, 24
7399, 26
7400, 24
7401, 27
7402, 25
7403, 19
7404, 19
7405, 17
7406, 15
7407, 15
7408, 15
7409, 24
7410, 18
7411, 16
7412, 22
7413, 26
7414, 26
7415, 27
7416, 27
7417, 21
7418, 22
7419, 21
7420, 28
7421, 20
7422, 20
7423, 18
7424, 20
7425, 14
7426, 24
7427, 26
7428, 25
7429, 22
7430, 22
7431, 23
7432, 22
7433, 22
7434, 22
7435, 22
7436, 14
7437, 14
7438, 15
7439, 15
7440, 15
7441, 15
7442, 16
7443, 16
7444, 15
7445, 15
7446, 14
7447, 25
7448, 25
7449, 27
7450, 26
7451, 26
7452, 18
7453, 18
7454, 18
7455, 17
7456, 19
7457, 21
7458, 21
7459, 25
7460, 25
7461, 17
7462, 25
7463, 28
7464, 29
7465, 28
7466, 28
7467, 28
7468, 20
7469, 18
7470, 18
7471, 18
7472, 18
7473, 17
7474, 17
7475, 17
7476, 13
7477, 13
7478, 20
7479, 21
7480, 22
7481, 22
7482, 18
7483, 18
7484, 16
7485, 22
7486, 23
7487, 21
7488, 16
7489, 16
7490, 17
7491, 17
7492, 27
7493, 15
7494, 15
7495, 15
7496, 14
7497, 14
7498, 15
7499, 19
7500, 21
7501, 19
7502, 18
7503, 19
7504, 22
7505, 22
7506, 17
7507, 14
7508, 18
7509, 18
7510, 18
7511, 26
7512, 25
7513, 26
7514, 25
7515, 26
7516, 28
7517, 28
7518, 16
7519, 28
7520, 28
7521, 29
7522, 29
7523, 22
7524, 21
7525, 23
7526, 23
7527, 23
7528, 22
7529, 21
7530, 16
7531, 14
7532, 23
7533, 23
7534, 24
7535, 20
7536, 25
7537, 29
7538, 18
7539, 18
7540, 18
7541, 19
7542, 16
7543, 16
7544, 17
7545, 18
7546, 19
7547, 13
7548, 14
7549, 13
7550, 22
7551, 22
7552, 25
7553, 19
7554, 29
7555, 29
7556, 18
7557, 16
7558, 18
7559, 17
7560, 16
7561, 20
7562, 14
7563, 14
7564, 12
7565, 12
7566, 12
7567, 15
7568, 20
7569, 20
7570, 19
7571, 24
7572, 23
7573, 17
7574, 17
7575, 17
7576, 17
7577, 17
7578, 24
7579, 22
7580, 21
7581, 27
7582, 26
7583, 26
7584, 21
7585, 18
7586, 21
7587, 21
7588, 21
7589, 19
7590, 24
7591, 24
7592, 24
7593, 19
7594, 22
7595, 16
7596, 27
7597, 27
7598, 20
7599, 19
7600, 22
7601, 24
7602, 25
7603, 27
7604, 25
7605, 22
7606, 24
7607, 20
7608, 20
7609, 17
7610, 22
7611, 22
7612, 21
7613, 20
7614, 20
7615, 17
7616, 17
7617, 17
7618, 30
7619, 25
7620, 25
7621, 24
7622, 23
7623, 21
7624, 14
7625, 14
7626, 14
7627, 19
7628, 19
7629, 19
7630, 22
7631, 22
7632, 21
7633, 21
7634, 21
7635, 20
7636, 17
7637, 17
7638, 14
7639, 15
7640, 20
7641, 20
7642, 19
7643, 16
7644, 15
7645, 15
7646, 15
7647, 15
7648, 24
7649, 25
7650, 20
7651, 21
7652, 21
7653, 18
7654, 16
7655, 17
7656, 16
7657, 17
7658, 15
7659, 15
7660, 15
7661, 15
7662, 16
7663, 16
7664, 17
7665, 18
7666, 18
7667, 32
7668, 24
7669, 24
7670, 24
7671, 23
7672, 22
7673, 22
7674, 22
7675, 22
7676, 19
7677, 20
7678, 19
7679, 19
7680, 19
7681, 12
7682, 13
7683, 13
7684, 13
7685, 19
7686, 19
7687, 19
7688, 18
7689, 19
7690, 15
7691, 25
7692, 23
7693, 19
7694, 21
7695, 19
7696, 19
7697, 19
7698, 20
7699, 21
7700, 18
7701, 18
7702, 18
7703, 14
7704, 18
7705, 18
7706, 27
7707, 17
7708, 26
7709, 20
7710, 20
7711, 18
7712, 18
7713, 20
7714, 20
7715, 17
7716, 17
7717, 15
7718, 16
7719, 15
7720, 16
7721, 14
7722, 19
7723, 18
7724, 18
7725, 19
7726, 19
7727, 15
7728, 20
7729, 20
7730, 21
7731, 21
7732, 25
7733, 25
7734, 31
7735, 26
7736, 26
7737, 26
7738, 17
7739, 16
7740, 16
7741, 16
7742, 20
7743, 22
7744, 29
7745, 29
7746, 25
7747, 24
7748, 14
7749, 14
7750, 14
7751, 15
7752, 14
7753, 14
7754, 14
7755, 14
7756, 13
7757, 18
7758, 18
7759, 17
7760, 17
7761, 19
7762, 18
7763, 18
7764, 17
7765, 17
7766, 16
7767, 16
7768, 17
7769, 21
7770, 21
7771, 24
7772, 24
7773, 24
7774, 25
7775, 26
7776, 26
7777, 25
7778, 26
7779, 26
7780, 27
7781, 26
7782, 27
7783, 32
7784, 24
7785, 29
7786, 28
7787, 25
7788, 22
7789, 22
7790, 24
7791, 27
7792, 27
7793, 27
7794, 24
7795, 26
7796, 22
7797, 22
7798, 27
7799, 21
7800, 12
7801, 17
7802, 16
7803, 11
7804, 12
7805, 13
7806, 13
7807, 13
7808, 22
7809, 22
7810, 22
7811, 23
7812, 23
7813, 21
7814, 21
7815, 20
7816, 20
7817, 24
7818, 23
7819, 24
7820, 24
7821, 21
7822, 21
7823, 21
7824, 13
7825, 13
7826, 12
7827, 13
7828, 15
7829, 14
7830, 16
7831, 16
7832, 16
7833, 16
7834, 20
7835, 13
7836, 14
7837, 14
7838, 13
7839, 13
7840, 13
7841, 22
7842, 22
7843, 22
7844, 24
7845, 26
7846, 26
7847, 29
7848, 28
7849, 22
7850, 17
7851, 24
7852, 25
7853, 23
7854, 26
7855, 22
7856, 22
7857, 22
7858, 22
7859, 21
7860, 25
7861, 16
7862, 17
7863, 17
7864, 15
7865, 15
7866, 23
7867, 23
7868, 18
7869, 17
7870, 21
7871, 21
7872, 21
7873, 21
7874, 22
7875, 22
7876, 23
7877, 23
7878, 25
7879, 25
7880, 25
7881, 25
7882, 25
7883, 20
7884, 19
7885, 27
7886, 26
7887, 27
7888, 18
7889, 18
7890, 17
7891, 14
7892, 19
7893, 19
7894, 19
7895, 19
7896, 19
7897, 20
7898, 20
7899, 20
7900, 21
7901, 24
7902, 25
7903, 23
7904, 23
7905, 27
7906, 27
7907, 26
7908, 26
7909, 30
7910, 27
7911, 27
7912, 27
7913, 27
7914, 27
7915, 23
7916, 23
7917, 23
7918, 23
7919, 23
7920, 23
7921, 22
7922, 25
7923, 20
7924, 17
7925, 21
7926, 21
7927, 22
7928, 24
7929, 24
7930, 23
7931, 19
7932, 17
7933, 9
7934, 9
7935, 9
7936, 13
7937, 13
7938, 10
7939, 10
7940, 16
7941, 16
7942, 16
7943, 16
7944, 16
7945, 32
7946, 18
7947, 18
7948, 22
7949, 16
7950, 17
7951, 16
7952, 16
7953, 17
7954, 17
7955, 17
7956, 26
7957, 26
7958, 19
7959, 19
7960, 17
7961, 20
7962, 20
7963, 10
7964, 17
7965, 17
7966, 17
7967, 23
7968, 18
7969, 15
7970, 17
7971, 20
7972, 24
7973, 25
7974, 26
7975, 26
7976, 27
7977, 26
7978, 26
7979, 21
7980, 19
7981, 20
7982, 19
7983, 14
7984, 27
7985, 22
7986, 21
7987, 20
7988, 19
7989, 19
7990, 19
7991, 20
7992, 19
7993, 20
7994, 20
7995, 20
7996, 20
7997, 23
7998, 23
7999, 28
8000, 27
8001, 27
8002, 27
8003, 27
8004, 27
8005, 27
8006, 27
8007, 27
8008, 18
8009, 22
8010, 21
8011, 21
8012, 21
8013, 20
8014, 16
8015, 23
8016, 24
8017, 26
8018, 26
8019, 26
8020, 21
8021, 25
8022, 25
8023, 29
8024, 26
8025, 22
8026, 22
8027, 22
8028, 20
8029, 20
8030, 18
8031, 18
8032, 18
8033, 19
8034, 21
8035, 32
8036, 32
8037, 32
8038, 21
8039, 24
8040, 25
8041, 24
8042, 24
8043, 25
8044, 25
8045, 24
8046, 23
8047, 23
8048, 20
8049, 23
8050, 21
8051, 21
8052, 23
8053, 23
8054, 29
8055, 19
8056, 19
8057, 17
8058, 16
8059, 16
8060, 20
8061, 17
8062, 18
8063, 18
8064, 20
8065, 20
8066, 19
8067, 19
8068, 19
8069, 25
8070, 20
8071, 20
8072, 23
8073, 24
8074, 23
8075, 23
8076, 24
8077, 18
8078, 18
8079, 17
8080, 21
8081, 19
8082, 20
8083, 19
8084, 19
8085, 15
8086, 15
8087, 15
8088, 17
8089, 21
8090, 21
8091, 20
8092, 20
8093, 20
8094, 20
8095, 22
8096, 16
8097, 16
8098, 17
8099, 21
8100, 16
8101, 17
8102, 19
8103, 19
8104, 27
8105, 29
8106, 29
8107, 28
8108, 18
8109, 18
8110, 16
8111, 16
8112, 16
8113, 16
8114, 20
8115, 20
8116, 21
8117, 21
8118, 22
8119, 15
8120, 26
8121, 25
8122, 23
8123, 23
8124, 19
8125, 20
8126, 15
8127, 16
8128, 16
8129, 16
8130, 16
8131, 19
8132, 17
8133, 17
8134, 23
8135, 25
8136, 25
8137, 28
8138, 27
8139, 17
8140, 17
8141, 17
8142, 14
8143, 14
8144, 14
8145, 15
8146, 15
8147, 18
8148, 23
8149, 23
8150, 13
8151, 16
8152, 20
8153, 22
8154, 21
8155, 18
8156, 16
8157, 17
8158, 22
8159, 18
8160, 18
8161, 19
8162, 19
8163, 19
8164, 19
8165, 23
8166, 27
8167, 24
8168, 19
8169, 15
8170, 15
8171, 21
8172, 21
8173, 19
8174, 17
8175, 17
8176, 17
8177, 18
8178, 18
8179, 17
8180, 17
8181, 14
8182, 14
8183, 14
8184, 14
8185, 15
8186, 16
8187, 16
8188, 16
8189, 16
8190, 19
8191, 17
8192, 28
8193, 28
8194, 23
8195, 23
8196, 26
8197, 24
8198, 29
8199, 18
8200, 26
8201, 26
8202, 22
8203, 21
8204, 17
8205, 18
8206, 23
8207, 22
8208, 22
8209, 21
8210, 20
8211, 19
8212, 19
8213, 18
8214, 18
8215, 19
8216, 19
8217, 19
8218, 15
8219, 20
8220, 19
8221, 26
8222, 25
8223, 12
8224, 13
8225, 17
8226, 17
8227, 17
8228, 17
8229, 16
8230, 16
8231, 16
8232, 17
8233, 19
8234, 19
8235, 19
8236, 21
8237, 17
8238, 12
8239, 12
8240, 13
8241, 13
8242, 13
8243, 17
8244, 17
8245, 17
8246, 19
8247, 19
8248, 20
8249, 18
8250, 18
8251, 22
8252, 30
8253, 30
8254, 30
8255, 30
8256, 19
8257, 20
8258, 21
8259, 21
8260, 21
8261, 20
8262, 20
8263, 20
8264, 19
8265, 19
8266, 28
8267, 28
8268, 29
8269, 28
8270, 29
8271, 29
8272, 16
8273, 16
8274, 26
8275, 11
8276, 18
8277, 24
8278, 24
8279, 21
8280, 23
8281, 24
8282, 24
8283, 23
8284, 19
8285, 18
8286, 20
8287, 20
8288, 21
8289, 22
8290, 22
8291, 23
8292, 22
8293, 22
8294, 27
8295, 17
8296, 22
8297, 19
8298, 19
8299, 18
8300, 23
8301, 19
8302, 19
8303, 19
8304, 24
8305, 25
8306, 20
8307, 20
8308, 20
8309, 16
8310, 14
8311, 13
8312, 26
8313, 22
8314, 21
8315, 21
8316, 21
8317, 16
8318, 15
8319, 16
8320, 17
8321, 18
8322, 17
8323, 17
8324, 15
8325, 20
8326, 20
8327, 15
8328, 18
8329, 21
8330, 21
8331, 18
8332, 18
8333, 17
8334, 17
8335, 17
8336, 17
8337, 19
8338, 19
8339, 21
8340, 19
8341, 15
8342, 15
8343, 16
8344, 22
8345, 21
8346, 21
8347, 23
8348, 23
8349, 23
8350, 18
8351, 17
8352, 14
8353, 15
8354, 17
8355, 21
8356, 15
8357, 14
8358, 16
8359, 21
8360, 22
8361, 24
8362, 23
8363, 21
8364, 22
8365, 22
8366, 23
8367, 27
8368, 26
8369, 26
8370, 23
8371, 21
8372, 20
8373, 29
8374, 14
8375, 14
8376, 14
8377, 14
8378, 15
8379, 29
8380, 29
8381, 29
8382, 29
8383, 21
8384, 22
8385, 22
8386, 19
8387, 21
8388, 21
8389, 21
8390, 21
8391, 25
8392, 21
8393, 21
8394, 23
8395, 22
8396, 23
8397, 23
8398, 25
8399, 25
8400, 25
8401, 25
8402, 30
8403, 30
8404, 31
8405, 30
8406, 25
8407, 26
8408, 26
8409, 27
8410, 23
8411, 23
8412, 25
8413, 28
8414, 29
8415, 28
8416, 28
8417, 28
8418, 27
8419, 27
8420, 17
8421, 16
8422, 15
8423, 16
8424, 20
8425, 20
8426, 20
8427, 20
8428, 20
8429, 22
8430, 22
8431, 22
8432, 24
8433, 24
8434, 25
8435, 25
8436, 20
8437, 20
8438, 18
8439, 18
8440, 25
8441, 26
8442, 26
8443, 27
8444, 36
8445, 25
8446, 25
8447, 25
8448, 25
8449, 25
8450, 22
8451, 22
8452, 22
8453, 22
8454, 25
8455, 14
8456, 16
8457, 16
8458, 16
8459, 15
8460, 13
8461, 14
8462, 20
8463, 20
8464, 19
8465, 19
8466, 13
8467, 18
8468, 13
8469, 13
8470, 18
8471, 16
8472, 23
8473, 23
8474, 15
8475, 16
8476, 16
8477, 17
8478, 15
8479, 13
8480, 13
8481, 13
8482, 13
8483, 13
8484, 14
8485, 14
8486, 19
8487, 22
8488, 21
8489, 18
8490, 19
8491, 19
8492, 21
8493, 22
8494, 25
8495, 26
8496, 25
8497, 24
8498, 23
8499, 23
8500, 23
8501, 24
8502, 24
8503, 24
8504, 24
8505, 24
8506, 23
8507, 18
8508, 16
8509, 13
8510, 19
8511, 19
8512, 16
8513, 20
8514, 23
8515, 24
8516, 24
8517, 24
8518, 25
8519, 26
8520, 18
8521, 20
8522, 27
8523, 28
8524, 28
8525, 21
8526, 21
8527, 22
8528, 21
8529, 23
8530, 22
8531, 22
8532, 22
8533, 22
8534, 22
8535, 24
8536, 21
8537, 21
8538, 21
8539, 17
8540, 16
8541, 15
8542, 16
8543, 18
8544, 11
8545, 18
8546, 15
8547, 15
8548, 15
8549, 17
8550, 16
8551, 13
8552, 14
8553, 15
8554, 16
8555, 16
8556, 28
8557, 20
8558, 21
8559, 20
8560, 18
8561, 18
8562, 14
8563, 14
8564, 22
8565, 22
8566, 22
8567, 14
8568, 14
8569, 14
8570, 15
8571, 15
8572, 20
8573, 23
8574, 20
8575, 22
8576, 17
8577, 19
8578, 33
8579, 33
8580, 32
8581, 27
8582, 17
8583, 21
8584, 21
8585, 22
8586, 14
8587, 14
8588, 14
8589, 14
8590, 14
8591, 15
8592, 20
8593, 20
8594, 22
8595, 20
8596, 17
8597, 20
8598, 20
8599, 17
8600, 17
8601, 18
8602, 26
8603, 28
8604, 28
8605, 38
8606, 27
8607, 27
8608, 21
8609, 15
8610, 17
8611, 17
8612, 16
8613, 16
8614, 22
8615, 22
8616, 22
8617, 19
8618, 19
8619, 19
8620, 19
8621, 20
8622, 21
8623, 25
8624, 22
8625, 23
8626, 22
8627, 21
8628, 19
8629, 22
8630, 21
8631, 23
8632, 23
8633, 23
8634, 20
8635, 19
8636, 18
8637, 27
8638, 23
8639, 21
8640, 21
8641, 25
8642, 18
8643, 19
8644, 15
8645, 17
8646, 27
8647, 26
8648, 26
8649, 23
8650, 32
8651, 32
8652, 32
8653, 28
8654, 28
8655, 31
8656, 34
8657, 23
8658, 21
8659, 21
8660, 15
8661, 15
8662, 17
8663, 22
8664, 27
8665, 26
8666, 15
8667, 10
8668, 17
8669, 16
8670, 23
8671, 26
8672, 26
8673, 21
8674, 20
8675, 12
8676, 17
8677, 17
8678, 16
8679, 10
8680, 10
8681, 10
8682, 10
8683, 22
8684, 22
8685, 22
8686, 22
8687, 24
8688, 21
8689, 18
8690, 16
8691, 17
8692, 17
8693, 17
8694, 17
8695, 18
8696, 21
8697, 24
8698, 19
8699, 31
8700, 31
8701, 21
8702, 22
8703, 22
8704, 21
8705, 21
8706, 22
8707, 22
8708, 22
8709, 19
8710, 24
8711, 23
8712, 22
8713, 22
8714, 23
8715, 23
8716, 20
8717, 20
8718, 20
8719, 17
8720, 16
8721, 16
8722, 21
8723, 22
8724, 20
8725, 19
8726, 17
8727, 17
8728, 19
8729, 24
8730, 16
8731, 22
8732, 21
8733, 21
8734, 21
8735, 20
8736, 22
8737, 21
8738, 21
8739, 21
8740, 28
8741, 30
8742, 20
8743, 20
8744, 19
8745, 26
8746, 24
8747, 24
8748, 23
8749, 22
8750, 22
8751, 28
8752, 28
8753, 27
8754, 27
8755, 16
8756, 21
8757, 21
8758, 22
8759, 21
8760, 21
8761, 21
8762, 15
8763, 16
8764, 21
8765, 21
8766, 23
8767, 22
8768, 23
8769, 18
8770, 18
8771, 18
8772, 18
8773, 18
8774, 18
8775, 25
8776, 21
8777, 21
8778, 22
8779, 20
8780, 21
8781, 19
8782, 19
8783, 21
8784, 21
8785, 21
8786, 19
8787, 19
8788, 19
8789, 19
8790, 18
8791, 18
8792, 17
8793, 22
8794, 25
8795, 24
8796, 22
8797, 22
8798, 22
8799, 24
8800, 23
8801, 23
8802, 19
8803, 19
8804, 19
8805, 18
8806, 21
8807, 25
8808, 25
8809, 24
8810, 24
8811, 23
8812, 20
8813, 21
8814, 22
8815, 23
8816, 31
8817, 28
8818, 26
8819, 22
8820, 18
8821, 15
8822, 15
8823, 14
8824, 13
8825, 13
8826, 18
8827, 19
8828, 26
8829, 26
8830, 27
8831, 27
8832, 27
8833, 27
8834, 19
8835, 19
8836, 14
8837, 14
8838, 14
8839, 15
8840, 15
8841, 19
8842, 19
8843, 14
8844, 14
8845, 22
8846, 23
8847, 23
8848, 24
8849, 23
8850, 22
8851, 22
8852, 23
8853, 23
8854, 23
8855, 15
8856, 20
8857, 20
8858, 20
8859, 19
8860, 18
8861, 12
8862, 12
8863, 17
8864, 17
8865, 14
8866, 18
8867, 21
8868, 20
8869, 29
8870, 30
8871, 31
8872, 26
8873, 22
8874, 21
8875, 23
8876, 23
8877, 23
8878, 20
8879, 20
8880, 23
8881, 24
8882, 22
8883, 22
8884, 23
8885, 23
8886, 22
8887, 21
8888, 26
8889, 23
8890, 25
8891, 22
8892, 21
8893, 21
8894, 21
8895, 14
8896, 14
8897, 13
8898, 13
8899, 21
8900, 23
8901, 21
8902, 25
8903, 28
8904, 22
8905, 22
8906, 26
8907, 23
8908, 22
8909, 22
8910, 23
8911, 18
8912, 16
8913, 16
8914, 15
8915, 16
8916, 26
8917, 18
8918, 22
8919, 30
8920, 30
8921, 20
8922, 27
8923, 28
8924, 25
8925, 29
8926, 29
8927, 28
8928, 14
8929, 14
8930, 14
8931, 14
8932, 14
8933, 15
8934, 17
8935, 21
8936, 21
8937, 20
8938, 20
8939, 23
8940, 25
8941, 25
8942, 28
8943, 22
8944, 16
8945, 16
8946, 22
8947, 23
8948, 18
8949, 19
8950, 20
8951, 20
8952, 19
8953, 17
8954, 17
8955, 16
8956, 16
8957, 17
8958, 17
8959, 26
8960, 22
8961, 21
8962, 21
8963, 22
8964, 22
8965, 21
8966, 21
8967, 21
8968, 21
8969, 21
8970, 34
8971, 34
8972, 33
8973, 33
8974, 24
8975, 24
8976, 20
8977, 20
8978, 20
8979, 21
8980, 25
8981, 15
8982, 15
8983, 24
8984, 29
8985, 19
8986, 19
8987, 17
8988, 18
8989, 18
8990, 19
8991, 19
8992, 24
8993, 24
8994, 24
8995, 19
8996, 19
8997, 26
8998, 19
8999, 19
9000, 17
9001, 10
9002, 9
9003, 9
9004, 17
9005, 16
9006, 19
9007, 18
9008, 25
9009, 25
9010, 25
9011, 21
9012, 21
9013, 21
9014, 21
9015, 22
9016, 22
9017, 23
9018, 22
9019, 22
9020, 25
9021, 28
9022, 28
9023, 19
9024, 18
9025, 18
9026, 17
9027, 17
9028, 16
9029, 16
9030, 16
9031, 17
9032, 17
9033, 16
9034, 21
9035, 20
9036, 20
9037, 20
9038, 13
9039, 14
9040, 14
9041, 17
9042, 24
9043, 24
9044, 22
9045, 22
9046, 22
9047, 25
9048, 25
9049, 31
9050, 30
9051, 23
9052, 24
9053, 24
9054, 21
9055, 22
9056, 22
9057, 16
9058, 24
9059, 24
9060, 24
9061, 24
9062, 25
9063, 30
9064, 31
9065, 30
9066, 32
9067, 32
9068, 25
9069, 25
9070, 25
9071, 24
9072, 23
9073, 21
9074, 32
9075, 25
9076, 13
9077, 14
9078, 21
9079, 16
9080, 16
9081, 21
9082, 23
9083, 23
9084, 24
9085, 26
9086, 19
9087, 14
9088, 13
9089, 16
9090, 18
9091, 18
9092, 21
9093, 21
9094, 21
9095, 21
9096, 21
9097, 11
9098, 11
9099, 26
9100, 25
9101, 23
9102, 23
9103, 24
9104, 23
9105, 19
9106, 19
9107, 19
9108, 19
9109, 25
9110, 23
9111, 24
9112, 25
9113, 26
9114, 20
9115, 21
9116, 21
9117, 27
9118, 28
9119, 23
9120, 26
9121, 25
9122, 25
9123, 25
9124, 29
9125, 30
9126, 29
9127, 29
9128, 29
9129, 29
9130, 29
9131, 29
9132, 29
9133, 25
9134, 29
9135, 31
9136, 25
9137, 25
9138, 25
9139, 25
9140, 28
9141, 28
9142, 14
9143, 14
9144, 14
9145, 16
9146, 16
9147, 16
9148, 15
9149, 23
9150, 29
9151, 22
9152, 23
9153, 24
9154, 20
9155, 31
9156, 27
9157, 27
9158, 27
9159, 21
9160, 22
9161, 22
9162, 18
9163, 22
9164, 21
9165, 21
9166, 20
9167, 18
9168, 17
9169, 17
9170, 15
9171, 22
9172, 23
9173, 26
9174, 26
9175, 26
9176, 23
9177, 22
9178, 23
9179, 23
9180, 23
9181, 17
9182, 27
9183, 20
9184, 20
9185, 20
9186, 20
9187, 26
9188, 27
9189, 27
9190, 29
9191, 23
9192, 23
9193, 16
9194, 24
9195, 24
9196, 19
9197, 18
9198, 21
9199, 20
9200, 31
9201, 19
9202, 21
9203, 19
9204, 26
9205, 25
9206, 19
9207, 22
9208, 32
9209, 17
9210, 16
9211, 16
9212, 24
9213, 20
9214, 19
9215, 20
9216, 18
9217, 23
9218, 23
9219, 22
9220, 22
9221, 23
9222, 23
9223, 25
9224, 35
9225, 21
9226, 21
9227, 27
9228, 27
9229, 26
9230, 16
9231, 18
9232, 16
9233, 16
9234, 16
9235, 21
9236, 25
9237, 22
9238, 21
9239, 21
9240, 26
9241, 27
9242, 16
9243, 21
9244, 28
9245, 18
9246, 24
9247, 23
9248, 26
9249, 26
9250, 26
9251, 24
9252, 24
9253, 24
9254, 20
9255, 20
9256, 19
9257, 19
9258, 19
9259, 19
9260, 17
9261, 21
9262, 19
9263, 19
9264, 14
9265, 14
9266, 26
9267, 25
9268, 27
9269, 17
9270, 22
9271, 22
9272, 22
9273, 25
9274, 19
9275, 13
9276, 13
9277, 24
9278, 24
9279, 24
9280, 25
9281, 27
9282, 28
9283, 27
9284, 26
9285, 27
9286, 22
9287, 23
9288, 21
9289, 23
9290, 22
9291, 21
9292, 22
9293, 21
9294, 21
9295, 23
9296, 21
9297, 21
9298, 24
9299, 15
9300, 16
9301, 23
9302, 23
9303, 22
9304, 27
9305, 28
9306, 28
9307, 20
9308, 19
9309, 17
9310, 25
9311, 21
9312, 19
9313, 24
9314, 15
9315, 15
9316, 15
9317, 15
9318, 15
9319, 15
9320, 15
9321, 16
9322, 21
9323, 21
9324, 20
9325, 17
9326, 17
9327, 20
9328, 20
9329, 23
9330, 23
9331, 23
9332, 23
9333, 22
9334, 17
9335, 27
9336, 27
9337, 27
9338, 27
9339, 27
9340, 27
9341, 15
9342, 16
9343, 16
9344, 13
9345, 13
9346, 13
9347, 14
9348, 13
9349, 16
9350, 12
9351, 12
9352, 12
9353, 13
9354, 13
9355, 24
9356, 24
9357, 24
9358, 24
9359, 23
9360, 23
9361, 23
9362, 23
9363, 32
9364, 21
9365, 24
9366, 15
9367, 19
9368, 19
9369, 19
9370, 18
9371, 18
9372, 16
9373, 15
9374, 13
9375, 13
9376, 16
9377, 13
9378, 18
9379, 21
9380, 15
9381, 18
9382, 18
9383, 13
9384, 14
9385, 15
9386, 16
9387, 17
9388, 13
9389, 13
9390, 13
9391, 19
9392, 23
9393, 20
9394, 25
9395, 24
9396, 23
9397, 23
9398, 18
9399, 13
9400, 13
9401, 16
9402, 16
9403, 16
9404, 17
9405, 30
9406, 29
9407, 30
9408, 30
9409, 31
9410, 32
9411, 25
9412, 25
9413, 26
9414, 23
9415, 19
9416, 19
9417, 19
9418, 20
9419, 20
9420, 20
9421, 20
9422, 20
9423, 17
9424, 20
9425, 20
9426, 17
9427, 17
9428, 17
9429, 17
9430, 16
9431, 17
9432, 17
9433, 16
9434, 15
9435, 27
9436, 27
9437, 26
9438, 26
9439, 17
9440, 17
9441, 17
9442, 14
9443, 17
9444, 16
9445, 14
9446, 11
9447, 16
9448, 16
9449, 13
9450, 17
9451, 16
9452, 16
9453, 17
9454, 17
9455, 17
9456, 17
9457, 17
9458, 17
9459, 18
9460, 30
9461, 32
9462, 32
9463, 25
9464, 24
9465, 21
9466, 21
9467, 26
9468, 28
9469, 25
9470, 25
9471, 26
9472, 26
9473, 22
9474, 22
9475, 22
9476, 22
9477, 22
9478, 24
9479, 24
9480, 20
9481, 21
9482, 21
9483, 21
9484, 21
9485, 21
9486, 20
9487, 18
9488, 23
9489, 27
9490, 28
9491, 28
9492, 28
9493, 28
9494, 15
9495, 14
9496, 16
9497, 16
9498, 16
9499, 17
9500, 14
9501, 14
9502, 14
9503, 15
9504, 13
9505, 13
9506, 13
9507, 17
9508, 11
9509, 12
9510, 14
9511, 21
9512, 19
9513, 19
9514, 19
9515, 21
9516, 21
9517, 21
9518, 21
9519, 21
9520, 24
9521, 24
9522, 24
9523, 17
9524, 20
9525, 20
9526, 22
9527, 18
9528, 14
9529, 15
9530, 15
9531, 18
9532, 18
9533, 18
9534, 17
9535, 16
9536, 16
9537, 21
9538, 22
9539, 22
9540, 22
9541, 18
9542, 18
9543, 26
9544, 26
9545, 22
9546, 22
9547, 22
9548, 22
9549, 21
9550, 21
9551, 22
9552, 22
9553, 24
9554, 24
9555, 18
9556, 23
9557, 19
9558, 19
9559, 15
9560, 18
9561, 18
9562, 18
9563, 18
9564, 20
9565, 20
9566, 21
9567, 13
9568, 21
9569, 8
9570, 8
9571, 11
9572, 15
9573, 16
9574, 17
9575, 17
9576, 14
9577, 17
9578, 21
9579, 21
9580, 20
9581, 23
9582, 24
9583, 30
9584, 20
9585, 22
9586, 22
9587, 20
9588, 26
9589, 27
9590, 27
9591, 29
9592, 29
9593, 29
9594, 34
9595, 34
9596, 27
9597, 19
9598, 23
9599, 16
9600, 23
9601, 21
9602, 18
9603, 18
9604, 16
9605, 17
9606, 17
9607, 22
9608, 24
9609, 19
9610, 19
9611, 19
9612, 22
9613, 21
9614, 18
9615, 24
9616, 24
9617, 24
9618, 23
9619, 22
9620, 22
9621, 17
9622, 16
9623, 24
9624, 23
9625, 23
9626, 19
9627, 19
9628, 19
9629, 19
9630, 23
9631, 23
9632, 23
9633, 23
9634, 32
9635, 21
9636, 23
9637, 23
9638, 24
9639, 24
9640, 24
9641, 24
9642, 24
9643, 24
9644, 24
9645, 30
9646, 24
9647, 26
9648, 25
9649, 27
9650, 26
9651, 26
9652, 26
9653, 25
9654, 24
9655, 23
9656, 23
9657, 27
9658, 26
9659, 23
9660, 23
9661, 23
9662, 22
9663, 21
9664, 22
9665, 24
9666, 21
9667, 19
9668, 20
9669, 21
9670, 26
9671, 28
9672, 24
9673, 24
9674, 24
9675, 25
9676, 23
9677, 18
9678, 19
9679, 23
9680, 21
9681, 20
9682, 17
9683, 19
9684, 16
9685, 16
9686, 23
9687, 23
9688, 20
9689, 19
9690, 18
9691, 18
9692, 20
9693, 21
9694, 20
9695, 18
9696, 18
9697, 16
9698, 19
9699, 20
9700, 23
9701, 23
9702, 22
9703, 23
9704, 22
9705, 23
9706, 20
9707, 19
9708, 21
9709, 19
9710, 14
9711, 15
9712, 15
9713, 25
9714, 25
9715, 29
9716, 30
9717, 29
9718, 12
9719, 14
9720, 14
9721, 14
9722, 14
9723, 22
9724, 26
9725, 24
9726, 16
9727, 26
9728, 26
9729, 26
9730, 31
9731, 31
9732, 30
9733, 31
9734, 30
9735, 30
9736, 28
9737, 28
9738, 27
9739, 32
9740, 24
9741, 28
9742, 18
9743, 15
9744, 20
9745, 19
9746, 19
9747, 19
9748, 15
9749, 15
9750, 22
9751, 15
9752, 16
9753, 16
9754, 16
9755, 20
9756, 19
9757, 20
9758, 22
9759, 20
9760, 22
9761, 22
9762, 32
9763, 32
9764, 32
9765, 32
9766, 27
9767, 27
9768, 27
9769, 33
9770, 15
9771, 19
9772, 19
9773, 24
9774, 25
9775, 25
9776, 21
9777, 27
9778, 27
9779, 26
9780, 22
9781, 22
9782, 14
9783, 18
9784, 19
9785, 18
9786, 18
9787, 18
9788, 21
9789, 26
9790, 25
9791, 23
9792, 27
9793, 22
9794, 21
9795, 20
9796, 20
9797, 24
9798, 24
9799, 24
9800, 24
9801, 24
9802, 24
9803, 25
9804, 25
9805, 26
9806, 26
9807, 12
9808, 12
9809, 13
9810, 13
9811, 13
9812, 13
9813, 12
9814, 15
9815, 15
9816, 15
9817, 15
9818, 23
9819, 19
9820, 18
9821, 27
9822, 23
9823, 22
9824, 22
9825, 20
9826, 20
9827, 19
9828, 19
9829, 18
9830, 14
9831, 14
9832, 14
9833, 13
9834, 16
9835, 20
9836, 16
9837, 17
9838, 19
9839, 19
9840, 18
9841, 17
9842, 23
9843, 14
9844, 15
9845, 15
9846, 15
9847, 16
9848, 16
9849, 19
9850, 12
9851, 13
9852, 13
9853, 15
9854, 13
9855, 17
9856, 18
9857, 21
9858, 21
9859, 21
9860, 21
9861, 20
9862, 23
9863, 23
9864, 27
9865, 27
9866, 18
9867, 18
9868, 26
9869, 26
9870, 19
9871, 19
9872, 15
9873, 14
9874, 13
9875, 14
9876, 20
9877, 20
9878, 20
9879, 21
9880, 21
9881, 26
9882, 28
9883, 28
9884, 28
9885, 25
9886, 16
9887, 15
9888, 15
9889, 17
9890, 15
9891, 13
9892, 13
9893, 13
9894, 13
9895, 13
9896, 15
9897, 19
9898, 19
9899, 17
9900, 20
9901, 18
9902, 26
9903, 26
9904, 20
9905, 27
9906, 19
9907, 13
9908, 18
9909, 22
9910, 22
9911, 23
9912, 23
9913, 23
9914, 30
9915, 32
9916, 32
9917, 26
9918, 24
9919, 28
9920, 26
9921, 26
9922, 26
9923, 25
9924, 27
9925, 28
9926, 27
9927, 27
9928, 28
9929, 23
9930, 25
9931, 24
9932, 23
9933, 18
9934, 18
9935, 16
9936, 18
9937, 13
9938, 20
9939, 20
9940, 18
9941, 15
9942, 16
9943, 14
9944, 14
9945, 20
9946, 20
9947, 21
9948, 23
9949, 22
9950, 29
9951, 29
9952, 26
9953, 30
9954, 23
9955, 23
9956, 23
9957, 23
9958, 23
9959, 19
9960, 21
9961, 21
9962, 21
9963, 24
9964, 25
9965, 25
9966, 23
9967, 23
9968, 21
9969, 20
9970, 21
9971, 19
9972, 23
9973, 23
9974, 17
9975, 17
9976, 17
9977, 19
9978, 19
9979, 20
9980, 31
9981, 27
9982, 25
9983, 29
9984, 27
9985, 20
9986, 20
9987, 30
9988, 27
9989, 25
9990, 25
9991, 24
9992, 21
9993, 20
9994, 20
9995, 17
9996, 17
9997, 23
9998, 23
9999, 26
10000, 27
10001, 27
