iter, nrecombs
0, 12
1, 14
2, 13
3, 7
4, 11
5, 10
6, 10
7, 6
8, 10
9, 11
10, 12
11, 8
12, 11
13, 14
14, 10
15, 7
16, 9
17, 10
18, 13
19, 14
20, 9
21, 14
22, 12
23, 9
24, 6
25, 10
26, 7
27, 20
28, 18
29, 20
30, 19
31, 13
32, 13
33, 8
34, 11
35, 8
36, 28
37, 13
38, 17
39, 22
40, 11
41, 18
42, 12
43, 21
44, 18
45, 19
46, 7
47, 21
48, 19
49, 11
50, 19
51, 17
52, 22
53, 12
54, 19
55, 14
56, 15
57, 15
58, 12
59, 12
60, 21
61, 14
62, 20
63, 24
64, 21
65, 11
66, 22
67, 10
68, 14
69, 15
70, 12
71, 19
72, 12
73, 12
74, 19
75, 16
76, 12
77, 12
78, 11
79, 15
80, 18
81, 19
82, 11
83, 11
84, 11
85, 17
86, 11
87, 11
88, 19
89, 16
90, 11
91, 22
92, 12
93, 14
94, 9
95, 21
96, 12
97, 12
98, 17
99, 13
100, 24
101, 13
102, 16
103, 14
104, 15
105, 14
106, 11
107, 12
108, 22
109, 17
110, 18
111, 21
112, 12
113, 14
114, 13
115, 15
116, 26
117, 12
118, 18
119, 21
120, 11
121, 12
122, 20
123, 18
124, 24
125, 17
126, 16
127, 14
128, 15
129, 21
130, 19
131, 12
132, 10
133, 22
134, 17
135, 14
136, 9
137, 17
138, 20
139, 24
140, 11
141, 17
142, 7
143, 26
144, 12
145, 16
146, 26
147, 19
148, 19
149, 16
150, 20
151, 18
152, 17
153, 19
154, 22
155, 18
156, 20
157, 14
158, 11
159, 17
160, 11
161, 19
162, 25
163, 15
164, 8
165, 20
166, 18
167, 25
168, 26
169, 21
170, 9
171, 26
172, 20
173, 15
174, 20
175, 22
176, 8
177, 20
178, 8
179, 22
180, 20
181, 17
182, 8
183, 26
184, 20
185, 18
186, 16
187, 30
188, 19
189, 16
190, 23
191, 12
192, 20
193, 18
194, 17
195, 24
196, 18
197, 23
198, 20
199, 22
200, 24
201, 13
202, 25
203, 25
204, 30
205, 16
206, 22
207, 18
208, 12
209, 18
210, 19
211, 18
212, 20
213, 29
214, 21
215, 26
216, 18
217, 17
218, 26
219, 17
220, 16
221, 23
222, 20
223, 23
224, 28
225, 23
226, 12
227, 22
228, 17
229, 16
230, 16
231, 17
232, 16
233, 28
234, 16
235, 17
236, 28
237, 17
238, 12
239, 20
240, 12
241, 16
242, 38
243, 28
244, 15
245, 21
246, 29
247, 13
248, 18
249, 17
250, 17
251, 18
252, 25
253, 22
254, 24
255, 16
256, 15
257, 17
258, 25
259, 16
260, 15
261, 25
262, 13
263, 15
264, 25
265, 18
266, 12
267, 14
268, 15
269, 24
270, 16
271, 17
272, 15
273, 14
274, 16
275, 22
276, 21
277, 24
278, 17
279, 15
280, 26
281, 27
282, 25
283, 25
284, 13
285, 23
286, 19
287, 19
288, 23
289, 17
290, 15
291, 20
292, 12
293, 21
294, 15
295, 17
296, 16
297, 17
298, 21
299, 14
300, 13
301, 21
302, 25
303, 20
304, 28
305, 22
306, 12
307, 22
308, 13
309, 19
310, 12
311, 19
312, 14
313, 19
314, 22
315, 12
316, 23
317, 17
318, 17
319, 18
320, 12
321, 22
322, 26
323, 20
324, 11
325, 17
326, 21
327, 17
328, 33
329, 19
330, 21
331, 29
332, 13
333, 28
334, 33
335, 17
336, 21
337, 27
338, 15
339, 17
340, 22
341, 14
342, 20
343, 22
344, 20
345, 16
346, 12
347, 26
348, 12
349, 20
350, 13
351, 19
352, 22
353, 17
354, 22
355, 18
356, 11
357, 28
358, 14
359, 16
360, 31
361, 19
362, 23
363, 18
364, 22
365, 15
366, 23
367, 20
368, 23
369, 20
370, 22
371, 18
372, 22
373, 20
374, 12
375, 16
376, 21
377, 17
378, 13
379, 21
380, 20
381, 18
382, 25
383, 18
384, 23
385, 20
386, 21
387, 15
388, 20
389, 17
390, 28
391, 17
392, 19
393, 20
394, 29
395, 19
396, 9
397, 16
398, 25
399, 14
400, 30
401, 16
402, 13
403, 17
404, 14
405, 16
406, 14
407, 25
408, 23
409, 17
410, 24
411, 20
412, 14
413, 25
414, 16
415, 29
416, 18
417, 17
418, 18
419, 24
420, 14
421, 19
422, 25
423, 19
424, 25
425, 19
426, 25
427, 18
428, 15
429, 19
430, 27
431, 12
432, 18
433, 23
434, 14
435, 18
436, 22
437, 23
438, 17
439, 20
440, 11
441, 19
442, 19
443, 20
444, 11
445, 18
446, 23
447, 24
448, 15
449, 25
450, 11
451, 22
452, 11
453, 21
454, 24
455, 22
456, 24
457, 21
458, 19
459, 20
460, 20
461, 20
462, 14
463, 20
464, 20
465, 13
466, 23
467, 20
468, 23
469, 21
470, 22
471, 20
472, 22
473, 18
474, 29
475, 27
476, 12
477, 21
478, 27
479, 23
480, 22
481, 25
482, 28
483, 19
484, 17
485, 21
486, 28
487, 19
488, 17
489, 19
490, 12
491, 18
492, 30
493, 19
494, 22
495, 18
496, 26
497, 19
498, 28
499, 10
500, 21
501, 18
502, 27
503, 24
504, 34
505, 11
506, 17
507, 11
508, 23
509, 27
510, 10
511, 25
512, 35
513, 16
514, 26
515, 23
516, 23
517, 23
518, 24
519, 20
520, 24
521, 21
522, 21
523, 22
524, 22
525, 16
526, 19
527, 26
528, 25
529, 21
530, 24
531, 26
532, 12
533, 26
534, 28
535, 27
536, 28
537, 12
538, 23
539, 26
540, 13
541, 20
542, 13
543, 14
544, 26
545, 25
546, 12
547, 15
548, 27
549, 15
550, 27
551, 15
552, 20
553, 16
554, 18
555, 18
556, 19
557, 28
558, 25
559, 26
560, 22
561, 35
562, 24
563, 18
564, 32
565, 18
566, 27
567, 26
568, 21
569, 20
570, 19
571, 20
572, 26
573, 25
574, 27
575, 33
576, 26
577, 17
578, 27
579, 17
580, 23
581, 23
582, 22
583, 31
584, 21
585, 30
586, 18
587, 30
588, 21
589, 23
590, 24
591, 26
592, 25
593, 29
594, 22
595, 22
596, 18
597, 20
598, 22
599, 28
600, 18
601, 30
602, 16
603, 31
604, 22
605, 17
606, 26
607, 30
608, 18
609, 30
610, 19
611, 22
612, 24
613, 13
614, 22
615, 13
616, 17
617, 22
618, 27
619, 24
620, 27
621, 24
622, 27
623, 19
624, 17
625, 23
626, 26
627, 24
628, 24
629, 28
630, 25
631, 25
632, 18
633, 24
634, 24
635, 24
636, 17
637, 23
638, 25
639, 15
640, 25
641, 23
642, 16
643, 21
644, 17
645, 21
646, 26
647, 22
648, 25
649, 24
650, 18
651, 25
652, 27
653, 27
654, 16
655, 22
656, 17
657, 21
658, 22
659, 26
660, 26
661, 21
662, 27
663, 27
664, 18
665, 21
666, 29
667, 21
668, 18
669, 22
670, 18
671, 27
672, 16
673, 20
674, 27
675, 21
676, 15
677, 16
678, 14
679, 18
680, 26
681, 18
682, 28
683, 18
684, 17
685, 27
686, 18
687, 23
688, 11
689, 23
690, 18
691, 17
692, 27
693, 21
694, 19
695, 23
696, 16
697, 21
698, 15
699, 25
700, 15
701, 25
702, 26
703, 23
704, 11
705, 23
706, 19
707, 25
708, 15
709, 25
710, 11
711, 20
712, 14
713, 22
714, 25
715, 20
716, 25
717, 21
718, 27
719, 21
720, 31
721, 26
722, 20
723, 24
724, 12
725, 25
726, 23
727, 22
728, 13
729, 25
730, 14
731, 28
732, 15
733, 22
734, 14
735, 24
736, 14
737, 26
738, 17
739, 24
740, 24
741, 27
742, 23
743, 23
744, 16
745, 23
746, 14
747, 21
748, 25
749, 27
750, 15
751, 27
752, 18
753, 26
754, 23
755, 20
756, 19
757, 27
758, 29
759, 26
760, 27
761, 30
762, 14
763, 19
764, 28
765, 32
766, 24
767, 28
768, 15
769, 18
770, 26
771, 22
772, 34
773, 18
774, 20
775, 28
776, 28
777, 29
778, 19
779, 25
780, 16
781, 18
782, 20
783, 19
784, 17
785, 34
786, 17
787, 16
788, 14
789, 19
790, 21
791, 19
792, 23
793, 18
794, 21
795, 21
796, 26
797, 18
798, 16
799, 30
800, 22
801, 18
802, 24
803, 25
804, 18
805, 25
806, 15
807, 18
808, 16
809, 20
810, 25
811, 25
812, 20
813, 38
814, 38
815, 18
816, 18
817, 25
818, 16
819, 25
820, 19
821, 26
822, 15
823, 17
824, 22
825, 16
826, 18
827, 26
828, 25
829, 18
830, 22
831, 35
832, 14
833, 29
834, 18
835, 35
836, 21
837, 24
838, 24
839, 29
840, 25
841, 19
842, 22
843, 20
844, 12
845, 28
846, 30
847, 26
848, 13
849, 31
850, 27
851, 14
852, 29
853, 19
854, 19
855, 28
856, 19
857, 19
858, 23
859, 19
860, 28
861, 19
862, 22
863, 20
864, 21
865, 17
866, 22
867, 28
868, 22
869, 18
870, 23
871, 29
872, 22
873, 31
874, 20
875, 39
876, 18
877, 21
878, 26
879, 21
880, 32
881, 26
882, 25
883, 23
884, 26
885, 21
886, 31
887, 31
888, 21
889, 27
890, 26
891, 18
892, 21
893, 30
894, 21
895, 27
896, 22
897, 25
898, 22
899, 28
900, 23
901, 26
902, 30
903, 19
904, 22
905, 30
906, 21
907, 24
908, 29
909, 20
910, 21
911, 21
912, 26
913, 20
914, 26
915, 21
916, 30
917, 23
918, 26
919, 18
920, 19
921, 18
922, 29
923, 28
924, 17
925, 19
926, 22
927, 19
928, 16
929, 20
930, 30
931, 20
932, 21
933, 27
934, 22
935, 25
936, 18
937, 26
938, 17
939, 29
940, 22
941, 20
942, 27
943, 24
944, 17
945, 28
946, 16
947, 28
948, 23
949, 29
950, 19
951, 20
952, 17
953, 26
954, 16
955, 16
956, 18
957, 22
958, 29
959, 16
960, 17
961, 23
962, 27
963, 17
964, 39
965, 17
966, 35
967, 21
968, 21
969, 19
970, 20
971, 19
972, 27
973, 25
974, 21
975, 24
976, 28
977, 16
978, 19
979, 16
980, 13
981, 26
982, 25
983, 19
984, 29
985, 29
986, 20
987, 19
988, 12
989, 34
990, 11
991, 23
992, 14
993, 21
994, 20
995, 27
996, 22
997, 20
998, 32
999, 18
1000, 30
1001, 16
1002, 17
1003, 21
1004, 17
1005, 26
1006, 18
1007, 18
1008, 29
1009, 19
1010, 12
1011, 22
1012, 22
1013, 27
1014, 17
1015, 21
1016, 14
1017, 20
1018, 14
1019, 34
1020, 29
1021, 19
1022, 15
1023, 22
1024, 23
1025, 20
1026, 31
1027, 28
1028, 20
1029, 37
1030, 20
1031, 13
1032, 21
1033, 24
1034, 24
1035, 45
1036, 28
1037, 22
1038, 23
1039, 17
1040, 26
1041, 19
1042, 18
1043, 22
1044, 24
1045, 34
1046, 23
1047, 26
1048, 31
1049, 22
1050, 18
1051, 14
1052, 18
1053, 11
1054, 18
1055, 26
1056, 21
1057, 19
1058, 34
1059, 21
1060, 20
1061, 19
1062, 36
1063, 12
1064, 22
1065, 21
1066, 24
1067, 23
1068, 18
1069, 24
1070, 37
1071, 15
1072, 21
1073, 30
1074, 22
1075, 12
1076, 19
1077, 20
1078, 21
1079, 26
1080, 32
1081, 30
1082, 22
1083, 25
1084, 22
1085, 33
1086, 24
1087, 23
1088, 18
1089, 17
1090, 21
1091, 28
1092, 24
1093, 20
1094, 19
1095, 20
1096, 19
1097, 14
1098, 22
1099, 25
1100, 20
1101, 25
1102, 20
1103, 23
1104, 19
1105, 32
1106, 21
1107, 12
1108, 26
1109, 22
1110, 22
1111, 23
1112, 26
1113, 21
1114, 23
1115, 39
1116, 24
1117, 27
1118, 25
1119, 20
1120, 22
1121, 17
1122, 21
1123, 23
1124, 20
1125, 24
1126, 23
1127, 20
1128, 23
1129, 17
1130, 24
1131, 22
1132, 20
1133, 18
1134, 20
1135, 36
1136, 20
1137, 24
1138, 19
1139, 21
1140, 28
1141, 20
1142, 18
1143, 23
1144, 21
1145, 28
1146, 18
1147, 23
1148, 21
1149, 26
1150, 19
1151, 15
1152, 19
1153, 19
1154, 21
1155, 15
1156, 24
1157, 19
1158, 19
1159, 19
1160, 18
1161, 21
1162, 19
1163, 25
1164, 27
1165, 25
1166, 20
1167, 27
1168, 16
1169, 24
1170, 27
1171, 23
1172, 19
1173, 40
1174, 25
1175, 23
1176, 19
1177, 24
1178, 23
1179, 21
1180, 18
1181, 17
1182, 28
1183, 23
1184, 19
1185, 24
1186, 19
1187, 29
1188, 19
1189, 20
1190, 14
1191, 15
1192, 20
1193, 20
1194, 17
1195, 23
1196, 22
1197, 20
1198, 20
1199, 17
1200, 13
1201, 28
1202, 20
1203, 24
1204, 21
1205, 23
1206, 21
1207, 21
1208, 19
1209, 19
1210, 20
1211, 31
1212, 12
1213, 20
1214, 32
1215, 22
1216, 21
1217, 25
1218, 11
1219, 25
1220, 11
1221, 27
1222, 11
1223, 20
1224, 22
1225, 24
1226, 12
1227, 18
1228, 17
1229, 32
1230, 17
1231, 32
1232, 20
1233, 28
1234, 20
1235, 33
1236, 25
1237, 34
1238, 26
1239, 26
1240, 13
1241, 22
1242, 20
1243, 33
1244, 22
1245, 18
1246, 22
1247, 18
1248, 26
1249, 16
1250, 23
1251, 26
1252, 23
1253, 26
1254, 27
1255, 22
1256, 20
1257, 19
1258, 27
1259, 20
1260, 20
1261, 20
1262, 31
1263, 20
1264, 22
1265, 22
1266, 21
1267, 26
1268, 21
1269, 18
1270, 21
1271, 29
1272, 19
1273, 19
1274, 32
1275, 16
1276, 32
1277, 23
1278, 27
1279, 20
1280, 21
1281, 29
1282, 21
1283, 20
1284, 19
1285, 22
1286, 28
1287, 34
1288, 26
1289, 21
1290, 20
1291, 18
1292, 29
1293, 24
1294, 26
1295, 25
1296, 27
1297, 24
1298, 24
1299, 19
1300, 30
1301, 25
1302, 20
1303, 20
1304, 22
1305, 21
1306, 29
1307, 24
1308, 18
1309, 26
1310, 31
1311, 24
1312, 27
1313, 19
1314, 23
1315, 17
1316, 26
1317, 18
1318, 16
1319, 21
1320, 22
1321, 21
1322, 17
1323, 19
1324, 23
1325, 21
1326, 29
1327, 27
1328, 26
1329, 24
1330, 21
1331, 26
1332, 29
1333, 22
1334, 24
1335, 15
1336, 14
1337, 14
1338, 27
1339, 23
1340, 20
1341, 21
1342, 16
1343, 22
1344, 18
1345, 25
1346, 26
1347, 22
1348, 22
1349, 25
1350, 24
1351, 27
1352, 24
1353, 19
1354, 26
1355, 19
1356, 25
1357, 19
1358, 22
1359, 28
1360, 19
1361, 23
1362, 26
1363, 24
1364, 16
1365, 27
1366, 28
1367, 23
1368, 16
1369, 26
1370, 17
1371, 23
1372, 15
1373, 27
1374, 16
1375, 20
1376, 15
1377, 27
1378, 24
1379, 22
1380, 23
1381, 18
1382, 14
1383, 25
1384, 26
1385, 18
1386, 26
1387, 29
1388, 14
1389, 24
1390, 25
1391, 22
1392, 18
1393, 22
1394, 13
1395, 26
1396, 29
1397, 21
1398, 17
1399, 25
1400, 18
1401, 25
1402, 16
1403, 26
1404, 18
1405, 24
1406, 24
1407, 32
1408, 23
1409, 23
1410, 23
1411, 14
1412, 24
1413, 24
1414, 23
1415, 31
1416, 18
1417, 20
1418, 24
1419, 20
1420, 21
1421, 20
1422, 18
1423, 30
1424, 20
1425, 24
1426, 19
1427, 31
1428, 22
1429, 29
1430, 29
1431, 14
1432, 24
1433, 19
1434, 29
1435, 26
1436, 31
1437, 24
1438, 11
1439, 26
1440, 16
1441, 26
1442, 21
1443, 20
1444, 29
1445, 24
1446, 22
1447, 28
1448, 26
1449, 25
1450, 13
1451, 21
1452, 13
1453, 22
1454, 17
1455, 22
1456, 16
1457, 22
1458, 21
1459, 32
1460, 22
1461, 22
1462, 26
1463, 34
1464, 24
1465, 28
1466, 14
1467, 21
1468, 23
1469, 25
1470, 23
1471, 19
1472, 14
1473, 24
1474, 25
1475, 29
1476, 32
1477, 21
1478, 25
1479, 24
1480, 15
1481, 31
1482, 22
1483, 31
1484, 26
1485, 28
1486, 31
1487, 21
1488, 30
1489, 20
1490, 20
1491, 24
1492, 21
1493, 27
1494, 29
1495, 23
1496, 22
1497, 31
1498, 27
1499, 23
1500, 22
1501, 29
1502, 29
1503, 24
1504, 22
1505, 30
1506, 16
1507, 23
1508, 22
1509, 29
1510, 22
1511, 28
1512, 23
1513, 23
1514, 18
1515, 24
1516, 20
1517, 28
1518, 25
1519, 25
1520, 17
1521, 27
1522, 23
1523, 25
1524, 19
1525, 32
1526, 20
1527, 20
1528, 22
1529, 23
1530, 28
1531, 24
1532, 16
1533, 28
1534, 17
1535, 23
1536, 25
1537, 22
1538, 18
1539, 28
1540, 25
1541, 21
1542, 21
1543, 23
1544, 21
1545, 21
1546, 18
1547, 33
1548, 30
1549, 22
1550, 34
1551, 21
1552, 15
1553, 29
1554, 28
1555, 21
1556, 15
1557, 24
1558, 15
1559, 26
1560, 31
1561, 34
1562, 19
1563, 22
1564, 26
1565, 34
1566, 14
1567, 18
1568, 24
1569, 18
1570, 31
1571, 26
1572, 14
1573, 21
1574, 18
1575, 23
1576, 27
1577, 16
1578, 30
1579, 29
1580, 27
1581, 32
1582, 21
1583, 17
1584, 22
1585, 22
1586, 13
1587, 19
1588, 25
1589, 21
1590, 21
1591, 22
1592, 26
1593, 22
1594, 13
1595, 25
1596, 29
1597, 26
1598, 24
1599, 16
1600, 22
1601, 17
1602, 20
1603, 25
1604, 28
1605, 28
1606, 25
1607, 18
1608, 12
1609, 20
1610, 13
1611, 18
1612, 11
1613, 28
1614, 24
1615, 19
1616, 31
1617, 17
1618, 11
1619, 22
1620, 11
1621, 32
1622, 27
1623, 31
1624, 11
1625, 22
1626, 11
1627, 22
1628, 11
1629, 23
1630, 27
1631, 22
1632, 21
1633, 16
1634, 13
1635, 15
1636, 21
1637, 16
1638, 34
1639, 15
1640, 13
1641, 15
1642, 14
1643, 18
1644, 15
1645, 15
1646, 22
1647, 14
1648, 32
1649, 23
1650, 17
1651, 19
1652, 17
1653, 24
1654, 26
1655, 21
1656, 23
1657, 15
1658, 26
1659, 15
1660, 13
1661, 28
1662, 20
1663, 21
1664, 24
1665, 17
1666, 28
1667, 29
1668, 29
1669, 29
1670, 24
1671, 23
1672, 18
1673, 22
1674, 26
1675, 24
1676, 18
1677, 24
1678, 21
1679, 24
1680, 23
1681, 23
1682, 22
1683, 17
1684, 26
1685, 24
1686, 31
1687, 21
1688, 30
1689, 26
1690, 15
1691, 32
1692, 22
1693, 32
1694, 19
1695, 22
1696, 22
1697, 26
1698, 17
1699, 34
1700, 21
1701, 25
1702, 15
1703, 16
1704, 21
1705, 15
1706, 15
1707, 22
1708, 23
1709, 18
1710, 19
1711, 20
1712, 23
1713, 21
1714, 17
1715, 21
1716, 18
1717, 18
1718, 19
1719, 13
1720, 19
1721, 29
1722, 27
1723, 23
1724, 17
1725, 18
1726, 23
1727, 18
1728, 29
1729, 15
1730, 19
1731, 18
1732, 22
1733, 23
1734, 16
1735, 23
1736, 22
1737, 20
1738, 21
1739, 26
1740, 28
1741, 20
1742, 22
1743, 21
1744, 17
1745, 27
1746, 27
1747, 22
1748, 19
1749, 26
1750, 22
1751, 19
1752, 24
1753, 23
1754, 19
1755, 21
1756, 20
1757, 27
1758, 17
1759, 22
1760, 20
1761, 23
1762, 15
1763, 27
1764, 19
1765, 27
1766, 22
1767, 24
1768, 17
1769, 26
1770, 23
1771, 18
1772, 23
1773, 26
1774, 22
1775, 25
1776, 19
1777, 26
1778, 19
1779, 17
1780, 21
1781, 21
1782, 20
1783, 21
1784, 21
1785, 21
1786, 19
1787, 21
1788, 20
1789, 20
1790, 19
1791, 27
1792, 27
1793, 19
1794, 19
1795, 21
1796, 23
1797, 21
1798, 23
1799, 24
1800, 18
1801, 16
1802, 19
1803, 23
1804, 18
1805, 21
1806, 17
1807, 23
1808, 24
1809, 21
1810, 20
1811, 29
1812, 19
1813, 23
1814, 17
1815, 24
1816, 18
1817, 20
1818, 23
1819, 23
1820, 24
1821, 20
1822, 22
1823, 21
1824, 20
1825, 22
1826, 15
1827, 20
1828, 21
1829, 20
1830, 23
1831, 19
1832, 18
1833, 19
1834, 20
1835, 19
1836, 23
1837, 19
1838, 19
1839, 27
1840, 24
1841, 26
1842, 19
1843, 21
1844, 23
1845, 21
1846, 23
1847, 28
1848, 20
1849, 22
1850, 19
1851, 21
1852, 19
1853, 27
1854, 19
1855, 19
1856, 15
1857, 27
1858, 18
1859, 21
1860, 27
1861, 25
1862, 17
1863, 26
1864, 23
1865, 19
1866, 20
1867, 16
1868, 24
1869, 17
1870, 28
1871, 16
1872, 21
1873, 21
1874, 22
1875, 16
1876, 21
1877, 17
1878, 23
1879, 17
1880, 20
1881, 15
1882, 16
1883, 22
1884, 23
1885, 30
1886, 20
1887, 19
1888, 22
1889, 13
1890, 19
1891, 13
1892, 22
1893, 24
1894, 22
1895, 20
1896, 23
1897, 14
1898, 22
1899, 25
1900, 16
1901, 21
1902, 24
1903, 25
1904, 18
1905, 20
1906, 17
1907, 22
1908, 20
1909, 19
1910, 16
1911, 20
1912, 16
1913, 22
1914, 18
1915, 23
1916, 17
1917, 20
1918, 19
1919, 22
1920, 17
1921, 21
1922, 15
1923, 15
1924, 19
1925, 14
1926, 16
1927, 18
1928, 20
1929, 31
1930, 25
1931, 26
1932, 19
1933, 18
1934, 16
1935, 19
1936, 19
1937, 23
1938, 23
1939, 23
1940, 19
1941, 18
1942, 19
1943, 18
1944, 17
1945, 30
1946, 13
1947, 19
1948, 27
1949, 22
1950, 18
1951, 17
1952, 18
1953, 35
1954, 15
1955, 24
1956, 26
1957, 19
1958, 18
1959, 21
1960, 23
1961, 19
1962, 17
1963, 21
1964, 18
1965, 18
1966, 19
1967, 24
1968, 15
1969, 22
1970, 16
1971, 30
1972, 21
1973, 19
1974, 15
1975, 15
1976, 14
1977, 17
1978, 20
1979, 22
1980, 17
1981, 19
1982, 19
1983, 24
1984, 17
1985, 16
1986, 18
1987, 20
1988, 23
1989, 15
1990, 27
1991, 29
1992, 14
1993, 17
1994, 19
1995, 18
1996, 17
1997, 18
1998, 17
1999, 18
2000, 24
2001, 29
2002, 19
2003, 24
2004, 19
2005, 24
2006, 18
2007, 23
2008, 18
2009, 24
2010, 27
2011, 23
2012, 19
2013, 18
2014, 30
2015, 22
2016, 24
2017, 30
2018, 19
2019, 19
2020, 20
2021, 19
2022, 19
2023, 20
2024, 21
2025, 24
2026, 17
2027, 17
2028, 17
2029, 18
2030, 30
2031, 20
2032, 18
2033, 19
2034, 28
2035, 23
2036, 25
2037, 20
2038, 24
2039, 19
2040, 19
2041, 22
2042, 20
2043, 19
2044, 19
2045, 17
2046, 19
2047, 23
2048, 24
2049, 18
2050, 24
2051, 16
2052, 17
2053, 22
2054, 19
2055, 18
2056, 25
2057, 24
2058, 17
2059, 25
2060, 20
2061, 24
2062, 23
2063, 24
2064, 30
2065, 26
2066, 18
2067, 25
2068, 18
2069, 24
2070, 18
2071, 20
2072, 18
2073, 17
2074, 23
2075, 28
2076, 25
2077, 26
2078, 16
2079, 27
2080, 17
2081, 19
2082, 25
2083, 21
2084, 25
2085, 19
2086, 23
2087, 20
2088, 21
2089, 20
2090, 30
2091, 18
2092, 24
2093, 27
2094, 21
2095, 16
2096, 23
2097, 19
2098, 22
2099, 17
2100, 19
2101, 15
2102, 18
2103, 16
2104, 23
2105, 22
2106, 17
2107, 21
2108, 24
2109, 23
2110, 19
2111, 20
2112, 17
2113, 17
2114, 24
2115, 15
2116, 17
2117, 26
2118, 30
2119, 21
2120, 19
2121, 17
2122, 24
2123, 19
2124, 24
2125, 24
2126, 19
2127, 27
2128, 31
2129, 24
2130, 21
2131, 28
2132, 19
2133, 24
2134, 16
2135, 24
2136, 27
2137, 23
2138, 15
2139, 28
2140, 15
2141, 20
2142, 22
2143, 24
2144, 22
2145, 31
2146, 23
2147, 29
2148, 18
2149, 21
2150, 28
2151, 25
2152, 24
2153, 18
2154, 19
2155, 28
2156, 24
2157, 22
2158, 19
2159, 21
2160, 18
2161, 25
2162, 17
2163, 25
2164, 21
2165, 21
2166, 30
2167, 14
2168, 20
2169, 22
2170, 25
2171, 25
2172, 20
2173, 25
2174, 20
2175, 28
2176, 16
2177, 23
2178, 19
2179, 10
2180, 12
2181, 33
2182, 35
2183, 22
2184, 27
2185, 20
2186, 20
2187, 20
2188, 23
2189, 24
2190, 12
2191, 15
2192, 19
2193, 22
2194, 22
2195, 30
2196, 21
2197, 15
2198, 13
2199, 15
2200, 17
2201, 25
2202, 22
2203, 23
2204, 18
2205, 23
2206, 22
2207, 33
2208, 12
2209, 21
2210, 23
2211, 25
2212, 37
2213, 16
2214, 23
2215, 26
2216, 22
2217, 19
2218, 25
2219, 16
2220, 24
2221, 17
2222, 20
2223, 25
2224, 20
2225, 26
2226, 26
2227, 17
2228, 15
2229, 20
2230, 22
2231, 18
2232, 34
2233, 23
2234, 30
2235, 25
2236, 17
2237, 19
2238, 16
2239, 17
2240, 25
2241, 15
2242, 15
2243, 15
2244, 26
2245, 24
2246, 20
2247, 24
2248, 25
2249, 14
2250, 26
2251, 16
2252, 20
2253, 16
2254, 21
2255, 22
2256, 23
2257, 22
2258, 22
2259, 22
2260, 18
2261, 24
2262, 28
2263, 23
2264, 25
2265, 13
2266, 25
2267, 24
2268, 20
2269, 15
2270, 12
2271, 16
2272, 22
2273, 21
2274, 23
2275, 16
2276, 25
2277, 20
2278, 17
2279, 27
2280, 26
2281, 24
2282, 26
2283, 18
2284, 31
2285, 27
2286, 20
2287, 15
2288, 21
2289, 16
2290, 22
2291, 22
2292, 18
2293, 20
2294, 18
2295, 25
2296, 24
2297, 18
2298, 12
2299, 23
2300, 12
2301, 22
2302, 26
2303, 30
2304, 19
2305, 22
2306, 22
2307, 18
2308, 24
2309, 20
2310, 19
2311, 26
2312, 23
2313, 34
2314, 27
2315, 15
2316, 22
2317, 22
2318, 22
2319, 21
2320, 30
2321, 26
2322, 25
2323, 24
2324, 21
2325, 19
2326, 25
2327, 15
2328, 26
2329, 14
2330, 25
2331, 23
2332, 23
2333, 20
2334, 29
2335, 20
2336, 21
2337, 20
2338, 17
2339, 22
2340, 27
2341, 21
2342, 35
2343, 23
2344, 29
2345, 16
2346, 28
2347, 22
2348, 20
2349, 18
2350, 29
2351, 25
2352, 18
2353, 17
2354, 20
2355, 28
2356, 21
2357, 19
2358, 29
2359, 19
2360, 21
2361, 30
2362, 28
2363, 31
2364, 22
2365, 14
2366, 24
2367, 20
2368, 21
2369, 17
2370, 22
2371, 14
2372, 30
2373, 17
2374, 21
2375, 17
2376, 21
2377, 23
2378, 20
2379, 17
2380, 24
2381, 20
2382, 24
2383, 28
2384, 31
2385, 29
2386, 23
2387, 29
2388, 29
2389, 26
2390, 21
2391, 24
2392, 20
2393, 29
2394, 20
2395, 17
2396, 23
2397, 18
2398, 26
2399, 20
2400, 22
2401, 19
2402, 30
2403, 19
2404, 28
2405, 22
2406, 18
2407, 20
2408, 29
2409, 19
2410, 16
2411, 21
2412, 22
2413, 25
2414, 25
2415, 22
2416, 27
2417, 29
2418, 23
2419, 23
2420, 20
2421, 35
2422, 21
2423, 20
2424, 16
2425, 22
2426, 21
2427, 20
2428, 22
2429, 20
2430, 22
2431, 20
2432, 24
2433, 20
2434, 29
2435, 25
2436, 20
2437, 20
2438, 21
2439, 18
2440, 23
2441, 19
2442, 19
2443, 25
2444, 31
2445, 21
2446, 28
2447, 18
2448, 20
2449, 17
2450, 27
2451, 26
2452, 24
2453, 18
2454, 23
2455, 25
2456, 23
2457, 19
2458, 23
2459, 18
2460, 14
2461, 18
2462, 20
2463, 23
2464, 26
2465, 32
2466, 26
2467, 25
2468, 21
2469, 19
2470, 18
2471, 27
2472, 28
2473, 15
2474, 26
2475, 16
2476, 27
2477, 21
2478, 27
2479, 16
2480, 19
2481, 26
2482, 23
2483, 20
2484, 28
2485, 30
2486, 23
2487, 20
2488, 30
2489, 23
2490, 17
2491, 23
2492, 19
2493, 27
2494, 23
2495, 23
2496, 15
2497, 19
2498, 15
2499, 33
2500, 30
2501, 20
2502, 15
2503, 15
2504, 33
2505, 21
2506, 32
2507, 23
2508, 22
2509, 31
2510, 18
2511, 17
2512, 21
2513, 19
2514, 21
2515, 21
2516, 24
2517, 18
2518, 28
2519, 21
2520, 23
2521, 17
2522, 28
2523, 23
2524, 17
2525, 28
2526, 24
2527, 23
2528, 27
2529, 29
2530, 15
2531, 18
2532, 23
2533, 13
2534, 26
2535, 28
2536, 30
2537, 14
2538, 14
2539, 28
2540, 14
2541, 19
2542, 15
2543, 14
2544, 25
2545, 22
2546, 16
2547, 23
2548, 21
2549, 26
2550, 24
2551, 9
2552, 13
2553, 24
2554, 13
2555, 18
2556, 13
2557, 21
2558, 26
2559, 30
2560, 29
2561, 21
2562, 25
2563, 18
2564, 25
2565, 7
2566, 21
2567, 25
2568, 18
2569, 8
2570, 26
2571, 19
2572, 31
2573, 18
2574, 26
2575, 10
2576, 22
2577, 21
2578, 31
2579, 22
2580, 21
2581, 11
2582, 16
2583, 20
2584, 25
2585, 19
2586, 23
2587, 28
2588, 19
2589, 12
2590, 17
2591, 18
2592, 21
2593, 12
2594, 20
2595, 27
2596, 35
2597, 30
2598, 17
2599, 21
2600, 20
2601, 19
2602, 17
2603, 20
2604, 17
2605, 20
2606, 24
2607, 17
2608, 18
2609, 16
2610, 18
2611, 24
2612, 18
2613, 13
2614, 18
2615, 17
2616, 23
2617, 17
2618, 19
2619, 27
2620, 19
2621, 23
2622, 33
2623, 17
2624, 16
2625, 21
2626, 34
2627, 19
2628, 16
2629, 16
2630, 19
2631, 19
2632, 29
2633, 19
2634, 15
2635, 20
2636, 23
2637, 18
2638, 34
2639, 16
2640, 28
2641, 30
2642, 36
2643, 21
2644, 29
2645, 26
2646, 13
2647, 19
2648, 21
2649, 19
2650, 33
2651, 19
2652, 17
2653, 20
2654, 22
2655, 28
2656, 22
2657, 17
2658, 19
2659, 20
2660, 32
2661, 21
2662, 23
2663, 17
2664, 18
2665, 22
2666, 26
2667, 16
2668, 18
2669, 20
2670, 19
2671, 25
2672, 19
2673, 17
2674, 19
2675, 28
2676, 19
2677, 20
2678, 21
2679, 24
2680, 20
2681, 17
2682, 20
2683, 21
2684, 20
2685, 27
2686, 23
2687, 15
2688, 18
2689, 15
2690, 23
2691, 32
2692, 29
2693, 26
2694, 21
2695, 32
2696, 19
2697, 17
2698, 18
2699, 16
2700, 23
2701, 18
2702, 17
2703, 16
2704, 23
2705, 24
2706, 23
2707, 19
2708, 22
2709, 17
2710, 21
2711, 19
2712, 26
2713, 19
2714, 24
2715, 28
2716, 19
2717, 15
2718, 33
2719, 20
2720, 22
2721, 24
2722, 19
2723, 24
2724, 31
2725, 24
2726, 20
2727, 20
2728, 30
2729, 27
2730, 18
2731, 18
2732, 20
2733, 28
2734, 19
2735, 28
2736, 28
2737, 24
2738, 15
2739, 23
2740, 15
2741, 13
2742, 20
2743, 22
2744, 15
2745, 28
2746, 16
2747, 27
2748, 22
2749, 25
2750, 16
2751, 25
2752, 19
2753, 23
2754, 30
2755, 23
2756, 16
2757, 21
2758, 26
2759, 23
2760, 19
2761, 23
2762, 19
2763, 17
2764, 19
2765, 24
2766, 29
2767, 23
2768, 19
2769, 24
2770, 28
2771, 23
2772, 19
2773, 27
2774, 32
2775, 27
2776, 22
2777, 29
2778, 22
2779, 23
2780, 23
2781, 24
2782, 21
2783, 29
2784, 23
2785, 22
2786, 25
2787, 23
2788, 15
2789, 17
2790, 18
2791, 19
2792, 29
2793, 25
2794, 21
2795, 32
2796, 24
2797, 28
2798, 18
2799, 32
2800, 21
2801, 19
2802, 18
2803, 21
2804, 20
2805, 26
2806, 20
2807, 31
2808, 19
2809, 22
2810, 21
2811, 26
2812, 32
2813, 22
2814, 22
2815, 28
2816, 25
2817, 17
2818, 18
2819, 24
2820, 14
2821, 30
2822, 24
2823, 19
2824, 30
2825, 25
2826, 20
2827, 23
2828, 21
2829, 18
2830, 23
2831, 23
2832, 31
2833, 21
2834, 18
2835, 29
2836, 30
2837, 14
2838, 20
2839, 23
2840, 32
2841, 20
2842, 20
2843, 19
2844, 32
2845, 18
2846, 28
2847, 23
2848, 20
2849, 20
2850, 22
2851, 21
2852, 16
2853, 18
2854, 14
2855, 18
2856, 16
2857, 20
2858, 22
2859, 31
2860, 20
2861, 14
2862, 15
2863, 19
2864, 16
2865, 26
2866, 25
2867, 17
2868, 15
2869, 23
2870, 24
2871, 24
2872, 17
2873, 27
2874, 17
2875, 17
2876, 20
2877, 18
2878, 24
2879, 17
2880, 19
2881, 28
2882, 28
2883, 18
2884, 21
2885, 26
2886, 16
2887, 26
2888, 12
2889, 22
2890, 17
2891, 23
2892, 16
2893, 27
2894, 29
2895, 20
2896, 19
2897, 23
2898, 19
2899, 20
2900, 20
2901, 31
2902, 15
2903, 17
2904, 17
2905, 16
2906, 21
2907, 27
2908, 21
2909, 24
2910, 28
2911, 16
2912, 19
2913, 27
2914, 20
2915, 24
2916, 15
2917, 23
2918, 14
2919, 23
2920, 14
2921, 21
2922, 30
2923, 20
2924, 14
2925, 20
2926, 17
2927, 20
2928, 17
2929, 19
2930, 23
2931, 20
2932, 17
2933, 22
2934, 14
2935, 19
2936, 12
2937, 20
2938, 21
2939, 28
2940, 21
2941, 19
2942, 28
2943, 22
2944, 13
2945, 23
2946, 14
2947, 23
2948, 16
2949, 16
2950, 20
2951, 19
2952, 22
2953, 23
2954, 16
2955, 20
2956, 30
2957, 19
2958, 15
2959, 20
2960, 27
2961, 20
2962, 22
2963, 20
2964, 24
2965, 20
2966, 24
2967, 19
2968, 32
2969, 24
2970, 20
2971, 21
2972, 20
2973, 19
2974, 19
2975, 19
2976, 20
2977, 16
2978, 19
2979, 19
2980, 20
2981, 21
2982, 24
2983, 22
2984, 22
2985, 22
2986, 26
2987, 21
2988, 25
2989, 18
2990, 25
2991, 20
2992, 38
2993, 27
2994, 18
2995, 23
2996, 27
2997, 25
2998, 25
2999, 19
3000, 20
3001, 17
3002, 13
3003, 23
3004, 18
3005, 21
3006, 17
3007, 28
3008, 22
3009, 26
3010, 14
3011, 32
3012, 14
3013, 22
3014, 21
3015, 22
3016, 28
3017, 23
3018, 24
3019, 19
3020, 22
3021, 28
3022, 24
3023, 19
3024, 29
3025, 28
3026, 24
3027, 22
3028, 26
3029, 21
3030, 29
3031, 31
3032, 24
3033, 25
3034, 24
3035, 22
3036, 24
3037, 16
3038, 25
3039, 32
3040, 24
3041, 22
3042, 30
3043, 32
3044, 16
3045, 22
3046, 29
3047, 21
3048, 27
3049, 24
3050, 29
3051, 24
3052, 17
3053, 19
3054, 27
3055, 26
3056, 30
3057, 20
3058, 16
3059, 29
3060, 18
3061, 22
3062, 18
3063, 22
3064, 21
3065, 25
3066, 18
3067, 26
3068, 18
3069, 23
3070, 33
3071, 20
3072, 25
3073, 27
3074, 27
3075, 23
3076, 25
3077, 21
3078, 21
3079, 30
3080, 14
3081, 22
3082, 27
3083, 26
3084, 18
3085, 25
3086, 19
3087, 26
3088, 26
3089, 21
3090, 15
3091, 30
3092, 15
3093, 26
3094, 17
3095, 24
3096, 25
3097, 19
3098, 16
3099, 25
3100, 25
3101, 28
3102, 21
3103, 24
3104, 25
3105, 24
3106, 25
3107, 24
3108, 23
3109, 23
3110, 24
3111, 23
3112, 28
3113, 23
3114, 22
3115, 21
3116, 25
3117, 26
3118, 25
3119, 17
3120, 20
3121, 17
3122, 30
3123, 27
3124, 27
3125, 25
3126, 25
3127, 26
3128, 17
3129, 25
3130, 26
3131, 25
3132, 17
3133, 31
3134, 29
3135, 29
3136, 31
3137, 31
3138, 26
3139, 20
3140, 29
3141, 24
3142, 28
3143, 28
3144, 22
3145, 24
3146, 26
3147, 22
3148, 20
3149, 26
3150, 17
3151, 30
3152, 23
3153, 24
3154, 26
3155, 28
3156, 25
3157, 21
3158, 20
3159, 21
3160, 27
3161, 21
3162, 22
3163, 24
3164, 28
3165, 29
3166, 19
3167, 26
3168, 24
3169, 26
3170, 19
3171, 22
3172, 25
3173, 21
3174, 20
3175, 22
3176, 21
3177, 21
3178, 15
3179, 26
3180, 24
3181, 26
3182, 27
3183, 33
3184, 16
3185, 19
3186, 27
3187, 20
3188, 30
3189, 28
3190, 25
3191, 25
3192, 15
3193, 19
3194, 28
3195, 22
3196, 16
3197, 37
3198, 16
3199, 30
3200, 27
3201, 30
3202, 16
3203, 22
3204, 30
3205, 18
3206, 17
3207, 20
3208, 20
3209, 19
3210, 16
3211, 21
3212, 23
3213, 19
3214, 20
3215, 27
3216, 20
3217, 19
3218, 18
3219, 16
3220, 17
3221, 21
3222, 17
3223, 17
3224, 18
3225, 25
3226, 20
3227, 21
3228, 17
3229, 21
3230, 20
3231, 26
3232, 27
3233, 17
3234, 30
3235, 22
3236, 28
3237, 18
3238, 25
3239, 15
3240, 30
3241, 19
3242, 22
3243, 34
3244, 21
3245, 23
3246, 19
3247, 18
3248, 25
3249, 23
3250, 19
3251, 21
3252, 22
3253, 25
3254, 23
3255, 13
3256, 30
3257, 28
3258, 20
3259, 24
3260, 23
3261, 20
3262, 29
3263, 30
3264, 19
3265, 29
3266, 16
3267, 24
3268, 15
3269, 21
3270, 20
3271, 24
3272, 15
3273, 26
3274, 21
3275, 21
3276, 21
3277, 23
3278, 19
3279, 23
3280, 23
3281, 23
3282, 27
3283, 24
3284, 26
3285, 24
3286, 18
3287, 24
3288, 18
3289, 22
3290, 25
3291, 21
3292, 20
3293, 22
3294, 32
3295, 27
3296, 20
3297, 26
3298, 19
3299, 22
3300, 34
3301, 28
3302, 18
3303, 25
3304, 25
3305, 26
3306, 27
3307, 22
3308, 25
3309, 28
3310, 15
3311, 21
3312, 14
3313, 20
3314, 25
3315, 20
3316, 27
3317, 23
3318, 18
3319, 18
3320, 34
3321, 18
3322, 31
3323, 27
3324, 20
3325, 26
3326, 27
3327, 18
3328, 19
3329, 19
3330, 20
3331, 24
3332, 24
3333, 18
3334, 19
3335, 19
3336, 25
3337, 30
3338, 19
3339, 16
3340, 19
3341, 16
3342, 25
3343, 19
3344, 23
3345, 19
3346, 15
3347, 26
3348, 21
3349, 27
3350, 16
3351, 15
3352, 16
3353, 16
3354, 15
3355, 25
3356, 19
3357, 13
3358, 21
3359, 32
3360, 29
3361, 23
3362, 18
3363, 25
3364, 20
3365, 21
3366, 28
3367, 21
3368, 31
3369, 24
3370, 31
3371, 27
3372, 27
3373, 21
3374, 18
3375, 25
3376, 29
3377, 25
3378, 18
3379, 19
3380, 19
3381, 19
3382, 18
3383, 26
3384, 28
3385, 18
3386, 20
3387, 23
3388, 19
3389, 25
3390, 22
3391, 22
3392, 27
3393, 25
3394, 26
3395, 25
3396, 29
3397, 27
3398, 15
3399, 28
3400, 22
3401, 26
3402, 28
3403, 24
3404, 19
3405, 22
3406, 20
3407, 30
3408, 20
3409, 20
3410, 21
3411, 26
3412, 20
3413, 19
3414, 17
3415, 24
3416, 20
3417, 25
3418, 29
3419, 27
3420, 19
3421, 22
3422, 20
3423, 30
3424, 19
3425, 22
3426, 20
3427, 22
3428, 21
3429, 21
3430, 21
3431, 22
3432, 29
3433, 27
3434, 31
3435, 22
3436, 21
3437, 22
3438, 19
3439, 22
3440, 21
3441, 21
3442, 20
3443, 23
3444, 21
3445, 21
3446, 19
3447, 20
3448, 25
3449, 21
3450, 19
3451, 26
3452, 24
3453, 21
3454, 29
3455, 24
3456, 24
3457, 25
3458, 18
3459, 22
3460, 19
3461, 23
3462, 22
3463, 21
3464, 22
3465, 21
3466, 17
3467, 24
3468, 35
3469, 31
3470, 26
3471, 26
3472, 19
3473, 22
3474, 23
3475, 25
3476, 23
3477, 22
3478, 21
3479, 24
3480, 18
3481, 21
3482, 19
3483, 18
3484, 22
3485, 22
3486, 28
3487, 20
3488, 29
3489, 17
3490, 32
3491, 24
3492, 29
3493, 20
3494, 18
3495, 20
3496, 24
3497, 30
3498, 19
3499, 22
3500, 17
3501, 22
3502, 27
3503, 23
3504, 22
3505, 19
3506, 18
3507, 20
3508, 34
3509, 20
3510, 22
3511, 20
3512, 29
3513, 19
3514, 17
3515, 18
3516, 14
3517, 20
3518, 33
3519, 19
3520, 21
3521, 26
3522, 18
3523, 25
3524, 30
3525, 21
3526, 20
3527, 22
3528, 19
3529, 18
3530, 25
3531, 20
3532, 20
3533, 27
3534, 30
3535, 18
3536, 21
3537, 20
3538, 30
3539, 16
3540, 21
3541, 20
3542, 31
3543, 27
3544, 34
3545, 27
3546, 29
3547, 21
3548, 22
3549, 20
3550, 22
3551, 25
3552, 18
3553, 26
3554, 19
3555, 18
3556, 25
3557, 17
3558, 19
3559, 28
3560, 22
3561, 23
3562, 19
3563, 17
3564, 29
3565, 20
3566, 32
3567, 25
3568, 30
3569, 17
3570, 29
3571, 26
3572, 28
3573, 24
3574, 23
3575, 25
3576, 31
3577, 28
3578, 24
3579, 23
3580, 31
3581, 23
3582, 16
3583, 25
3584, 27
3585, 17
3586, 26
3587, 20
3588, 30
3589, 19
3590, 29
3591, 23
3592, 21
3593, 23
3594, 21
3595, 26
3596, 19
3597, 24
3598, 29
3599, 24
3600, 23
3601, 21
3602, 30
3603, 23
3604, 23
3605, 27
3606, 23
3607, 23
3608, 22
3609, 17
3610, 31
3611, 24
3612, 17
3613, 33
3614, 31
3615, 23
3616, 28
3617, 25
3618, 21
3619, 25
3620, 17
3621, 23
3622, 22
3623, 24
3624, 22
3625, 15
3626, 28
3627, 15
3628, 26
3629, 16
3630, 31
3631, 22
3632, 20
3633, 21
3634, 19
3635, 25
3636, 33
3637, 19
3638, 17
3639, 20
3640, 17
3641, 24
3642, 20
3643, 27
3644, 28
3645, 27
3646, 21
3647, 22
3648, 21
3649, 29
3650, 28
3651, 24
3652, 33
3653, 35
3654, 24
3655, 21
3656, 25
3657, 16
3658, 26
3659, 28
3660, 20
3661, 26
3662, 36
3663, 26
3664, 27
3665, 26
3666, 18
3667, 26
3668, 21
3669, 27
3670, 21
3671, 22
3672, 25
3673, 18
3674, 24
3675, 26
3676, 21
3677, 24
3678, 20
3679, 21
3680, 22
3681, 22
3682, 14
3683, 16
3684, 29
3685, 17
3686, 14
3687, 24
3688, 20
3689, 33
3690, 23
3691, 19
3692, 26
3693, 21
3694, 14
3695, 22
3696, 23
3697, 23
3698, 27
3699, 31
3700, 20
3701, 23
3702, 13
3703, 15
3704, 26
3705, 21
3706, 30
3707, 22
3708, 14
3709, 24
3710, 20
3711, 23
3712, 27
3713, 23
3714, 14
3715, 23
3716, 14
3717, 32
3718, 27
3719, 24
3720, 16
3721, 23
3722, 27
3723, 22
3724, 22
3725, 23
3726, 27
3727, 25
3728, 26
3729, 25
3730, 24
3731, 23
3732, 29
3733, 22
3734, 26
3735, 23
3736, 25
3737, 18
3738, 24
3739, 29
3740, 25
3741, 33
3742, 27
3743, 22
3744, 23
3745, 23
3746, 18
3747, 24
3748, 23
3749, 18
3750, 18
3751, 22
3752, 20
3753, 28
3754, 20
3755, 27
3756, 28
3757, 27
3758, 22
3759, 25
3760, 23
3761, 23
3762, 30
3763, 22
3764, 21
3765, 16
3766, 25
3767, 27
3768, 29
3769, 15
3770, 22
3771, 26
3772, 24
3773, 34
3774, 22
3775, 30
3776, 20
3777, 36
3778, 28
3779, 24
3780, 23
3781, 17
3782, 29
3783, 26
3784, 30
3785, 32
3786, 28
3787, 22
3788, 25
3789, 29
3790, 25
3791, 28
3792, 19
3793, 16
3794, 26
3795, 25
3796, 22
3797, 25
3798, 24
3799, 24
3800, 28
3801, 28
3802, 17
3803, 18
3804, 17
3805, 25
3806, 29
3807, 25
3808, 29
3809, 15
3810, 21
3811, 25
3812, 25
3813, 18
3814, 22
3815, 30
3816, 29
3817, 24
3818, 30
3819, 28
3820, 22
3821, 28
3822, 21
3823, 29
3824, 29
3825, 25
3826, 26
3827, 18
3828, 30
3829, 25
3830, 23
3831, 20
3832, 29
3833, 19
3834, 24
3835, 28
3836, 21
3837, 18
3838, 21
3839, 20
3840, 25
3841, 25
3842, 34
3843, 30
3844, 24
3845, 32
3846, 26
3847, 31
3848, 20
3849, 18
3850, 18
3851, 32
3852, 26
3853, 32
3854, 24
3855, 28
3856, 19
3857, 30
3858, 28
3859, 26
3860, 14
3861, 31
3862, 14
3863, 29
3864, 15
3865, 20
3866, 23
3867, 29
3868, 30
3869, 30
3870, 19
3871, 27
3872, 34
3873, 27
3874, 26
3875, 21
3876, 16
3877, 31
3878, 16
3879, 14
3880, 17
3881, 30
3882, 17
3883, 19
3884, 17
3885, 34
3886, 17
3887, 28
3888, 26
3889, 14
3890, 19
3891, 29
3892, 18
3893, 24
3894, 28
3895, 34
3896, 18
3897, 30
3898, 19
3899, 26
3900, 28
3901, 17
3902, 22
3903, 25
3904, 27
3905, 24
3906, 22
3907, 28
3908, 17
3909, 22
3910, 25
3911, 17
3912, 27
3913, 29
3914, 19
3915, 29
3916, 19
3917, 25
3918, 16
3919, 32
3920, 20
3921, 28
3922, 16
3923, 32
3924, 16
3925, 28
3926, 34
3927, 31
3928, 25
3929, 32
3930, 21
3931, 22
3932, 16
3933, 27
3934, 34
3935, 16
3936, 35
3937, 28
3938, 19
3939, 26
3940, 26
3941, 27
3942, 16
3943, 27
3944, 15
3945, 27
3946, 15
3947, 21
3948, 26
3949, 24
3950, 28
3951, 18
3952, 27
3953, 26
3954, 22
3955, 18
3956, 28
3957, 25
3958, 28
3959, 18
3960, 27
3961, 30
3962, 21
3963, 30
3964, 26
3965, 21
3966, 31
3967, 24
3968, 23
3969, 30
3970, 23
3971, 29
3972, 23
3973, 28
3974, 31
3975, 29
3976, 15
3977, 23
3978, 14
3979, 23
3980, 14
3981, 24
3982, 13
3983, 23
3984, 33
3985, 26
3986, 17
3987, 24
3988, 14
3989, 27
3990, 26
3991, 20
3992, 16
3993, 22
3994, 25
3995, 32
3996, 18
3997, 24
3998, 18
3999, 24
4000, 19
4001, 21
4002, 16
4003, 26
4004, 25
4005, 21
4006, 16
4007, 28
4008, 19
4009, 28
4010, 16
4011, 35
4012, 16
4013, 30
4014, 19
4015, 30
4016, 16
4017, 27
4018, 16
4019, 37
4020, 16
4021, 20
4022, 16
4023, 25
4024, 16
4025, 24
4026, 16
4027, 32
4028, 16
4029, 31
4030, 15
4031, 23
4032, 14
4033, 28
4034, 20
4035, 20
4036, 31
4037, 30
4038, 27
4039, 25
4040, 20
4041, 24
4042, 26
4043, 27
4044, 26
4045, 24
4046, 27
4047, 23
4048, 39
4049, 30
4050, 27
4051, 22
4052, 20
4053, 26
4054, 29
4055, 28
4056, 30
4057, 25
4058, 16
4059, 23
4060, 24
4061, 26
4062, 14
4063, 21
4064, 22
4065, 24
4066, 16
4067, 26
4068, 16
4069, 24
4070, 25
4071, 31
4072, 16
4073, 20
4074, 18
4075, 33
4076, 26
4077, 27
4078, 25
4079, 18
4080, 27
4081, 24
4082, 24
4083, 28
4084, 22
4085, 26
4086, 21
4087, 28
4088, 28
4089, 24
4090, 14
4091, 26
4092, 14
4093, 24
4094, 29
4095, 18
4096, 27
4097, 18
4098, 28
4099, 26
4100, 22
4101, 22
4102, 24
4103, 30
4104, 25
4105, 23
4106, 14
4107, 23
4108, 19
4109, 26
4110, 13
4111, 22
4112, 24
4113, 16
4114, 29
4115, 18
4116, 22
4117, 27
4118, 26
4119, 19
4120, 24
4121, 25
4122, 23
4123, 30
4124, 16
4125, 25
4126, 26
4127, 19
4128, 27
4129, 15
4130, 26
4131, 20
4132, 15
4133, 31
4134, 23
4135, 26
4136, 21
4137, 26
4138, 29
4139, 26
4140, 18
4141, 15
4142, 29
4143, 23
4144, 18
4145, 23
4146, 28
4147, 21
4148, 28
4149, 28
4150, 21
4151, 29
4152, 29
4153, 27
4154, 32
4155, 27
4156, 21
4157, 20
4158, 23
4159, 22
4160, 24
4161, 22
4162, 19
4163, 20
4164, 22
4165, 29
4166, 24
4167, 29
4168, 29
4169, 28
4170, 28
4171, 21
4172, 24
4173, 22
4174, 27
4175, 17
4176, 26
4177, 17
4178, 24
4179, 26
4180, 26
4181, 29
4182, 28
4183, 29
4184, 25
4185, 29
4186, 25
4187, 15
4188, 23
4189, 29
4190, 25
4191, 28
4192, 33
4193, 29
4194, 32
4195, 21
4196, 27
4197, 18
4198, 27
4199, 21
4200, 19
4201, 29
4202, 30
4203, 25
4204, 20
4205, 16
4206, 28
4207, 24
4208, 19
4209, 31
4210, 26
4211, 13
4212, 25
4213, 14
4214, 18
4215, 14
4216, 18
4217, 12
4218, 28
4219, 23
4220, 25
4221, 16
4222, 26
4223, 16
4224, 30
4225, 23
4226, 25
4227, 19
4228, 17
4229, 16
4230, 26
4231, 11
4232, 19
4233, 22
4234, 33
4235, 25
4236, 25
4237, 25
4238, 18
4239, 19
4240, 19
4241, 29
4242, 24
4243, 24
4244, 24
4245, 30
4246, 32
4247, 31
4248, 21
4249, 21
4250, 22
4251, 23
4252, 31
4253, 30
4254, 26
4255, 28
4256, 14
4257, 25
4258, 21
4259, 36
4260, 30
4261, 21
4262, 25
4263, 28
4264, 21
4265, 27
4266, 20
4267, 19
4268, 20
4269, 20
4270, 22
4271, 18
4272, 25
4273, 11
4274, 24
4275, 29
4276, 28
4277, 19
4278, 13
4279, 22
4280, 27
4281, 11
4282, 28
4283, 26
4284, 21
4285, 25
4286, 20
4287, 10
4288, 22
4289, 17
4290, 22
4291, 17
4292, 12
4293, 27
4294, 12
4295, 10
4296, 11
4297, 23
4298, 27
4299, 17
4300, 11
4301, 16
4302, 32
4303, 26
4304, 28
4305, 22
4306, 27
4307, 24
4308, 12
4309, 21
4310, 28
4311, 14
4312, 11
4313, 25
4314, 32
4315, 20
4316, 12
4317, 21
4318, 21
4319, 33
4320, 28
4321, 23
4322, 24
4323, 21
4324, 30
4325, 17
4326, 26
4327, 21
4328, 12
4329, 21
4330, 19
4331, 17
4332, 12
4333, 23
4334, 12
4335, 22
4336, 32
4337, 17
4338, 28
4339, 17
4340, 28
4341, 16
4342, 28
4343, 28
4344, 20
4345, 16
4346, 28
4347, 27
4348, 25
4349, 24
4350, 19
4351, 28
4352, 25
4353, 18
4354, 21
4355, 17
4356, 26
4357, 24
4358, 21
4359, 24
4360, 24
4361, 16
4362, 30
4363, 23
4364, 28
4365, 20
4366, 26
4367, 26
4368, 22
4369, 21
4370, 17
4371, 25
4372, 26
4373, 27
4374, 22
4375, 29
4376, 24
4377, 26
4378, 24
4379, 21
4380, 22
4381, 20
4382, 22
4383, 20
4384, 26
4385, 22
4386, 23
4387, 23
4388, 19
4389, 25
4390, 22
4391, 19
4392, 24
4393, 23
4394, 23
4395, 24
4396, 26
4397, 22
4398, 28
4399, 24
4400, 23
4401, 21
4402, 33
4403, 24
4404, 17
4405, 19
4406, 30
4407, 27
4408, 18
4409, 24
4410, 27
4411, 26
4412, 23
4413, 22
4414, 28
4415, 36
4416, 23
4417, 24
4418, 30
4419, 25
4420, 22
4421, 22
4422, 21
4423, 25
4424, 26
4425, 22
4426, 23
4427, 29
4428, 23
4429, 17
4430, 34
4431, 23
4432, 16
4433, 26
4434, 25
4435, 22
4436, 27
4437, 26
4438, 29
4439, 21
4440, 13
4441, 25
4442, 12
4443, 22
4444, 28
4445, 25
4446, 22
4447, 31
4448, 11
4449, 39
4450, 21
4451, 31
4452, 30
4453, 22
4454, 22
4455, 20
4456, 26
4457, 19
4458, 26
4459, 23
4460, 28
4461, 25
4462, 26
4463, 23
4464, 12
4465, 30
4466, 30
4467, 21
4468, 27
4469, 21
4470, 24
4471, 21
4472, 27
4473, 25
4474, 11
4475, 21
4476, 20
4477, 28
4478, 11
4479, 26
4480, 27
4481, 25
4482, 9
4483, 29
4484, 9
4485, 21
4486, 9
4487, 22
4488, 25
4489, 22
4490, 28
4491, 21
4492, 21
4493, 15
4494, 26
4495, 29
4496, 25
4497, 20
4498, 24
4499, 20
4500, 23
4501, 26
4502, 22
4503, 26
4504, 20
4505, 20
4506, 26
4507, 21
4508, 25
4509, 22
4510, 19
4511, 19
4512, 17
4513, 16
4514, 25
4515, 22
4516, 12
4517, 27
4518, 29
4519, 28
4520, 27
4521, 19
4522, 35
4523, 22
4524, 27
4525, 23
4526, 14
4527, 20
4528, 13
4529, 26
4530, 36
4531, 26
4532, 27
4533, 23
4534, 12
4535, 20
4536, 25
4537, 20
4538, 15
4539, 19
4540, 22
4541, 23
4542, 24
4543, 24
4544, 12
4545, 19
4546, 26
4547, 31
4548, 25
4549, 19
4550, 22
4551, 19
4552, 22
4553, 24
4554, 16
4555, 29
4556, 13
4557, 34
4558, 16
4559, 23
4560, 13
4561, 29
4562, 21
4563, 20
4564, 26
4565, 20
4566, 23
4567, 19
4568, 25
4569, 21
4570, 14
4571, 23
4572, 26
4573, 13
4574, 34
4575, 20
4576, 25
4577, 21
4578, 25
4579, 22
4580, 18
4581, 18
4582, 17
4583, 35
4584, 24
4585, 35
4586, 26
4587, 20
4588, 16
4589, 18
4590, 31
4591, 19
4592, 24
4593, 33
4594, 29
4595, 25
4596, 32
4597, 17
4598, 24
4599, 19
4600, 13
4601, 23
4602, 14
4603, 18
4604, 13
4605, 19
4606, 13
4607, 18
4608, 15
4609, 24
4610, 24
4611, 20
4612, 25
4613, 15
4614, 28
4615, 16
4616, 15
4617, 21
4618, 20
4619, 32
4620, 24
4621, 18
4622, 18
4623, 19
4624, 29
4625, 20
4626, 29
4627, 25
4628, 24
4629, 20
4630, 18
4631, 18
4632, 22
4633, 18
4634, 18
4635, 20
4636, 22
4637, 22
4638, 24
4639, 19
4640, 14
4641, 24
4642, 20
4643, 24
4644, 27
4645, 26
4646, 28
4647, 26
4648, 22
4649, 18
4650, 27
4651, 23
4652, 22
4653, 19
4654, 35
4655, 19
4656, 22
4657, 18
4658, 30
4659, 20
4660, 24
4661, 18
4662, 23
4663, 19
4664, 24
4665, 19
4666, 23
4667, 18
4668, 25
4669, 25
4670, 22
4671, 26
4672, 22
4673, 23
4674, 24
4675, 31
4676, 21
4677, 19
4678, 16
4679, 20
4680, 24
4681, 25
4682, 20
4683, 23
4684, 21
4685, 28
4686, 21
4687, 25
4688, 25
4689, 19
4690, 21
4691, 20
4692, 22
4693, 23
4694, 12
4695, 20
4696, 25
4697, 21
4698, 23
4699, 21
4700, 13
4701, 17
4702, 25
4703, 25
4704, 15
4705, 23
4706, 18
4707, 27
4708, 34
4709, 20
4710, 16
4711, 28
4712, 21
4713, 28
4714, 22
4715, 29
4716, 21
4717, 23
4718, 21
4719, 19
4720, 23
4721, 23
4722, 24
4723, 24
4724, 17
4725, 20
4726, 26
4727, 25
4728, 23
4729, 26
4730, 23
4731, 26
4732, 27
4733, 17
4734, 18
4735, 18
4736, 22
4737, 23
4738, 24
4739, 19
4740, 25
4741, 23
4742, 19
4743, 19
4744, 22
4745, 21
4746, 26
4747, 19
4748, 21
4749, 18
4750, 21
4751, 23
4752, 23
4753, 21
4754, 24
4755, 34
4756, 18
4757, 14
4758, 34
4759, 22
4760, 23
4761, 17
4762, 23
4763, 30
4764, 27
4765, 17
4766, 27
4767, 16
4768, 20
4769, 19
4770, 20
4771, 24
4772, 21
4773, 23
4774, 22
4775, 34
4776, 32
4777, 30
4778, 27
4779, 34
4780, 22
4781, 14
4782, 25
4783, 24
4784, 21
4785, 18
4786, 34
4787, 17
4788, 24
4789, 18
4790, 28
4791, 28
4792, 20
4793, 26
4794, 25
4795, 28
4796, 23
4797, 23
4798, 21
4799, 17
4800, 23
4801, 17
4802, 24
4803, 19
4804, 25
4805, 26
4806, 24
4807, 24
4808, 23
4809, 16
4810, 25
4811, 16
4812, 20
4813, 17
4814, 28
4815, 21
4816, 20
4817, 17
4818, 21
4819, 15
4820, 24
4821, 23
4822, 24
4823, 27
4824, 24
4825, 27
4826, 20
4827, 29
4828, 22
4829, 16
4830, 22
4831, 26
4832, 21
4833, 19
4834, 23
4835, 26
4836, 20
4837, 15
4838, 21
4839, 18
4840, 22
4841, 20
4842, 21
4843, 31
4844, 21
4845, 23
4846, 21
4847, 22
4848, 24
4849, 21
4850, 20
4851, 21
4852, 25
4853, 22
4854, 29
4855, 16
4856, 26
4857, 33
4858, 20
4859, 28
4860, 23
4861, 23
4862, 24
4863, 35
4864, 17
4865, 22
4866, 18
4867, 20
4868, 25
4869, 20
4870, 32
4871, 19
4872, 23
4873, 27
4874, 23
4875, 18
4876, 25
4877, 25
4878, 18
4879, 21
4880, 21
4881, 20
4882, 24
4883, 20
4884, 21
4885, 25
4886, 24
4887, 17
4888, 30
4889, 25
4890, 22
4891, 20
4892, 19
4893, 30
4894, 28
4895, 18
4896, 29
4897, 19
4898, 30
4899, 24
4900, 25
4901, 19
4902, 34
4903, 26
4904, 18
4905, 26
4906, 20
4907, 17
4908, 17
4909, 27
4910, 23
4911, 17
4912, 25
4913, 17
4914, 25
4915, 19
4916, 18
4917, 24
4918, 25
4919, 19
4920, 21
4921, 15
4922, 22
4923, 15
4924, 19
4925, 18
4926, 23
4927, 26
4928, 23
4929, 14
4930, 16
4931, 18
4932, 29
4933, 14
4934, 18
4935, 16
4936, 19
4937, 23
4938, 31
4939, 28
4940, 27
4941, 16
4942, 27
4943, 20
4944, 23
4945, 17
4946, 26
4947, 21
4948, 22
4949, 25
4950, 22
4951, 26
4952, 22
4953, 17
4954, 29
4955, 26
4956, 30
4957, 28
4958, 24
4959, 16
4960, 26
4961, 16
4962, 26
4963, 24
4964, 27
4965, 27
4966, 25
4967, 32
4968, 26
4969, 24
4970, 30
4971, 17
4972, 24
4973, 26
4974, 29
4975, 14
4976, 19
4977, 14
4978, 27
4979, 13
4980, 32
4981, 21
4982, 23
4983, 37
4984, 25
4985, 29
4986, 27
4987, 24
4988, 26
4989, 20
4990, 25
4991, 22
4992, 25
4993, 13
4994, 25
4995, 15
4996, 28
4997, 22
4998, 28
4999, 12
5000, 23
5001, 19
5002, 21
5003, 25
5004, 31
5005, 18
5006, 20
5007, 26
5008, 32
5009, 11
5010, 27
5011, 24
5012, 26
5013, 21
5014, 23
5015, 22
5016, 24
5017, 14
5018, 28
5019, 24
5020, 25
5021, 14
5022, 18
5023, 23
5024, 26
5025, 14
5026, 28
5027, 14
5028, 17
5029, 25
5030, 31
5031, 24
5032, 28
5033, 14
5034, 18
5035, 16
5036, 24
5037, 23
5038, 15
5039, 23
5040, 28
5041, 13
5042, 23
5043, 25
5044, 33
5045, 14
5046, 31
5047, 21
5048, 17
5049, 24
5050, 23
5051, 17
5052, 28
5053, 24
5054, 29
5055, 23
5056, 27
5057, 13
5058, 18
5059, 13
5060, 31
5061, 25
5062, 27
5063, 24
5064, 19
5065, 26
5066, 23
5067, 14
5068, 31
5069, 13
5070, 22
5071, 14
5072, 23
5073, 28
5074, 27
5075, 26
5076, 22
5077, 24
5078, 26
5079, 27
5080, 22
5081, 15
5082, 24
5083, 16
5084, 21
5085, 23
5086, 32
5087, 21
5088, 31
5089, 24
5090, 20
5091, 17
5092, 22
5093, 23
5094, 21
5095, 20
5096, 25
5097, 19
5098, 19
5099, 13
5100, 23
5101, 11
5102, 25
5103, 32
5104, 20
5105, 13
5106, 20
5107, 13
5108, 16
5109, 16
5110, 21
5111, 21
5112, 25
5113, 22
5114, 26
5115, 16
5116, 20
5117, 21
5118, 17
5119, 16
5120, 35
5121, 24
5122, 24
5123, 18
5124, 34
5125, 22
5126, 19
5127, 16
5128, 27
5129, 36
5130, 25
5131, 18
5132, 24
5133, 26
5134, 24
5135, 16
5136, 20
5137, 11
5138, 18
5139, 22
5140, 18
5141, 27
5142, 33
5143, 28
5144, 27
5145, 22
5146, 24
5147, 15
5148, 24
5149, 21
5150, 30
5151, 14
5152, 18
5153, 15
5154, 18
5155, 17
5156, 31
5157, 9
5158, 29
5159, 17
5160, 18
5161, 18
5162, 17
5163, 15
5164, 18
5165, 23
5166, 17
5167, 10
5168, 17
5169, 10
5170, 23
5171, 17
5172, 24
5173, 23
5174, 17
5175, 27
5176, 26
5177, 20
5178, 27
5179, 14
5180, 23
5181, 24
5182, 19
5183, 18
5184, 18
5185, 15
5186, 21
5187, 27
5188, 25
5189, 28
5190, 27
5191, 10
5192, 31
5193, 12
5194, 27
5195, 27
5196, 25
5197, 18
5198, 33
5199, 20
5200, 32
5201, 20
5202, 30
5203, 32
5204, 32
5205, 22
5206, 28
5207, 29
5208, 24
5209, 14
5210, 22
5211, 23
5212, 28
5213, 11
5214, 19
5215, 11
5216, 19
5217, 26
5218, 19
5219, 27
5220, 19
5221, 15
5222, 19
5223, 23
5224, 14
5225, 18
5226, 22
5227, 15
5228, 14
5229, 27
5230, 14
5231, 17
5232, 19
5233, 23
5234, 22
5235, 26
5236, 23
5237, 26
5238, 18
5239, 24
5240, 27
5241, 23
5242, 30
5243, 25
5244, 16
5245, 24
5246, 16
5247, 21
5248, 37
5249, 24
5250, 20
5251, 15
5252, 17
5253, 31
5254, 25
5255, 27
5256, 25
5257, 20
5258, 17
5259, 17
5260, 22
5261, 23
5262, 29
5263, 24
5264, 32
5265, 21
5266, 29
5267, 25
5268, 30
5269, 18
5270, 35
5271, 14
5272, 19
5273, 27
5274, 20
5275, 17
5276, 30
5277, 26
5278, 22
5279, 17
5280, 23
5281, 25
5282, 24
5283, 21
5284, 27
5285, 33
5286, 20
5287, 21
5288, 21
5289, 31
5290, 22
5291, 30
5292, 23
5293, 18
5294, 22
5295, 19
5296, 26
5297, 31
5298, 22
5299, 18
5300, 21
5301, 17
5302, 20
5303, 17
5304, 23
5305, 29
5306, 31
5307, 23
5308, 24
5309, 17
5310, 32
5311, 15
5312, 20
5313, 22
5314, 19
5315, 17
5316, 19
5317, 15
5318, 19
5319, 17
5320, 20
5321, 25
5322, 25
5323, 16
5324, 19
5325, 17
5326, 29
5327, 26
5328, 20
5329, 19
5330, 21
5331, 17
5332, 25
5333, 19
5334, 20
5335, 23
5336, 26
5337, 16
5338, 16
5339, 27
5340, 30
5341, 17
5342, 19
5343, 18
5344, 24
5345, 23
5346, 15
5347, 19
5348, 26
5349, 18
5350, 26
5351, 26
5352, 25
5353, 15
5354, 25
5355, 28
5356, 19
5357, 20
5358, 19
5359, 21
5360, 30
5361, 21
5362, 24
5363, 23
5364, 25
5365, 23
5366, 34
5367, 24
5368, 29
5369, 20
5370, 24
5371, 24
5372, 25
5373, 21
5374, 27
5375, 23
5376, 24
5377, 19
5378, 17
5379, 16
5380, 37
5381, 15
5382, 25
5383, 20
5384, 27
5385, 24
5386, 20
5387, 20
5388, 32
5389, 29
5390, 22
5391, 20
5392, 25
5393, 25
5394, 25
5395, 24
5396, 36
5397, 19
5398, 21
5399, 24
5400, 29
5401, 16
5402, 26
5403, 24
5404, 22
5405, 19
5406, 28
5407, 16
5408, 27
5409, 21
5410, 32
5411, 20
5412, 24
5413, 26
5414, 26
5415, 18
5416, 26
5417, 19
5418, 26
5419, 15
5420, 25
5421, 19
5422, 26
5423, 26
5424, 33
5425, 21
5426, 23
5427, 23
5428, 23
5429, 17
5430, 23
5431, 17
5432, 19
5433, 27
5434, 26
5435, 25
5436, 21
5437, 19
5438, 24
5439, 19
5440, 20
5441, 19
5442, 23
5443, 21
5444, 25
5445, 22
5446, 23
5447, 17
5448, 23
5449, 17
5450, 24
5451, 17
5452, 26
5453, 17
5454, 26
5455, 24
5456, 28
5457, 24
5458, 22
5459, 23
5460, 21
5461, 21
5462, 24
5463, 18
5464, 21
5465, 23
5466, 22
5467, 22
5468, 31
5469, 26
5470, 31
5471, 24
5472, 21
5473, 18
5474, 24
5475, 26
5476, 25
5477, 17
5478, 22
5479, 19
5480, 21
5481, 26
5482, 30
5483, 26
5484, 22
5485, 19
5486, 21
5487, 25
5488, 33
5489, 18
5490, 25
5491, 21
5492, 20
5493, 18
5494, 19
5495, 24
5496, 25
5497, 16
5498, 26
5499, 17
5500, 29
5501, 17
5502, 21
5503, 24
5504, 27
5505, 29
5506, 20
5507, 30
5508, 31
5509, 30
5510, 26
5511, 22
5512, 31
5513, 12
5514, 23
5515, 14
5516, 25
5517, 29
5518, 25
5519, 21
5520, 23
5521, 17
5522, 21
5523, 36
5524, 24
5525, 14
5526, 24
5527, 23
5528, 19
5529, 16
5530, 24
5531, 17
5532, 27
5533, 18
5534, 33
5535, 20
5536, 27
5537, 17
5538, 24
5539, 16
5540, 23
5541, 30
5542, 17
5543, 25
5544, 17
5545, 21
5546, 25
5547, 16
5548, 18
5549, 19
5550, 27
5551, 16
5552, 28
5553, 19
5554, 28
5555, 18
5556, 36
5557, 19
5558, 27
5559, 19
5560, 26
5561, 19
5562, 27
5563, 15
5564, 27
5565, 18
5566, 21
5567, 13
5568, 16
5569, 13
5570, 16
5571, 23
5572, 33
5573, 17
5574, 28
5575, 15
5576, 25
5577, 23
5578, 27
5579, 20
5580, 19
5581, 28
5582, 20
5583, 19
5584, 28
5585, 23
5586, 26
5587, 24
5588, 20
5589, 20
5590, 26
5591, 20
5592, 22
5593, 25
5594, 33
5595, 19
5596, 31
5597, 17
5598, 31
5599, 16
5600, 33
5601, 22
5602, 17
5603, 17
5604, 16
5605, 23
5606, 28
5607, 24
5608, 26
5609, 18
5610, 30
5611, 25
5612, 30
5613, 18
5614, 21
5615, 17
5616, 21
5617, 19
5618, 27
5619, 25
5620, 35
5621, 27
5622, 23
5623, 19
5624, 23
5625, 17
5626, 22
5627, 19
5628, 27
5629, 22
5630, 22
5631, 24
5632, 16
5633, 16
5634, 29
5635, 23
5636, 24
5637, 20
5638, 24
5639, 20
5640, 23
5641, 23
5642, 15
5643, 23
5644, 31
5645, 16
5646, 28
5647, 24
5648, 29
5649, 26
5650, 31
5651, 20
5652, 27
5653, 23
5654, 29
5655, 24
5656, 28
5657, 22
5658, 30
5659, 25
5660, 27
5661, 24
5662, 22
5663, 18
5664, 21
5665, 26
5666, 22
5667, 26
5668, 29
5669, 18
5670, 27
5671, 24
5672, 18
5673, 13
5674, 17
5675, 24
5676, 16
5677, 27
5678, 34
5679, 15
5680, 31
5681, 24
5682, 15
5683, 27
5684, 26
5685, 17
5686, 25
5687, 15
5688, 27
5689, 26
5690, 41
5691, 24
5692, 27
5693, 26
5694, 15
5695, 15
5696, 31
5697, 17
5698, 29
5699, 22
5700, 13
5701, 16
5702, 14
5703, 25
5704, 21
5705, 24
5706, 26
5707, 23
5708, 24
5709, 24
5710, 23
5711, 23
5712, 23
5713, 23
5714, 30
5715, 24
5716, 23
5717, 25
5718, 23
5719, 24
5720, 14
5721, 13
5722, 24
5723, 24
5724, 30
5725, 21
5726, 14
5727, 32
5728, 27
5729, 18
5730, 27
5731, 23
5732, 23
5733, 17
5734, 15
5735, 27
5736, 23
5737, 16
5738, 33
5739, 30
5740, 23
5741, 18
5742, 30
5743, 27
5744, 27
5745, 22
5746, 14
5747, 28
5748, 36
5749, 25
5750, 25
5751, 25
5752, 34
5753, 15
5754, 13
5755, 24
5756, 30
5757, 19
5758, 23
5759, 24
5760, 23
5761, 22
5762, 30
5763, 35
5764, 36
5765, 19
5766, 37
5767, 21
5768, 36
5769, 18
5770, 25
5771, 20
5772, 19
5773, 16
5774, 20
5775, 22
5776, 25
5777, 19
5778, 12
5779, 28
5780, 27
5781, 16
5782, 28
5783, 20
5784, 20
5785, 21
5786, 27
5787, 36
5788, 34
5789, 22
5790, 27
5791, 16
5792, 15
5793, 16
5794, 25
5795, 20
5796, 28
5797, 28
5798, 25
5799, 20
5800, 29
5801, 27
5802, 26
5803, 27
5804, 17
5805, 23
5806, 25
5807, 18
5808, 32
5809, 28
5810, 30
5811, 24
5812, 18
5813, 27
5814, 17
5815, 21
5816, 24
5817, 19
5818, 17
5819, 22
5820, 23
5821, 24
5822, 31
5823, 17
5824, 20
5825, 18
5826, 37
5827, 16
5828, 29
5829, 15
5830, 21
5831, 28
5832, 18
5833, 26
5834, 36
5835, 29
5836, 30
5837, 16
5838, 32
5839, 22
5840, 20
5841, 12
5842, 21
5843, 26
5844, 21
5845, 14
5846, 21
5847, 20
5848, 27
5849, 21
5850, 21
5851, 16
5852, 19
5853, 29
5854, 19
5855, 28
5856, 31
5857, 15
5858, 20
5859, 16
5860, 15
5861, 17
5862, 34
5863, 28
5864, 17
5865, 29
5866, 14
5867, 24
5868, 31
5869, 24
5870, 15
5871, 22
5872, 12
5873, 28
5874, 21
5875, 28
5876, 14
5877, 28
5878, 33
5879, 20
5880, 23
5881, 25
5882, 34
5883, 31
5884, 25
5885, 27
5886, 29
5887, 17
5888, 16
5889, 23
5890, 28
5891, 24
5892, 20
5893, 23
5894, 33
5895, 23
5896, 26
5897, 27
5898, 32
5899, 23
5900, 26
5901, 23
5902, 36
5903, 24
5904, 21
5905, 27
5906, 29
5907, 22
5908, 20
5909, 24
5910, 23
5911, 27
5912, 21
5913, 24
5914, 18
5915, 24
5916, 21
5917, 18
5918, 30
5919, 22
5920, 22
5921, 23
5922, 21
5923, 16
5924, 18
5925, 18
5926, 24
5927, 20
5928, 29
5929, 29
5930, 24
5931, 23
5932, 29
5933, 29
5934, 26
5935, 16
5936, 21
5937, 20
5938, 19
5939, 29
5940, 31
5941, 18
5942, 21
5943, 15
5944, 20
5945, 23
5946, 20
5947, 23
5948, 22
5949, 22
5950, 16
5951, 17
5952, 30
5953, 16
5954, 31
5955, 16
5956, 31
5957, 24
5958, 21
5959, 18
5960, 25
5961, 25
5962, 32
5963, 24
5964, 21
5965, 20
5966, 33
5967, 31
5968, 14
5969, 25
5970, 13
5971, 23
5972, 23
5973, 18
5974, 23
5975, 25
5976, 23
5977, 31
5978, 26
5979, 16
5980, 24
5981, 16
5982, 19
5983, 16
5984, 19
5985, 23
5986, 23
5987, 25
5988, 19
5989, 16
5990, 19
5991, 24
5992, 19
5993, 20
5994, 19
5995, 23
5996, 21
5997, 19
5998, 33
5999, 19
6000, 34
6001, 24
6002, 19
6003, 18
6004, 19
6005, 19
6006, 25
6007, 21
6008, 11
6009, 18
6010, 21
6011, 23
6012, 19
6013, 25
6014, 34
6015, 17
6016, 30
6017, 20
6018, 20
6019, 18
6020, 25
6021, 16
6022, 19
6023, 22
6024, 18
6025, 21
6026, 20
6027, 20
6028, 32
6029, 15
6030, 28
6031, 15
6032, 20
6033, 20
6034, 27
6035, 21
6036, 26
6037, 28
6038, 18
6039, 23
6040, 28
6041, 24
6042, 30
6043, 26
6044, 30
6045, 17
6046, 27
6047, 27
6048, 22
6049, 28
6050, 19
6051, 35
6052, 26
6053, 20
6054, 21
6055, 24
6056, 20
6057, 23
6058, 27
6059, 13
6060, 18
6061, 27
6062, 27
6063, 24
6064, 30
6065, 25
6066, 28
6067, 18
6068, 27
6069, 14
6070, 22
6071, 18
6072, 26
6073, 19
6074, 22
6075, 32
6076, 19
6077, 20
6078, 26
6079, 27
6080, 26
6081, 17
6082, 21
6083, 17
6084, 20
6085, 28
6086, 23
6087, 18
6088, 21
6089, 17
6090, 19
6091, 16
6092, 19
6093, 19
6094, 22
6095, 28
6096, 24
6097, 18
6098, 19
6099, 18
6100, 24
6101, 24
6102, 31
6103, 25
6104, 19
6105, 26
6106, 23
6107, 31
6108, 20
6109, 24
6110, 14
6111, 22
6112, 26
6113, 21
6114, 13
6115, 21
6116, 20
6117, 17
6118, 17
6119, 21
6120, 20
6121, 20
6122, 20
6123, 22
6124, 13
6125, 21
6126, 23
6127, 24
6128, 24
6129, 21
6130, 27
6131, 17
6132, 24
6133, 20
6134, 17
6135, 21
6136, 24
6137, 20
6138, 29
6139, 20
6140, 19
6141, 25
6142, 17
6143, 23
6144, 13
6145, 24
6146, 17
6147, 26
6148, 24
6149, 18
6150, 16
6151, 21
6152, 28
6153, 20
6154, 28
6155, 27
6156, 21
6157, 29
6158, 29
6159, 21
6160, 17
6161, 21
6162, 17
6163, 30
6164, 20
6165, 20
6166, 16
6167, 19
6168, 23
6169, 21
6170, 16
6171, 24
6172, 13
6173, 25
6174, 13
6175, 16
6176, 24
6177, 22
6178, 15
6179, 22
6180, 23
6181, 23
6182, 16
6183, 28
6184, 17
6185, 23
6186, 17
6187, 21
6188, 17
6189, 23
6190, 13
6191, 19
6192, 30
6193, 25
6194, 19
6195, 22
6196, 18
6197, 21
6198, 23
6199, 26
6200, 18
6201, 29
6202, 15
6203, 18
6204, 19
6205, 17
6206, 22
6207, 23
6208, 20
6209, 21
6210, 23
6211, 29
6212, 29
6213, 24
6214, 24
6215, 20
6216, 13
6217, 25
6218, 31
6219, 20
6220, 20
6221, 24
6222, 20
6223, 19
6224, 21
6225, 18
6226, 21
6227, 19
6228, 19
6229, 20
6230, 12
6231, 21
6232, 27
6233, 25
6234, 28
6235, 21
6236, 12
6237, 25
6238, 13
6239, 21
6240, 17
6241, 22
6242, 20
6243, 21
6244, 14
6245, 23
6246, 21
6247, 31
6248, 19
6249, 24
6250, 19
6251, 22
6252, 18
6253, 24
6254, 23
6255, 23
6256, 28
6257, 27
6258, 10
6259, 23
6260, 22
6261, 31
6262, 10
6263, 26
6264, 25
6265, 21
6266, 18
6267, 23
6268, 19
6269, 27
6270, 13
6271, 20
6272, 27
6273, 20
6274, 20
6275, 25
6276, 18
6277, 23
6278, 21
6279, 27
6280, 28
6281, 25
6282, 18
6283, 23
6284, 19
6285, 20
6286, 22
6287, 22
6288, 19
6289, 22
6290, 10
6291, 26
6292, 19
6293, 23
6294, 12
6295, 24
6296, 18
6297, 26
6298, 12
6299, 28
6300, 22
6301, 25
6302, 22
6303, 22
6304, 20
6305, 28
6306, 13
6307, 25
6308, 21
6309, 19
6310, 21
6311, 29
6312, 23
6313, 24
6314, 14
6315, 28
6316, 28
6317, 28
6318, 10
6319, 20
6320, 29
6321, 20
6322, 20
6323, 23
6324, 25
6325, 19
6326, 11
6327, 26
6328, 14
6329, 24
6330, 26
6331, 29
6332, 31
6333, 24
6334, 16
6335, 34
6336, 21
6337, 24
6338, 13
6339, 29
6340, 19
6341, 23
6342, 20
6343, 28
6344, 14
6345, 25
6346, 18
6347, 25
6348, 18
6349, 32
6350, 20
6351, 21
6352, 18
6353, 28
6354, 29
6355, 27
6356, 17
6357, 26
6358, 28
6359, 23
6360, 16
6361, 27
6362, 28
6363, 20
6364, 17
6365, 20
6366, 24
6367, 21
6368, 20
6369, 22
6370, 20
6371, 16
6372, 32
6373, 24
6374, 18
6375, 23
6376, 20
6377, 22
6378, 22
6379, 27
6380, 24
6381, 19
6382, 28
6383, 15
6384, 19
6385, 15
6386, 31
6387, 17
6388, 24
6389, 30
6390, 21
6391, 26
6392, 22
6393, 22
6394, 21
6395, 26
6396, 20
6397, 28
6398, 22
6399, 26
6400, 21
6401, 27
6402, 22
6403, 16
6404, 28
6405, 15
6406, 29
6407, 15
6408, 21
6409, 29
6410, 20
6411, 23
6412, 24
6413, 27
6414, 20
6415, 24
6416, 17
6417, 15
6418, 24
6419, 15
6420, 18
6421, 26
6422, 19
6423, 15
6424, 23
6425, 20
6426, 20
6427, 23
6428, 17
6429, 25
6430, 23
6431, 26
6432, 17
6433, 19
6434, 33
6435, 24
6436, 23
6437, 25
6438, 33
6439, 24
6440, 20
6441, 22
6442, 24
6443, 17
6444, 26
6445, 25
6446, 21
6447, 24
6448, 24
6449, 20
6450, 19
6451, 21
6452, 29
6453, 24
6454, 28
6455, 29
6456, 20
6457, 21
6458, 20
6459, 21
6460, 22
6461, 24
6462, 23
6463, 18
6464, 24
6465, 26
6466, 19
6467, 25
6468, 23
6469, 15
6470, 19
6471, 20
6472, 25
6473, 18
6474, 29
6475, 19
6476, 20
6477, 14
6478, 20
6479, 18
6480, 21
6481, 12
6482, 31
6483, 20
6484, 20
6485, 11
6486, 27
6487, 21
6488, 24
6489, 20
6490, 19
6491, 21
6492, 28
6493, 11
6494, 21
6495, 20
6496, 27
6497, 20
6498, 23
6499, 31
6500, 30
6501, 20
6502, 21
6503, 15
6504, 27
6505, 18
6506, 19
6507, 15
6508, 25
6509, 37
6510, 21
6511, 18
6512, 21
6513, 18
6514, 25
6515, 15
6516, 20
6517, 20
6518, 20
6519, 13
6520, 32
6521, 21
6522, 22
6523, 28
6524, 21
6525, 28
6526, 29
6527, 23
6528, 19
6529, 15
6530, 18
6531, 22
6532, 17
6533, 37
6534, 19
6535, 20
6536, 21
6537, 21
6538, 22
6539, 21
6540, 21
6541, 14
6542, 20
6543, 14
6544, 19
6545, 29
6546, 18
6547, 25
6548, 20
6549, 17
6550, 27
6551, 26
6552, 22
6553, 16
6554, 28
6555, 15
6556, 32
6557, 23
6558, 18
6559, 34
6560, 19
6561, 28
6562, 30
6563, 25
6564, 26
6565, 27
6566, 19
6567, 17
6568, 32
6569, 22
6570, 17
6571, 15
6572, 18
6573, 29
6574, 24
6575, 25
6576, 26
6577, 29
6578, 25
6579, 27
6580, 35
6581, 28
6582, 27
6583, 28
6584, 16
6585, 38
6586, 30
6587, 20
6588, 33
6589, 26
6590, 21
6591, 34
6592, 22
6593, 26
6594, 31
6595, 24
6596, 25
6597, 24
6598, 24
6599, 24
6600, 22
6601, 18
6602, 32
6603, 33
6604, 21
6605, 23
6606, 24
6607, 30
6608, 22
6609, 18
6610, 34
6611, 27
6612, 25
6613, 26
6614, 24
6615, 20
6616, 26
6617, 34
6618, 22
6619, 20
6620, 20
6621, 28
6622, 28
6623, 26
6624, 19
6625, 25
6626, 21
6627, 25
6628, 27
6629, 18
6630, 20
6631, 25
6632, 24
6633, 32
6634, 19
6635, 19
6636, 31
6637, 25
6638, 30
6639, 22
6640, 17
6641, 29
6642, 26
6643, 26
6644, 27
6645, 26
6646, 29
6647, 19
6648, 22
6649, 30
6650, 22
6651, 19
6652, 32
6653, 22
6654, 17
6655, 19
6656, 26
6657, 19
6658, 21
6659, 25
6660, 15
6661, 28
6662, 30
6663, 31
6664, 29
6665, 21
6666, 21
6667, 22
6668, 20
6669, 32
6670, 20
6671, 23
6672, 29
6673, 19
6674, 27
6675, 29
6676, 36
6677, 28
6678, 26
6679, 26
6680, 30
6681, 32
6682, 27
6683, 26
6684, 27
6685, 21
6686, 18
6687, 29
6688, 19
6689, 27
6690, 17
6691, 27
6692, 15
6693, 27
6694, 15
6695, 24
6696, 27
6697, 19
6698, 33
6699, 28
6700, 30
6701, 24
6702, 16
6703, 21
6704, 16
6705, 20
6706, 24
6707, 32
6708, 25
6709, 18
6710, 16
6711, 26
6712, 30
6713, 26
6714, 33
6715, 23
6716, 18
6717, 26
6718, 26
6719, 29
6720, 22
6721, 20
6722, 39
6723, 20
6724, 15
6725, 20
6726, 25
6727, 21
6728, 20
6729, 22
6730, 19
6731, 16
6732, 21
6733, 22
6734, 15
6735, 29
6736, 15
6737, 22
6738, 21
6739, 24
6740, 21
6741, 15
6742, 21
6743, 37
6744, 20
6745, 24
6746, 21
6747, 29
6748, 17
6749, 39
6750, 16
6751, 40
6752, 16
6753, 18
6754, 30
6755, 22
6756, 26
6757, 19
6758, 30
6759, 21
6760, 22
6761, 22
6762, 28
6763, 21
6764, 28
6765, 21
6766, 20
6767, 27
6768, 21
6769, 23
6770, 23
6771, 22
6772, 21
6773, 26
6774, 21
6775, 21
6776, 19
6777, 26
6778, 19
6779, 20
6780, 22
6781, 25
6782, 20
6783, 24
6784, 21
6785, 26
6786, 21
6787, 32
6788, 24
6789, 30
6790, 21
6791, 25
6792, 20
6793, 38
6794, 30
6795, 22
6796, 30
6797, 31
6798, 30
6799, 28
6800, 26
6801, 21
6802, 22
6803, 21
6804, 25
6805, 22
6806, 27
6807, 23
6808, 30
6809, 22
6810, 22
6811, 28
6812, 29
6813, 24
6814, 21
6815, 28
6816, 29
6817, 27
6818, 20
6819, 25
6820, 27
6821, 25
6822, 31
6823, 21
6824, 26
6825, 18
6826, 20
6827, 26
6828, 36
6829, 21
6830, 27
6831, 21
6832, 24
6833, 21
6834, 31
6835, 20
6836, 25
6837, 30
6838, 28
6839, 23
6840, 22
6841, 21
6842, 29
6843, 29
6844, 25
6845, 33
6846, 24
6847, 25
6848, 25
6849, 20
6850, 17
6851, 21
6852, 25
6853, 24
6854, 24
6855, 23
6856, 21
6857, 27
6858, 25
6859, 28
6860, 16
6861, 33
6862, 25
6863, 20
6864, 16
6865, 20
6866, 23
6867, 29
6868, 31
6869, 26
6870, 25
6871, 35
6872, 22
6873, 21
6874, 21
6875, 29
6876, 17
6877, 24
6878, 32
6879, 18
6880, 21
6881, 24
6882, 22
6883, 26
6884, 27
6885, 32
6886, 29
6887, 25
6888, 25
6889, 19
6890, 21
6891, 25
6892, 25
6893, 19
6894, 27
6895, 27
6896, 27
6897, 27
6898, 24
6899, 24
6900, 27
6901, 23
6902, 29
6903, 22
6904, 33
6905, 26
6906, 28
6907, 25
6908, 28
6909, 22
6910, 25
6911, 19
6912, 25
6913, 25
6914, 25
6915, 23
6916, 22
6917, 22
6918, 21
6919, 19
6920, 26
6921, 23
6922, 27
6923, 23
6924, 26
6925, 22
6926, 27
6927, 24
6928, 21
6929, 28
6930, 27
6931, 20
6932, 35
6933, 25
6934, 21
6935, 23
6936, 21
6937, 24
6938, 24
6939, 29
6940, 21
6941, 26
6942, 34
6943, 20
6944, 31
6945, 20
6946, 21
6947, 19
6948, 21
6949, 24
6950, 24
6951, 20
6952, 26
6953, 19
6954, 27
6955, 23
6956, 21
6957, 22
6958, 35
6959, 21
6960, 27
6961, 19
6962, 21
6963, 23
6964, 25
6965, 25
6966, 25
6967, 20
6968, 22
6969, 25
6970, 31
6971, 21
6972, 21
6973, 20
6974, 23
6975, 24
6976, 21
6977, 23
6978, 35
6979, 30
6980, 22
6981, 24
6982, 25
6983, 17
6984, 22
6985, 27
6986, 22
6987, 15
6988, 22
6989, 22
6990, 25
6991, 16
6992, 22
6993, 23
6994, 22
6995, 22
6996, 30
6997, 20
6998, 31
6999, 22
7000, 30
7001, 21
7002, 19
7003, 27
7004, 29
7005, 26
7006, 32
7007, 19
7008, 26
7009, 17
7010, 22
7011, 24
7012, 21
7013, 27
7014, 24
7015, 21
7016, 31
7017, 21
7018, 18
7019, 17
7020, 20
7021, 24
7022, 20
7023, 29
7024, 20
7025, 20
7026, 17
7027, 20
7028, 18
7029, 19
7030, 30
7031, 20
7032, 22
7033, 20
7034, 22
7035, 17
7036, 23
7037, 21
7038, 23
7039, 23
7040, 19
7041, 26
7042, 25
7043, 16
7044, 26
7045, 21
7046, 24
7047, 22
7048, 25
7049, 18
7050, 21
7051, 41
7052, 23
7053, 21
7054, 21
7055, 20
7056, 22
7057, 19
7058, 35
7059, 21
7060, 17
7061, 20
7062, 30
7063, 20
7064, 30
7065, 21
7066, 23
7067, 15
7068, 19
7069, 15
7070, 19
7071, 30
7072, 24
7073, 18
7074, 27
7075, 24
7076, 20
7077, 24
7078, 21
7079, 17
7080, 18
7081, 25
7082, 28
7083, 22
7084, 20
7085, 22
7086, 32
7087, 18
7088, 27
7089, 18
7090, 27
7091, 25
7092, 31
7093, 27
7094, 21
7095, 34
7096, 24
7097, 18
7098, 26
7099, 18
7100, 20
7101, 34
7102, 21
7103, 21
7104, 22
7105, 21
7106, 28
7107, 20
7108, 29
7109, 21
7110, 23
7111, 27
7112, 21
7113, 32
7114, 25
7115, 32
7116, 25
7117, 21
7118, 18
7119, 20
7120, 18
7121, 33
7122, 19
7123, 19
7124, 19
7125, 21
7126, 26
7127, 18
7128, 18
7129, 20
7130, 30
7131, 27
7132, 21
7133, 21
7134, 21
7135, 26
7136, 20
7137, 26
7138, 24
7139, 17
7140, 24
7141, 26
7142, 20
7143, 25
7144, 22
7145, 23
7146, 26
7147, 21
7148, 24
7149, 18
7150, 24
7151, 26
7152, 21
7153, 19
7154, 20
7155, 23
7156, 25
7157, 19
7158, 25
7159, 20
7160, 26
7161, 31
7162, 24
7163, 28
7164, 23
7165, 27
7166, 25
7167, 24
7168, 20
7169, 36
7170, 21
7171, 28
7172, 23
7173, 23
7174, 25
7175, 19
7176, 23
7177, 35
7178, 29
7179, 22
7180, 18
7181, 21
7182, 21
7183, 28
7184, 18
7185, 35
7186, 18
7187, 28
7188, 21
7189, 34
7190, 26
7191, 21
7192, 18
7193, 28
7194, 19
7195, 18
7196, 24
7197, 31
7198, 27
7199, 20
7200, 16
7201, 31
7202, 29
7203, 33
7204, 25
7205, 27
7206, 20
7207, 30
7208, 30
7209, 23
7210, 21
7211, 19
7212, 24
7213, 30
7214, 20
7215, 29
7216, 23
7217, 24
7218, 19
7219, 24
7220, 28
7221, 27
7222, 18
7223, 30
7224, 22
7225, 19
7226, 26
7227, 34
7228, 22
7229, 31
7230, 15
7231, 19
7232, 17
7233, 19
7234, 19
7235, 23
7236, 20
7237, 19
7238, 18
7239, 19
7240, 21
7241, 29
7242, 29
7243, 20
7244, 25
7245, 34
7246, 25
7247, 32
7248, 27
7249, 26
7250, 19
7251, 26
7252, 25
7253, 33
7254, 24
7255, 23
7256, 28
7257, 28
7258, 24
7259, 23
7260, 27
7261, 20
7262, 17
7263, 22
7264, 21
7265, 21
7266, 27
7267, 21
7268, 23
7269, 27
7270, 21
7271, 25
7272, 22
7273, 32
7274, 28
7275, 31
7276, 23
7277, 23
7278, 23
7279, 29
7280, 24
7281, 22
7282, 25
7283, 21
7284, 25
7285, 21
7286, 23
7287, 18
7288, 16
7289, 22
7290, 19
7291, 34
7292, 26
7293, 22
7294, 34
7295, 35
7296, 24
7297, 25
7298, 26
7299, 22
7300, 19
7301, 36
7302, 35
7303, 35
7304, 23
7305, 19
7306, 27
7307, 22
7308, 30
7309, 20
7310, 16
7311, 30
7312, 20
7313, 21
7314, 17
7315, 27
7316, 12
7317, 22
7318, 18
7319, 23
7320, 24
7321, 17
7322, 25
7323, 27
7324, 23
7325, 19
7326, 23
7327, 28
7328, 21
7329, 27
7330, 22
7331, 26
7332, 13
7333, 38
7334, 24
7335, 25
7336, 24
7337, 27
7338, 29
7339, 26
7340, 29
7341, 17
7342, 29
7343, 28
7344, 23
7345, 23
7346, 26
7347, 23
7348, 15
7349, 22
7350, 21
7351, 19
7352, 25
7353, 24
7354, 28
7355, 33
7356, 26
7357, 28
7358, 29
7359, 19
7360, 15
7361, 16
7362, 30
7363, 16
7364, 14
7365, 26
7366, 29
7367, 25
7368, 15
7369, 24
7370, 22
7371, 20
7372, 22
7373, 16
7374, 18
7375, 29
7376, 35
7377, 25
7378, 19
7379, 16
7380, 30
7381, 16
7382, 30
7383, 17
7384, 25
7385, 17
7386, 23
7387, 23
7388, 26
7389, 18
7390, 17
7391, 17
7392, 22
7393, 23
7394, 25
7395, 31
7396, 15
7397, 30
7398, 26
7399, 23
7400, 15
7401, 28
7402, 32
7403, 23
7404, 22
7405, 29
7406, 27
7407, 20
7408, 15
7409, 16
7410, 25
7411, 37
7412, 22
7413, 19
7414, 27
7415, 18
7416, 26
7417, 21
7418, 22
7419, 24
7420, 29
7421, 28
7422, 19
7423, 21
7424, 30
7425, 21
7426, 14
7427, 32
7428, 27
7429, 25
7430, 25
7431, 20
7432, 19
7433, 26
7434, 21
7435, 29
7436, 25
7437, 28
7438, 24
7439, 23
7440, 25
7441, 19
7442, 27
7443, 31
7444, 25
7445, 33
7446, 16
7447, 18
7448, 21
7449, 20
7450, 34
7451, 28
7452, 12
7453, 21
7454, 28
7455, 29
7456, 21
7457, 22
7458, 28
7459, 22
7460, 13
7461, 25
7462, 25
7463, 29
7464, 23
7465, 21
7466, 32
7467, 29
7468, 23
7469, 31
7470, 18
7471, 35
7472, 13
7473, 24
7474, 18
7475, 21
7476, 21
7477, 17
7478, 26
7479, 17
7480, 27
7481, 17
7482, 16
7483, 20
7484, 23
7485, 30
7486, 20
7487, 20
7488, 29
7489, 18
7490, 25
7491, 19
7492, 22
7493, 30
7494, 18
7495, 30
7496, 22
7497, 17
7498, 23
7499, 16
7500, 25
7501, 30
7502, 22
7503, 27
7504, 27
7505, 15
7506, 19
7507, 17
7508, 26
7509, 17
7510, 26
7511, 21
7512, 19
7513, 23
7514, 24
7515, 13
7516, 23
7517, 17
7518, 24
7519, 19
7520, 16
7521, 25
7522, 19
7523, 31
7524, 25
7525, 25
7526, 25
7527, 31
7528, 31
7529, 27
7530, 21
7531, 17
7532, 25
7533, 26
7534, 20
7535, 15
7536, 25
7537, 26
7538, 20
7539, 27
7540, 22
7541, 29
7542, 17
7543, 16
7544, 23
7545, 27
7546, 23
7547, 22
7548, 19
7549, 17
7550, 19
7551, 17
7552, 21
7553, 25
7554, 19
7555, 17
7556, 21
7557, 22
7558, 21
7559, 25
7560, 20
7561, 22
7562, 24
7563, 21
7564, 19
7565, 29
7566, 19
7567, 25
7568, 19
7569, 29
7570, 24
7571, 25
7572, 23
7573, 25
7574, 26
7575, 24
7576, 16
7577, 25
7578, 27
7579, 26
7580, 26
7581, 24
7582, 24
7583, 24
7584, 16
7585, 21
7586, 26
7587, 22
7588, 15
7589, 22
7590, 23
7591, 23
7592, 19
7593, 28
7594, 18
7595, 24
7596, 17
7597, 29
7598, 33
7599, 23
7600, 20
7601, 20
7602, 19
7603, 24
7604, 34
7605, 24
7606, 20
7607, 23
7608, 20
7609, 29
7610, 28
7611, 23
7612, 26
7613, 20
7614, 19
7615, 20
7616, 21
7617, 19
7618, 28
7619, 27
7620, 20
7621, 27
7622, 23
7623, 25
7624, 21
7625, 26
7626, 32
7627, 21
7628, 23
7629, 22
7630, 23
7631, 21
7632, 19
7633, 25
7634, 24
7635, 24
7636, 19
7637, 25
7638, 26
7639, 25
7640, 22
7641, 23
7642, 22
7643, 20
7644, 17
7645, 27
7646, 16
7647, 25
7648, 20
7649, 26
7650, 32
7651, 21
7652, 24
7653, 20
7654, 24
7655, 26
7656, 20
7657, 25
7658, 24
7659, 22
7660, 20
7661, 22
7662, 17
7663, 15
7664, 18
7665, 27
7666, 23
7667, 21
7668, 25
7669, 23
7670, 16
7671, 24
7672, 27
7673, 18
7674, 16
7675, 24
7676, 19
7677, 24
7678, 19
7679, 26
7680, 18
7681, 26
7682, 17
7683, 17
7684, 30
7685, 19
7686, 24
7687, 22
7688, 21
7689, 26
7690, 21
7691, 25
7692, 28
7693, 25
7694, 22
7695, 18
7696, 21
7697, 20
7698, 22
7699, 24
7700, 27
7701, 27
7702, 27
7703, 20
7704, 19
7705, 23
7706, 20
7707, 28
7708, 18
7709, 23
7710, 21
7711, 25
7712, 27
7713, 30
7714, 21
7715, 19
7716, 29
7717, 24
7718, 23
7719, 21
7720, 16
7721, 22
7722, 24
7723, 22
7724, 17
7725, 26
7726, 17
7727, 23
7728, 18
7729, 23
7730, 22
7731, 27
7732, 21
7733, 31
7734, 21
7735, 24
7736, 26
7737, 27
7738, 22
7739, 25
7740, 20
7741, 22
7742, 22
7743, 26
7744, 28
7745, 25
7746, 20
7747, 27
7748, 20
7749, 29
7750, 19
7751, 30
7752, 22
7753, 30
7754, 19
7755, 29
7756, 19
7757, 23
7758, 21
7759, 23
7760, 23
7761, 23
7762, 21
7763, 17
7764, 27
7765, 28
7766, 16
7767, 24
7768, 16
7769, 29
7770, 18
7771, 23
7772, 22
7773, 29
7774, 18
7775, 32
7776, 19
7777, 23
7778, 16
7779, 31
7780, 18
7781, 24
7782, 28
7783, 25
7784, 28
7785, 21
7786, 15
7787, 23
7788, 15
7789, 28
7790, 16
7791, 35
7792, 24
7793, 29
7794, 30
7795, 30
7796, 22
7797, 23
7798, 25
7799, 35
7800, 22
7801, 27
7802, 22
7803, 35
7804, 22
7805, 25
7806, 29
7807, 19
7808, 16
7809, 19
7810, 15
7811, 29
7812, 35
7813, 26
7814, 24
7815, 35
7816, 19
7817, 26
7818, 16
7819, 19
7820, 27
7821, 31
7822, 22
7823, 26
7824, 33
7825, 20
7826, 23
7827, 26
7828, 17
7829, 34
7830, 24
7831, 24
7832, 17
7833, 25
7834, 24
7835, 20
7836, 19
7837, 28
7838, 24
7839, 34
7840, 18
7841, 21
7842, 24
7843, 29
7844, 25
7845, 24
7846, 35
7847, 25
7848, 25
7849, 24
7850, 22
7851, 31
7852, 27
7853, 24
7854, 29
7855, 27
7856, 22
7857, 30
7858, 23
7859, 26
7860, 25
7861, 31
7862, 24
7863, 22
7864, 27
7865, 24
7866, 24
7867, 27
7868, 25
7869, 19
7870, 24
7871, 19
7872, 24
7873, 23
7874, 23
7875, 26
7876, 23
7877, 22
7878, 25
7879, 26
7880, 20
7881, 26
7882, 18
7883, 21
7884, 19
7885, 19
7886, 19
7887, 24
7888, 24
7889, 21
7890, 26
7891, 19
7892, 27
7893, 21
7894, 19
7895, 31
7896, 22
7897, 21
7898, 25
7899, 30
7900, 25
7901, 23
7902, 18
7903, 27
7904, 22
7905, 24
7906, 25
7907, 23
7908, 25
7909, 28
7910, 22
7911, 32
7912, 27
7913, 26
7914, 22
7915, 24
7916, 30
7917, 20
7918, 30
7919, 19
7920, 21
7921, 33
7922, 22
7923, 20
7924, 32
7925, 23
7926, 23
7927, 22
7928, 21
7929, 19
7930, 23
7931, 32
7932, 23
7933, 24
7934, 23
7935, 22
7936, 24
7937, 23
7938, 28
7939, 23
7940, 23
7941, 22
7942, 24
7943, 20
7944, 22
7945, 24
7946, 23
7947, 23
7948, 25
7949, 22
7950, 22
7951, 22
7952, 22
7953, 22
7954, 30
7955, 23
7956, 29
7957, 22
7958, 24
7959, 34
7960, 23
7961, 23
7962, 24
7963, 21
7964, 28
7965, 21
7966, 26
7967, 22
7968, 23
7969, 20
7970, 28
7971, 23
7972, 24
7973, 20
7974, 28
7975, 19
7976, 26
7977, 24
7978, 26
7979, 22
7980, 32
7981, 22
7982, 30
7983, 22
7984, 35
7985, 20
7986, 42
7987, 19
7988, 21
7989, 28
7990, 26
7991, 23
7992, 28
7993, 23
7994, 33
7995, 24
7996, 27
7997, 23
7998, 29
7999, 27
8000, 27
8001, 26
8002, 31
8003, 21
8004, 27
8005, 22
8006, 21
8007, 26
8008, 20
8009, 21
8010, 20
8011, 24
8012, 22
8013, 22
8014, 22
8015, 29
8016, 30
8017, 26
8018, 41
8019, 21
8020, 18
8021, 28
8022, 26
8023, 22
8024, 23
8025, 24
8026, 31
8027, 23
8028, 29
8029, 32
8030, 24
8031, 21
8032, 19
8033, 27
8034, 28
8035, 24
8036, 19
8037, 24
8038, 22
8039, 22
8040, 28
8041, 27
8042, 30
8043, 23
8044, 21
8045, 19
8046, 26
8047, 30
8048, 31
8049, 28
8050, 18
8051, 25
8052, 22
8053, 24
8054, 17
8055, 19
8056, 24
8057, 22
8058, 30
8059, 21
8060, 19
8061, 32
8062, 22
8063, 21
8064, 25
8065, 22
8066, 23
8067, 21
8068, 17
8069, 18
8070, 39
8071, 24
8072, 25
8073, 36
8074, 28
8075, 32
8076, 27
8077, 21
8078, 20
8079, 29
8080, 22
8081, 33
8082, 32
8083, 23
8084, 22
8085, 25
8086, 22
8087, 15
8088, 29
8089, 34
8090, 25
8091, 24
8092, 20
8093, 20
8094, 25
8095, 17
8096, 18
8097, 17
8098, 18
8099, 25
8100, 27
8101, 21
8102, 30
8103, 25
8104, 26
8105, 25
8106, 28
8107, 20
8108, 22
8109, 30
8110, 26
8111, 27
8112, 27
8113, 19
8114, 23
8115, 21
8116, 26
8117, 24
8118, 25
8119, 24
8120, 30
8121, 30
8122, 31
8123, 25
8124, 24
8125, 22
8126, 37
8127, 20
8128, 26
8129, 23
8130, 21
8131, 21
8132, 24
8133, 19
8134, 29
8135, 30
8136, 25
8137, 34
8138, 24
8139, 25
8140, 19
8141, 20
8142, 23
8143, 30
8144, 24
8145, 24
8146, 22
8147, 18
8148, 17
8149, 20
8150, 23
8151, 22
8152, 17
8153, 22
8154, 23
8155, 21
8156, 26
8157, 22
8158, 17
8159, 19
8160, 16
8161, 19
8162, 16
8163, 24
8164, 28
8165, 23
8166, 28
8167, 21
8168, 30
8169, 35
8170, 28
8171, 21
8172, 23
8173, 22
8174, 27
8175, 31
8176, 27
8177, 24
8178, 25
8179, 24
8180, 26
8181, 21
8182, 29
8183, 21
8184, 25
8185, 20
8186, 22
8187, 26
8188, 28
8189, 30
8190, 27
8191, 20
8192, 28
8193, 26
8194, 21
8195, 30
8196, 26
8197, 19
8198, 24
8199, 20
8200, 15
8201, 29
8202, 29
8203, 29
8204, 21
8205, 23
8206, 18
8207, 27
8208, 29
8209, 27
8210, 16
8211, 19
8212, 16
8213, 24
8214, 21
8215, 16
8216, 18
8217, 19
8218, 20
8219, 18
8220, 14
8221, 20
8222, 19
8223, 18
8224, 27
8225, 22
8226, 36
8227, 27
8228, 19
8229, 28
8230, 20
8231, 22
8232, 21
8233, 21
8234, 22
8235, 35
8236, 21
8237, 26
8238, 23
8239, 27
8240, 13
8241, 18
8242, 21
8243, 20
8244, 22
8245, 21
8246, 13
8247, 19
8248, 19
8249, 28
8250, 27
8251, 21
8252, 13
8253, 21
8254, 25
8255, 19
8256, 33
8257, 31
8258, 36
8259, 24
8260, 17
8261, 27
8262, 28
8263, 18
8264, 21
8265, 20
8266, 18
8267, 25
8268, 28
8269, 27
8270, 25
8271, 21
8272, 21
8273, 17
8274, 23
8275, 22
8276, 24
8277, 16
8278, 24
8279, 16
8280, 33
8281, 20
8282, 31
8283, 16
8284, 29
8285, 34
8286, 19
8287, 21
8288, 29
8289, 16
8290, 19
8291, 35
8292, 30
8293, 20
8294, 33
8295, 16
8296, 35
8297, 28
8298, 17
8299, 22
8300, 18
8301, 30
8302, 19
8303, 24
8304, 18
8305, 29
8306, 25
8307, 28
8308, 27
8309, 16
8310, 25
8311, 22
8312, 24
8313, 22
8314, 25
8315, 26
8316, 27
8317, 27
8318, 19
8319, 21
8320, 26
8321, 15
8322, 32
8323, 18
8324, 24
8325, 27
8326, 27
8327, 25
8328, 18
8329, 28
8330, 30
8331, 20
8332, 25
8333, 16
8334, 19
8335, 29
8336, 31
8337, 29
8338, 23
8339, 16
8340, 34
8341, 20
8342, 19
8343, 20
8344, 32
8345, 25
8346, 17
8347, 27
8348, 22
8349, 22
8350, 19
8351, 19
8352, 15
8353, 17
8354, 14
8355, 30
8356, 16
8357, 20
8358, 19
8359, 20
8360, 21
8361, 24
8362, 13
8363, 22
8364, 13
8365, 18
8366, 11
8367, 16
8368, 21
8369, 28
8370, 19
8371, 20
8372, 33
8373, 24
8374, 19
8375, 20
8376, 22
8377, 18
8378, 26
8379, 19
8380, 17
8381, 19
8382, 18
8383, 21
8384, 17
8385, 22
8386, 34
8387, 23
8388, 24
8389, 31
8390, 29
8391, 18
8392, 15
8393, 18
8394, 29
8395, 23
8396, 21
8397, 16
8398, 14
8399, 17
8400, 33
8401, 22
8402, 21
8403, 16
8404, 25
8405, 20
8406, 21
8407, 27
8408, 21
8409, 21
8410, 31
8411, 19
8412, 15
8413, 23
8414, 14
8415, 19
8416, 22
8417, 18
8418, 23
8419, 18
8420, 28
8421, 18
8422, 26
8423, 29
8424, 15
8425, 16
8426, 25
8427, 17
8428, 23
8429, 19
8430, 19
8431, 19
8432, 17
8433, 18
8434, 27
8435, 27
8436, 27
8437, 22
8438, 29
8439, 17
8440, 26
8441, 21
8442, 25
8443, 16
8444, 23
8445, 16
8446, 20
8447, 29
8448, 25
8449, 18
8450, 25
8451, 23
8452, 39
8453, 24
8454, 25
8455, 16
8456, 24
8457, 23
8458, 17
8459, 21
8460, 24
8461, 22
8462, 29
8463, 17
8464, 19
8465, 25
8466, 31
8467, 18
8468, 22
8469, 23
8470, 16
8471, 19
8472, 23
8473, 25
8474, 28
8475, 27
8476, 30
8477, 25
8478, 30
8479, 21
8480, 29
8481, 26
8482, 18
8483, 21
8484, 24
8485, 18
8486, 23
8487, 18
8488, 24
8489, 21
8490, 30
8491, 20
8492, 20
8493, 29
8494, 28
8495, 20
8496, 22
8497, 18
8498, 28
8499, 25
8500, 19
8501, 23
8502, 29
8503, 24
8504, 24
8505, 27
8506, 20
8507, 27
8508, 22
8509, 19
8510, 21
8511, 14
8512, 25
8513, 24
8514, 24
8515, 24
8516, 25
8517, 21
8518, 26
8519, 25
8520, 25
8521, 32
8522, 26
8523, 26
8524, 22
8525, 22
8526, 23
8527, 24
8528, 25
8529, 22
8530, 21
8531, 19
8532, 21
8533, 31
8534, 26
8535, 22
8536, 26
8537, 14
8538, 14
8539, 21
8540, 27
8541, 23
8542, 34
8543, 23
8544, 23
8545, 23
8546, 25
8547, 21
8548, 27
8549, 20
8550, 24
8551, 32
8552, 13
8553, 22
8554, 28
8555, 22
8556, 25
8557, 24
8558, 15
8559, 22
8560, 28
8561, 25
8562, 25
8563, 27
8564, 18
8565, 22
8566, 25
8567, 24
8568, 19
8569, 26
8570, 17
8571, 27
8572, 16
8573, 26
8574, 17
8575, 21
8576, 20
8577, 26
8578, 33
8579, 31
8580, 20
8581, 21
8582, 31
8583, 29
8584, 24
8585, 23
8586, 22
8587, 23
8588, 26
8589, 21
8590, 16
8591, 26
8592, 16
8593, 26
8594, 27
8595, 25
8596, 34
8597, 34
8598, 25
8599, 26
8600, 24
8601, 24
8602, 17
8603, 28
8604, 24
8605, 26
8606, 23
8607, 21
8608, 22
8609, 17
8610, 20
8611, 28
8612, 24
8613, 23
8614, 25
8615, 20
8616, 22
8617, 21
8618, 24
8619, 27
8620, 36
8621, 26
8622, 23
8623, 13
8624, 15
8625, 15
8626, 28
8627, 18
8628, 25
8629, 16
8630, 21
8631, 22
8632, 27
8633, 26
8634, 26
8635, 18
8636, 21
8637, 35
8638, 23
8639, 30
8640, 28
8641, 31
8642, 17
8643, 18
8644, 17
8645, 30
8646, 23
8647, 24
8648, 24
8649, 21
8650, 20
8651, 25
8652, 24
8653, 25
8654, 26
8655, 22
8656, 23
8657, 18
8658, 28
8659, 21
8660, 23
8661, 27
8662, 27
8663, 25
8664, 19
8665, 16
8666, 35
8667, 26
8668, 22
8669, 26
8670, 24
8671, 21
8672, 28
8673, 22
8674, 28
8675, 20
8676, 28
8677, 20
8678, 23
8679, 22
8680, 23
8681, 25
8682, 25
8683, 18
8684, 21
8685, 25
8686, 26
8687, 42
8688, 23
8689, 19
8690, 20
8691, 22
8692, 21
8693, 20
8694, 23
8695, 24
8696, 23
8697, 21
8698, 21
8699, 22
8700, 27
8701, 21
8702, 33
8703, 23
8704, 22
8705, 25
8706, 22
8707, 23
8708, 29
8709, 23
8710, 23
8711, 21
8712, 14
8713, 21
8714, 25
8715, 21
8716, 15
8717, 21
8718, 22
8719, 23
8720, 17
8721, 18
8722, 20
8723, 24
8724, 26
8725, 30
8726, 27
8727, 19
8728, 28
8729, 19
8730, 22
8731, 22
8732, 28
8733, 19
8734, 28
8735, 24
8736, 25
8737, 21
8738, 24
8739, 21
8740, 28
8741, 21
8742, 27
8743, 21
8744, 15
8745, 27
8746, 26
8747, 24
8748, 36
8749, 19
8750, 25
8751, 28
8752, 29
8753, 26
8754, 26
8755, 26
8756, 29
8757, 27
8758, 23
8759, 26
8760, 27
8761, 28
8762, 21
8763, 28
8764, 28
8765, 25
8766, 22
8767, 24
8768, 27
8769, 25
8770, 23
8771, 25
8772, 27
8773, 24
8774, 27
8775, 19
8776, 26
8777, 18
8778, 21
8779, 19
8780, 21
8781, 21
8782, 27
8783, 28
8784, 28
8785, 22
8786, 30
8787, 22
8788, 28
8789, 25
8790, 17
8791, 25
8792, 18
8793, 23
8794, 31
8795, 19
8796, 25
8797, 21
8798, 23
8799, 23
8800, 26
8801, 17
8802, 16
8803, 21
8804, 16
8805, 23
8806, 16
8807, 24
8808, 17
8809, 15
8810, 24
8811, 23
8812, 18
8813, 23
8814, 18
8815, 14
8816, 18
8817, 17
8818, 27
8819, 25
8820, 24
8821, 28
8822, 25
8823, 15
8824, 28
8825, 19
8826, 26
8827, 18
8828, 26
8829, 18
8830, 31
8831, 26
8832, 17
8833, 27
8834, 30
8835, 26
8836, 27
8837, 15
8838, 17
8839, 15
8840, 24
8841, 15
8842, 19
8843, 26
8844, 16
8845, 15
8846, 22
8847, 18
8848, 34
8849, 23
8850, 34
8851, 23
8852, 33
8853, 22
8854, 22
8855, 19
8856, 29
8857, 26
8858, 27
8859, 22
8860, 17
8861, 31
8862, 30
8863, 26
8864, 31
8865, 30
8866, 22
8867, 25
8868, 27
8869, 22
8870, 28
8871, 16
8872, 21
8873, 17
8874, 20
8875, 22
8876, 26
8877, 26
8878, 21
8879, 21
8880, 21
8881, 21
8882, 21
8883, 19
8884, 22
8885, 19
8886, 31
8887, 18
8888, 18
8889, 19
8890, 34
8891, 18
8892, 29
8893, 18
8894, 26
8895, 22
8896, 31
8897, 24
8898, 31
8899, 21
8900, 21
8901, 17
8902, 20
8903, 15
8904, 18
8905, 30
8906, 30
8907, 23
8908, 25
8909, 26
8910, 22
8911, 15
8912, 22
8913, 16
8914, 27
8915, 18
8916, 21
8917, 17
8918, 28
8919, 18
8920, 21
8921, 20
8922, 34
8923, 30
8924, 27
8925, 29
8926, 28
8927, 28
8928, 27
8929, 19
8930, 35
8931, 29
8932, 25
8933, 19
8934, 30
8935, 35
8936, 22
8937, 28
8938, 29
8939, 23
8940, 21
8941, 17
8942, 31
8943, 20
8944, 25
8945, 21
8946, 18
8947, 19
8948, 23
8949, 29
8950, 28
8951, 22
8952, 28
8953, 27
8954, 26
8955, 28
8956, 35
8957, 22
8958, 34
8959, 21
8960, 20
8961, 22
8962, 25
8963, 23
8964, 25
8965, 22
8966, 19
8967, 21
8968, 22
8969, 19
8970, 19
8971, 21
8972, 21
8973, 28
8974, 32
8975, 31
8976, 33
8977, 20
8978, 18
8979, 27
8980, 19
8981, 31
8982, 32
8983, 19
8984, 19
8985, 20
8986, 19
8987, 28
8988, 22
8989, 27
8990, 22
8991, 26
8992, 17
8993, 28
8994, 20
8995, 20
8996, 22
8997, 21
8998, 21
8999, 31
9000, 31
9001, 15
9002, 15
9003, 22
9004, 15
9005, 27
9006, 25
9007, 22
9008, 30
9009, 24
9010, 20
9011, 24
9012, 29
9013, 23
9014, 19
9015, 35
9016, 17
9017, 18
9018, 13
9019, 22
9020, 26
9021, 38
9022, 25
9023, 27
9024, 13
9025, 29
9026, 12
9027, 18
9028, 24
9029, 16
9030, 14
9031, 28
9032, 31
9033, 26
9034, 26
9035, 27
9036, 15
9037, 27
9038, 25
9039, 23
9040, 26
9041, 28
9042, 24
9043, 26
9044, 28
9045, 20
9046, 21
9047, 19
9048, 12
9049, 25
9050, 15
9051, 18
9052, 14
9053, 27
9054, 27
9055, 22
9056, 25
9057, 17
9058, 16
9059, 21
9060, 27
9061, 23
9062, 28
9063, 20
9064, 24
9065, 21
9066, 24
9067, 22
9068, 29
9069, 24
9070, 16
9071, 26
9072, 23
9073, 27
9074, 28
9075, 22
9076, 22
9077, 22
9078, 28
9079, 21
9080, 29
9081, 17
9082, 24
9083, 37
9084, 18
9085, 26
9086, 29
9087, 25
9088, 37
9089, 21
9090, 30
9091, 25
9092, 20
9093, 19
9094, 23
9095, 16
9096, 26
9097, 29
9098, 26
9099, 25
9100, 27
9101, 14
9102, 25
9103, 28
9104, 28
9105, 19
9106, 27
9107, 32
9108, 19
9109, 20
9110, 16
9111, 22
9112, 18
9113, 28
9114, 17
9115, 25
9116, 20
9117, 23
9118, 19
9119, 30
9120, 26
9121, 26
9122, 19
9123, 29
9124, 31
9125, 17
9126, 19
9127, 22
9128, 33
9129, 18
9130, 23
9131, 18
9132, 19
9133, 23
9134, 16
9135, 21
9136, 20
9137, 24
9138, 27
9139, 24
9140, 33
9141, 23
9142, 19
9143, 25
9144, 19
9145, 23
9146, 19
9147, 27
9148, 28
9149, 20
9150, 31
9151, 30
9152, 28
9153, 21
9154, 26
9155, 28
9156, 25
9157, 24
9158, 21
9159, 16
9160, 24
9161, 16
9162, 32
9163, 16
9164, 30
9165, 24
9166, 22
9167, 29
9168, 23
9169, 26
9170, 22
9171, 21
9172, 27
9173, 26
9174, 24
9175, 19
9176, 25
9177, 19
9178, 25
9179, 25
9180, 36
9181, 24
9182, 18
9183, 19
9184, 25
9185, 31
9186, 27
9187, 24
9188, 24
9189, 22
9190, 22
9191, 20
9192, 20
9193, 41
9194, 34
9195, 23
9196, 23
9197, 20
9198, 19
9199, 19
9200, 28
9201, 28
9202, 30
9203, 22
9204, 33
9205, 23
9206, 23
9207, 21
9208, 26
9209, 18
9210, 26
9211, 21
9212, 24
9213, 20
9214, 34
9215, 20
9216, 22
9217, 23
9218, 25
9219, 24
9220, 27
9221, 20
9222, 32
9223, 33
9224, 20
9225, 27
9226, 19
9227, 24
9228, 26
9229, 28
9230, 18
9231, 19
9232, 18
9233, 23
9234, 18
9235, 24
9236, 18
9237, 24
9238, 30
9239, 18
9240, 25
9241, 27
9242, 38
9243, 21
9244, 17
9245, 29
9246, 19
9247, 17
9248, 25
9249, 28
9250, 18
9251, 18
9252, 31
9253, 23
9254, 25
9255, 30
9256, 18
9257, 17
9258, 29
9259, 18
9260, 18
9261, 26
9262, 31
9263, 33
9264, 21
9265, 21
9266, 24
9267, 29
9268, 19
9269, 33
9270, 31
9271, 17
9272, 28
9273, 27
9274, 24
9275, 18
9276, 28
9277, 25
9278, 24
9279, 24
9280, 20
9281, 23
9282, 22
9283, 27
9284, 20
9285, 26
9286, 20
9287, 25
9288, 31
9289, 25
9290, 21
9291, 24
9292, 26
9293, 24
9294, 26
9295, 32
9296, 28
9297, 31
9298, 27
9299, 23
9300, 20
9301, 23
9302, 32
9303, 21
9304, 21
9305, 21
9306, 22
9307, 21
9308, 28
9309, 19
9310, 25
9311, 20
9312, 27
9313, 21
9314, 28
9315, 19
9316, 28
9317, 18
9318, 30
9319, 18
9320, 27
9321, 29
9322, 27
9323, 21
9324, 25
9325, 18
9326, 25
9327, 25
9328, 35
9329, 21
9330, 20
9331, 15
9332, 25
9333, 20
9334, 29
9335, 21
9336, 27
9337, 28
9338, 18
9339, 17
9340, 19
9341, 19
9342, 27
9343, 34
9344, 22
9345, 24
9346, 24
9347, 23
9348, 29
9349, 24
9350, 21
9351, 30
9352, 27
9353, 25
9354, 27
9355, 18
9356, 27
9357, 23
9358, 27
9359, 17
9360, 31
9361, 21
9362, 19
9363, 19
9364, 26
9365, 23
9366, 31
9367, 24
9368, 36
9369, 23
9370, 24
9371, 20
9372, 21
9373, 31
9374, 29
9375, 20
9376, 28
9377, 24
9378, 22
9379, 24
9380, 24
9381, 22
9382, 28
9383, 22
9384, 21
9385, 28
9386, 30
9387, 23
9388, 21
9389, 20
9390, 24
9391, 23
9392, 30
9393, 22
9394, 34
9395, 24
9396, 25
9397, 23
9398, 25
9399, 23
9400, 22
9401, 26
9402, 19
9403, 27
9404, 19
9405, 18
9406, 20
9407, 22
9408, 18
9409, 17
9410, 25
9411, 23
9412, 24
9413, 25
9414, 18
9415, 26
9416, 21
9417, 20
9418, 31
9419, 27
9420, 19
9421, 23
9422, 30
9423, 17
9424, 33
9425, 30
9426, 21
9427, 32
9428, 21
9429, 27
9430, 25
9431, 17
9432, 30
9433, 19
9434, 31
9435, 22
9436, 19
9437, 22
9438, 32
9439, 20
9440, 24
9441, 25
9442, 18
9443, 20
9444, 33
9445, 19
9446, 22
9447, 22
9448, 22
9449, 19
9450, 19
9451, 20
9452, 19
9453, 21
9454, 25
9455, 18
9456, 22
9457, 22
9458, 20
9459, 23
9460, 27
9461, 29
9462, 19
9463, 22
9464, 26
9465, 31
9466, 20
9467, 24
9468, 21
9469, 23
9470, 29
9471, 22
9472, 21
9473, 26
9474, 21
9475, 25
9476, 25
9477, 25
9478, 24
9479, 22
9480, 23
9481, 25
9482, 22
9483, 26
9484, 21
9485, 27
9486, 20
9487, 28
9488, 24
9489, 25
9490, 26
9491, 26
9492, 24
9493, 24
9494, 17
9495, 23
9496, 21
9497, 24
9498, 19
9499, 32
9500, 22
9501, 29
9502, 26
9503, 22
9504, 25
9505, 23
9506, 27
9507, 29
9508, 19
9509, 23
9510, 21
9511, 24
9512, 30
9513, 24
9514, 30
9515, 28
9516, 24
9517, 20
9518, 20
9519, 26
9520, 29
9521, 19
9522, 38
9523, 27
9524, 29
9525, 27
9526, 22
9527, 21
9528, 23
9529, 20
9530, 26
9531, 26
9532, 27
9533, 22
9534, 24
9535, 23
9536, 29
9537, 28
9538, 24
9539, 29
9540, 24
9541, 29
9542, 18
9543, 21
9544, 31
9545, 19
9546, 19
9547, 24
9548, 19
9549, 19
9550, 26
9551, 20
9552, 26
9553, 20
9554, 19
9555, 23
9556, 37
9557, 21
9558, 23
9559, 24
9560, 30
9561, 19
9562, 22
9563, 21
9564, 22
9565, 21
9566, 20
9567, 24
9568, 17
9569, 29
9570, 17
9571, 23
9572, 20
9573, 23
9574, 22
9575, 18
9576, 24
9577, 18
9578, 17
9579, 27
9580, 22
9581, 21
9582, 22
9583, 19
9584, 26
9585, 24
9586, 31
9587, 21
9588, 21
9589, 16
9590, 24
9591, 27
9592, 23
9593, 19
9594, 24
9595, 25
9596, 20
9597, 18
9598, 24
9599, 19
9600, 25
9601, 30
9602, 29
9603, 15
9604, 22
9605, 22
9606, 22
9607, 26
9608, 26
9609, 28
9610, 23
9611, 28
9612, 24
9613, 24
9614, 21
9615, 24
9616, 24
9617, 21
9618, 17
9619, 23
9620, 23
9621, 29
9622, 23
9623, 18
9624, 19
9625, 24
9626, 22
9627, 26
9628, 25
9629, 20
9630, 24
9631, 23
9632, 24
9633, 22
9634, 26
9635, 19
9636, 25
9637, 19
9638, 22
9639, 21
9640, 31
9641, 23
9642, 25
9643, 22
9644, 24
9645, 21
9646, 30
9647, 23
9648, 23
9649, 31
9650, 23
9651, 24
9652, 44
9653, 22
9654, 26
9655, 20
9656, 21
9657, 23
9658, 26
9659, 21
9660, 28
9661, 20
9662, 29
9663, 21
9664, 23
9665, 20
9666, 20
9667, 25
9668, 21
9669, 19
9670, 26
9671, 18
9672, 20
9673, 26
9674, 24
9675, 19
9676, 23
9677, 28
9678, 23
9679, 27
9680, 26
9681, 19
9682, 24
9683, 28
9684, 25
9685, 20
9686, 27
9687, 17
9688, 27
9689, 22
9690, 27
9691, 17
9692, 31
9693, 30
9694, 27
9695, 16
9696, 29
9697, 22
9698, 25
9699, 17
9700, 25
9701, 21
9702, 21
9703, 33
9704, 27
9705, 16
9706, 22
9707, 20
9708, 23
9709, 17
9710, 31
9711, 21
9712, 26
9713, 18
9714, 24
9715, 25
9716, 22
9717, 26
9718, 24
9719, 27
9720, 26
9721, 27
9722, 25
9723, 29
9724, 25
9725, 25
9726, 27
9727, 19
9728, 24
9729, 20
9730, 29
9731, 23
9732, 23
9733, 21
9734, 22
9735, 14
9736, 21
9737, 25
9738, 25
9739, 29
9740, 20
9741, 19
9742, 20
9743, 29
9744, 27
9745, 28
9746, 22
9747, 11
9748, 19
9749, 28
9750, 27
9751, 11
9752, 19
9753, 24
9754, 23
9755, 22
9756, 19
9757, 11
9758, 19
9759, 20
9760, 38
9761, 26
9762, 26
9763, 13
9764, 22
9765, 24
9766, 20
9767, 27
9768, 20
9769, 25
9770, 30
9771, 24
9772, 16
9773, 16
9774, 30
9775, 27
9776, 23
9777, 23
9778, 24
9779, 13
9780, 15
9781, 22
9782, 27
9783, 18
9784, 22
9785, 22
9786, 23
9787, 17
9788, 22
9789, 18
9790, 28
9791, 31
9792, 26
9793, 16
9794, 20
9795, 23
9796, 27
9797, 25
9798, 17
9799, 19
9800, 18
9801, 22
9802, 24
9803, 28
9804, 16
9805, 15
9806, 29
9807, 26
9808, 23
9809, 25
9810, 19
9811, 16
9812, 19
9813, 33
9814, 14
9815, 20
9816, 13
9817, 25
9818, 13
9819, 28
9820, 17
9821, 19
9822, 13
9823, 25
9824, 15
9825, 20
9826, 20
9827, 11
9828, 27
9829, 18
9830, 21
9831, 19
9832, 29
9833, 28
9834, 24
9835, 18
9836, 24
9837, 28
9838, 15
9839, 26
9840, 25
9841, 18
9842, 20
9843, 19
9844, 26
9845, 29
9846, 16
9847, 26
9848, 15
9849, 30
9850, 23
9851, 17
9852, 31
9853, 19
9854, 16
9855, 32
9856, 29
9857, 15
9858, 21
9859, 28
9860, 25
9861, 19
9862, 17
9863, 27
9864, 18
9865, 19
9866, 27
9867, 15
9868, 22
9869, 15
9870, 20
9871, 15
9872, 23
9873, 32
9874, 23
9875, 16
9876, 19
9877, 32
9878, 32
9879, 32
9880, 37
9881, 23
9882, 23
9883, 23
9884, 19
9885, 22
9886, 27
9887, 30
9888, 25
9889, 19
9890, 27
9891, 20
9892, 23
9893, 18
9894, 32
9895, 17
9896, 33
9897, 20
9898, 11
9899, 17
9900, 23
9901, 20
9902, 30
9903, 15
9904, 13
9905, 19
9906, 30
9907, 29
9908, 39
9909, 20
9910, 23
9911, 21
9912, 31
9913, 33
9914, 18
9915, 28
9916, 24
9917, 18
9918, 13
9919, 28
9920, 23
9921, 25
9922, 19
9923, 31
9924, 13
9925, 26
9926, 28
9927, 18
9928, 24
9929, 22
9930, 17
9931, 27
9932, 34
9933, 37
9934, 16
9935, 31
9936, 29
9937, 19
9938, 22
9939, 16
9940, 33
9941, 28
9942, 31
9943, 22
9944, 16
9945, 23
9946, 26
9947, 24
9948, 27
9949, 17
9950, 11
9951, 22
9952, 31
9953, 23
9954, 15
9955, 23
9956, 29
9957, 18
9958, 17
9959, 18
9960, 16
9961, 25
9962, 17
9963, 21
9964, 17
9965, 36
9966, 16
9967, 23
9968, 13
9969, 23
9970, 19
9971, 18
9972, 13
9973, 17
9974, 27
9975, 18
9976, 13
9977, 16
9978, 26
9979, 18
9980, 13
9981, 22
9982, 18
9983, 23
9984, 17
9985, 27
9986, 16
9987, 24
9988, 27
9989, 19
9990, 26
9991, 19
9992, 25
9993, 18
9994, 30
9995, 34
9996, 36
9997, 33
9998, 16
9999, 20
10000, 18
10001, 28
