iter, nrecombs
0, 14
1, 14
2, 16
3, 18
4, 18
5, 18
6, 18
7, 19
8, 21
9, 25
10, 25
11, 15
12, 15
13, 16
14, 21
15, 18
16, 18
17, 18
18, 18
19, 16
20, 15
21, 15
22, 15
23, 14
24, 14
25, 14
26, 16
27, 16
28, 16
29, 16
30, 16
31, 15
32, 14
33, 17
34, 17
35, 15
36, 14
37, 8
38, 13
39, 15
40, 15
41, 15
42, 16
43, 11
44, 7
45, 6
46, 7
47, 7
48, 9
49, 9
50, 9
51, 9
52, 13
53, 14
54, 12
55, 12
56, 12
57, 12
58, 12
59, 13
60, 11
61, 11
62, 12
63, 12
64, 15
65, 14
66, 14
67, 14
68, 14
69, 13
70, 13
71, 15
72, 13
73, 16
74, 17
75, 11
76, 11
77, 9
78, 8
79, 15
80, 14
81, 14
82, 15
83, 15
84, 15
85, 14
86, 16
87, 17
88, 17
89, 16
90, 14
91, 20
92, 20
93, 21
94, 16
95, 15
96, 21
97, 14
98, 15
99, 12
100, 10
101, 11
102, 11
103, 11
104, 11
105, 11
106, 17
107, 17
108, 18
109, 15
110, 16
111, 14
112, 14
113, 14
114, 14
115, 22
116, 22
117, 21
118, 21
119, 18
120, 16
121, 16
122, 16
123, 16
124, 16
125, 12
126, 12
127, 12
128, 11
129, 11
130, 11
131, 11
132, 12
133, 12
134, 12
135, 13
136, 13
137, 8
138, 12
139, 12
140, 13
141, 13
142, 11
143, 13
144, 12
145, 12
146, 12
147, 12
148, 12
149, 12
150, 12
151, 12
152, 12
153, 12
154, 12
155, 11
156, 11
157, 12
158, 12
159, 14
160, 13
161, 13
162, 9
163, 9
164, 11
165, 14
166, 17
167, 13
168, 13
169, 13
170, 13
171, 13
172, 11
173, 13
174, 15
175, 15
176, 12
177, 14
178, 16
179, 15
180, 12
181, 13
182, 13
183, 16
184, 18
185, 18
186, 18
187, 14
188, 14
189, 11
190, 14
191, 14
192, 13
193, 13
194, 12
195, 16
196, 13
197, 14
198, 14
199, 14
200, 13
201, 14
202, 17
203, 17
204, 16
205, 8
206, 17
207, 17
208, 17
209, 17
210, 17
211, 17
212, 21
213, 20
214, 18
215, 8
216, 9
217, 8
218, 11
219, 11
220, 11
221, 12
222, 10
223, 10
224, 13
225, 13
226, 16
227, 18
228, 18
229, 10
230, 12
231, 12
232, 11
233, 11
234, 11
235, 20
236, 10
237, 10
238, 13
239, 13
240, 13
241, 11
242, 12
243, 11
244, 10
245, 13
246, 13
247, 13
248, 13
249, 6
250, 8
251, 9
252, 9
253, 9
254, 10
255, 14
256, 19
257, 13
258, 14
259, 10
260, 9
261, 9
262, 6
263, 6
264, 6
265, 6
266, 6
267, 6
268, 6
269, 6
270, 7
271, 12
272, 12
273, 8
274, 9
275, 11
276, 17
277, 17
278, 17
279, 16
280, 11
281, 11
282, 14
283, 14
284, 7
285, 11
286, 14
287, 16
288, 16
289, 12
290, 11
291, 11
292, 11
293, 10
294, 10
295, 8
296, 8
297, 8
298, 8
299, 10
300, 10
301, 10
302, 18
303, 19
304, 18
305, 20
306, 10
307, 14
308, 14
309, 14
310, 14
311, 10
312, 10
313, 8
314, 9
315, 13
316, 14
317, 11
318, 14
319, 14
320, 14
321, 14
322, 14
323, 12
324, 15
325, 12
326, 9
327, 9
328, 11
329, 13
330, 13
331, 9
332, 9
333, 10
334, 11
335, 17
336, 17
337, 15
338, 13
339, 13
340, 14
341, 13
342, 14
343, 14
344, 10
345, 9
346, 10
347, 10
348, 10
349, 10
350, 23
351, 23
352, 17
353, 17
354, 6
355, 14
356, 14
357, 14
358, 14
359, 12
360, 14
361, 17
362, 17
363, 15
364, 15
365, 13
366, 9
367, 9
368, 9
369, 9
370, 11
371, 13
372, 12
373, 10
374, 18
375, 18
376, 21
377, 14
378, 13
379, 15
380, 15
381, 13
382, 14
383, 17
384, 17
385, 17
386, 16
387, 16
388, 12
389, 12
390, 16
391, 14
392, 15
393, 24
394, 14
395, 13
396, 14
397, 10
398, 10
399, 9
400, 9
401, 10
402, 10
403, 10
404, 15
405, 15
406, 14
407, 14
408, 14
409, 13
410, 14
411, 14
412, 18
413, 18
414, 17
415, 28
416, 18
417, 14
418, 19
419, 19
420, 11
421, 10
422, 16
423, 16
424, 16
425, 16
426, 16
427, 15
428, 15
429, 15
430, 14
431, 11
432, 11
433, 11
434, 11
435, 11
436, 11
437, 11
438, 11
439, 11
440, 11
441, 10
442, 10
443, 12
444, 12
445, 11
446, 10
447, 10
448, 10
449, 10
450, 11
451, 13
452, 11
453, 10
454, 12
455, 12
456, 11
457, 15
458, 12
459, 13
460, 13
461, 14
462, 14
463, 11
464, 11
465, 11
466, 13
467, 12
468, 10
469, 9
470, 9
471, 17
472, 15
473, 16
474, 16
475, 16
476, 16
477, 13
478, 15
479, 15
480, 14
481, 13
482, 13
483, 12
484, 15
485, 13
486, 13
487, 17
488, 16
489, 14
490, 14
491, 11
492, 12
493, 11
494, 13
495, 13
496, 10
497, 14
498, 11
499, 11
500, 10
501, 11
502, 12
503, 12
504, 12
505, 14
506, 13
507, 7
508, 10
509, 12
510, 8
511, 8
512, 8
513, 7
514, 10
515, 10
516, 13
517, 12
518, 10
519, 11
520, 13
521, 13
522, 14
523, 9
524, 10
525, 11
526, 11
527, 11
528, 11
529, 11
530, 11
531, 10
532, 12
533, 17
534, 17
535, 17
536, 17
537, 15
538, 18
539, 14
540, 13
541, 12
542, 13
543, 12
544, 10
545, 7
546, 7
547, 6
548, 7
549, 9
550, 17
551, 10
552, 7
553, 13
554, 13
555, 13
556, 13
557, 10
558, 11
559, 14
560, 14
561, 14
562, 15
563, 15
564, 15
565, 16
566, 16
567, 10
568, 9
569, 9
570, 13
571, 10
572, 11
573, 10
574, 9
575, 9
576, 8
577, 10
578, 15
579, 17
580, 16
581, 18
582, 15
583, 15
584, 15
585, 15
586, 15
587, 14
588, 14
589, 15
590, 14
591, 8
592, 8
593, 13
594, 19
595, 13
596, 10
597, 16
598, 13
599, 16
600, 18
601, 18
602, 18
603, 18
604, 10
605, 16
606, 16
607, 16
608, 16
609, 16
610, 17
611, 17
612, 15
613, 13
614, 13
615, 13
616, 13
617, 17
618, 15
619, 15
620, 15
621, 15
622, 20
623, 15
624, 14
625, 14
626, 9
627, 17
628, 17
629, 16
630, 16
631, 8
632, 10
633, 12
634, 12
635, 17
636, 17
637, 15
638, 16
639, 9
640, 15
641, 18
642, 16
643, 16
644, 16
645, 15
646, 9
647, 16
648, 16
649, 19
650, 14
651, 10
652, 10
653, 9
654, 11
655, 11
656, 13
657, 13
658, 13
659, 15
660, 16
661, 15
662, 15
663, 15
664, 15
665, 15
666, 15
667, 19
668, 15
669, 16
670, 14
671, 14
672, 18
673, 18
674, 16
675, 13
676, 13
677, 18
678, 13
679, 13
680, 13
681, 13
682, 12
683, 12
684, 11
685, 14
686, 15
687, 15
688, 12
689, 11
690, 16
691, 15
692, 15
693, 8
694, 9
695, 11
696, 13
697, 16
698, 15
699, 15
700, 11
701, 12
702, 12
703, 14
704, 13
705, 14
706, 11
707, 11
708, 10
709, 10
710, 10
711, 10
712, 9
713, 10
714, 10
715, 10
716, 15
717, 12
718, 11
719, 11
720, 11
721, 13
722, 13
723, 13
724, 11
725, 12
726, 13
727, 12
728, 12
729, 12
730, 12
731, 14
732, 13
733, 13
734, 15
735, 15
736, 14
737, 10
738, 14
739, 15
740, 15
741, 9
742, 16
743, 11
744, 11
745, 12
746, 12
747, 11
748, 11
749, 11
750, 12
751, 10
752, 10
753, 9
754, 9
755, 9
756, 9
757, 17
758, 13
759, 13
760, 13
761, 13
762, 11
763, 14
764, 14
765, 10
766, 12
767, 17
768, 13
769, 12
770, 12
771, 11
772, 13
773, 13
774, 13
775, 11
776, 13
777, 15
778, 18
779, 8
780, 8
781, 11
782, 11
783, 12
784, 13
785, 9
786, 9
787, 10
788, 13
789, 16
790, 16
791, 16
792, 13
793, 13
794, 18
795, 18
796, 16
797, 12
798, 12
799, 11
800, 11
801, 14
802, 11
803, 16
804, 16
805, 19
806, 13
807, 19
808, 12
809, 12
810, 12
811, 12
812, 19
813, 19
814, 19
815, 18
816, 10
817, 10
818, 12
819, 12
820, 10
821, 11
822, 9
823, 8
824, 13
825, 13
826, 12
827, 11
828, 11
829, 14
830, 6
831, 13
832, 12
833, 12
834, 11
835, 11
836, 10
837, 8
838, 8
839, 15
840, 15
841, 15
842, 15
843, 13
844, 14
845, 14
846, 14
847, 14
848, 15
849, 14
850, 17
851, 16
852, 16
853, 15
854, 15
855, 15
856, 15
857, 17
858, 17
859, 15
860, 14
861, 14
862, 14
863, 14
864, 14
865, 14
866, 14
867, 14
868, 9
869, 12
870, 18
871, 16
872, 14
873, 13
874, 10
875, 16
876, 16
877, 16
878, 16
879, 14
880, 14
881, 15
882, 17
883, 15
884, 12
885, 12
886, 14
887, 15
888, 15
889, 11
890, 11
891, 11
892, 9
893, 9
894, 9
895, 9
896, 9
897, 9
898, 9
899, 9
900, 15
901, 15
902, 12
903, 12
904, 10
905, 16
906, 16
907, 16
908, 18
909, 14
910, 8
911, 9
912, 10
913, 10
914, 16
915, 16
916, 16
917, 13
918, 14
919, 11
920, 15
921, 15
922, 11
923, 12
924, 12
925, 12
926, 13
927, 8
928, 8
929, 8
930, 8
931, 8
932, 8
933, 8
934, 8
935, 10
936, 12
937, 8
938, 5
939, 5
940, 4
941, 5
942, 6
943, 6
944, 6
945, 5
946, 6
947, 6
948, 6
949, 6
950, 10
951, 7
952, 7
953, 17
954, 12
955, 16
956, 13
957, 12
958, 11
959, 12
960, 12
961, 12
962, 11
963, 13
964, 13
965, 12
966, 12
967, 13
968, 13
969, 12
970, 10
971, 10
972, 12
973, 12
974, 12
975, 12
976, 14
977, 14
978, 14
979, 14
980, 14
981, 10
982, 13
983, 11
984, 18
985, 18
986, 10
987, 8
988, 18
989, 18
990, 13
991, 13
992, 12
993, 12
994, 11
995, 11
996, 6
997, 13
998, 12
999, 11
1000, 10
1001, 9
1002, 9
1003, 12
1004, 10
1005, 10
1006, 12
1007, 6
1008, 6
1009, 10
1010, 10
1011, 10
1012, 10
1013, 10
1014, 11
1015, 12
1016, 13
1017, 13
1018, 13
1019, 18
1020, 14
1021, 11
1022, 11
1023, 12
1024, 13
1025, 11
1026, 11
1027, 11
1028, 10
1029, 10
1030, 9
1031, 12
1032, 15
1033, 15
1034, 15
1035, 15
1036, 14
1037, 14
1038, 15
1039, 15
1040, 15
1041, 11
1042, 11
1043, 13
1044, 12
1045, 13
1046, 16
1047, 13
1048, 12
1049, 11
1050, 11
1051, 13
1052, 13
1053, 12
1054, 10
1055, 12
1056, 12
1057, 12
1058, 11
1059, 11
1060, 10
1061, 11
1062, 9
1063, 9
1064, 11
1065, 11
1066, 14
1067, 12
1068, 10
1069, 10
1070, 10
1071, 12
1072, 12
1073, 12
1074, 12
1075, 12
1076, 16
1077, 12
1078, 14
1079, 14
1080, 14
1081, 14
1082, 13
1083, 8
1084, 10
1085, 10
1086, 14
1087, 14
1088, 10
1089, 9
1090, 11
1091, 11
1092, 11
1093, 12
1094, 11
1095, 13
1096, 6
1097, 11
1098, 11
1099, 11
1100, 14
1101, 10
1102, 9
1103, 9
1104, 8
1105, 8
1106, 8
1107, 12
1108, 16
1109, 17
1110, 16
1111, 15
1112, 14
1113, 12
1114, 12
1115, 13
1116, 13
1117, 11
1118, 12
1119, 11
1120, 11
1121, 11
1122, 17
1123, 17
1124, 18
1125, 12
1126, 20
1127, 10
1128, 10
1129, 10
1130, 12
1131, 13
1132, 18
1133, 15
1134, 16
1135, 13
1136, 10
1137, 12
1138, 12
1139, 15
1140, 10
1141, 15
1142, 15
1143, 13
1144, 14
1145, 11
1146, 11
1147, 11
1148, 8
1149, 11
1150, 11
1151, 9
1152, 9
1153, 9
1154, 9
1155, 9
1156, 9
1157, 7
1158, 7
1159, 9
1160, 10
1161, 11
1162, 13
1163, 12
1164, 16
1165, 14
1166, 21
1167, 20
1168, 21
1169, 14
1170, 13
1171, 17
1172, 17
1173, 16
1174, 18
1175, 12
1176, 12
1177, 11
1178, 13
1179, 13
1180, 13
1181, 15
1182, 15
1183, 18
1184, 18
1185, 17
1186, 15
1187, 16
1188, 19
1189, 20
1190, 17
1191, 13
1192, 13
1193, 12
1194, 12
1195, 12
1196, 18
1197, 16
1198, 11
1199, 16
1200, 15
1201, 13
1202, 14
1203, 12
1204, 12
1205, 9
1206, 12
1207, 12
1208, 12
1209, 12
1210, 12
1211, 13
1212, 15
1213, 16
1214, 15
1215, 14
1216, 13
1217, 16
1218, 14
1219, 14
1220, 15
1221, 13
1222, 10
1223, 13
1224, 13
1225, 14
1226, 16
1227, 16
1228, 16
1229, 16
1230, 15
1231, 15
1232, 15
1233, 14
1234, 14
1235, 14
1236, 14
1237, 15
1238, 16
1239, 12
1240, 10
1241, 10
1242, 14
1243, 14
1244, 14
1245, 14
1246, 14
1247, 15
1248, 15
1249, 13
1250, 13
1251, 12
1252, 10
1253, 12
1254, 17
1255, 17
1256, 8
1257, 10
1258, 11
1259, 15
1260, 18
1261, 18
1262, 16
1263, 16
1264, 12
1265, 15
1266, 21
1267, 11
1268, 9
1269, 9
1270, 9
1271, 9
1272, 9
1273, 12
1274, 12
1275, 12
1276, 11
1277, 13
1278, 13
1279, 13
1280, 14
1281, 13
1282, 10
1283, 10
1284, 10
1285, 10
1286, 10
1287, 9
1288, 11
1289, 11
1290, 11
1291, 9
1292, 7
1293, 14
1294, 14
1295, 10
1296, 12
1297, 12
1298, 15
1299, 8
1300, 17
1301, 17
1302, 14
1303, 14
1304, 13
1305, 14
1306, 14
1307, 13
1308, 12
1309, 10
1310, 9
1311, 13
1312, 17
1313, 7
1314, 15
1315, 14
1316, 19
1317, 19
1318, 19
1319, 19
1320, 19
1321, 19
1322, 11
1323, 11
1324, 12
1325, 11
1326, 11
1327, 11
1328, 11
1329, 12
1330, 12
1331, 10
1332, 10
1333, 9
1334, 8
1335, 9
1336, 10
1337, 10
1338, 7
1339, 7
1340, 9
1341, 10
1342, 12
1343, 12
1344, 13
1345, 11
1346, 11
1347, 10
1348, 14
1349, 11
1350, 11
1351, 13
1352, 11
1353, 15
1354, 15
1355, 10
1356, 15
1357, 15
1358, 8
1359, 8
1360, 8
1361, 10
1362, 14
1363, 16
1364, 11
1365, 8
1366, 8
1367, 8
1368, 9
1369, 10
1370, 10
1371, 8
1372, 9
1373, 19
1374, 19
1375, 19
1376, 19
1377, 16
1378, 12
1379, 12
1380, 11
1381, 11
1382, 11
1383, 9
1384, 10
1385, 11
1386, 14
1387, 14
1388, 14
1389, 15
1390, 14
1391, 15
1392, 17
1393, 17
1394, 15
1395, 15
1396, 19
1397, 12
1398, 10
1399, 16
1400, 14
1401, 14
1402, 14
1403, 14
1404, 14
1405, 14
1406, 15
1407, 15
1408, 14
1409, 10
1410, 10
1411, 16
1412, 17
1413, 17
1414, 18
1415, 18
1416, 19
1417, 13
1418, 13
1419, 14
1420, 13
1421, 12
1422, 12
1423, 14
1424, 14
1425, 14
1426, 14
1427, 15
1428, 15
1429, 20
1430, 20
1431, 20
1432, 20
1433, 13
1434, 13
1435, 15
1436, 9
1437, 15
1438, 11
1439, 13
1440, 13
1441, 14
1442, 14
1443, 13
1444, 13
1445, 16
1446, 18
1447, 17
1448, 16
1449, 13
1450, 16
1451, 16
1452, 16
1453, 10
1454, 8
1455, 11
1456, 15
1457, 12
1458, 13
1459, 11
1460, 11
1461, 11
1462, 9
1463, 12
1464, 12
1465, 13
1466, 13
1467, 15
1468, 13
1469, 9
1470, 11
1471, 11
1472, 12
1473, 12
1474, 12
1475, 12
1476, 13
1477, 14
1478, 13
1479, 13
1480, 14
1481, 15
1482, 14
1483, 17
1484, 18
1485, 17
1486, 17
1487, 19
1488, 19
1489, 14
1490, 10
1491, 10
1492, 10
1493, 10
1494, 10
1495, 10
1496, 10
1497, 17
1498, 17
1499, 18
1500, 18
1501, 18
1502, 20
1503, 18
1504, 17
1505, 12
1506, 12
1507, 12
1508, 13
1509, 13
1510, 13
1511, 20
1512, 20
1513, 20
1514, 20
1515, 19
1516, 14
1517, 15
1518, 14
1519, 13
1520, 13
1521, 16
1522, 17
1523, 14
1524, 15
1525, 11
1526, 11
1527, 11
1528, 11
1529, 12
1530, 11
1531, 12
1532, 12
1533, 12
1534, 12
1535, 12
1536, 12
1537, 16
1538, 12
1539, 12
1540, 11
1541, 11
1542, 11
1543, 14
1544, 19
1545, 18
1546, 12
1547, 11
1548, 11
1549, 12
1550, 13
1551, 13
1552, 14
1553, 12
1554, 15
1555, 15
1556, 16
1557, 9
1558, 14
1559, 11
1560, 12
1561, 14
1562, 9
1563, 11
1564, 17
1565, 17
1566, 17
1567, 9
1568, 8
1569, 12
1570, 12
1571, 12
1572, 13
1573, 14
1574, 15
1575, 13
1576, 13
1577, 13
1578, 13
1579, 13
1580, 13
1581, 13
1582, 13
1583, 13
1584, 11
1585, 13
1586, 11
1587, 11
1588, 11
1589, 11
1590, 11
1591, 11
1592, 11
1593, 8
1594, 11
1595, 11
1596, 10
1597, 10
1598, 6
1599, 6
1600, 8
1601, 13
1602, 13
1603, 15
1604, 14
1605, 14
1606, 14
1607, 7
1608, 8
1609, 14
1610, 14
1611, 14
1612, 6
1613, 6
1614, 6
1615, 11
1616, 11
1617, 10
1618, 8
1619, 8
1620, 9
1621, 11
1622, 14
1623, 15
1624, 15
1625, 14
1626, 14
1627, 14
1628, 14
1629, 14
1630, 16
1631, 16
1632, 16
1633, 14
1634, 14
1635, 10
1636, 11
1637, 13
1638, 21
1639, 11
1640, 14
1641, 15
1642, 14
1643, 14
1644, 13
1645, 13
1646, 13
1647, 12
1648, 13
1649, 13
1650, 13
1651, 12
1652, 13
1653, 13
1654, 17
1655, 15
1656, 15
1657, 12
1658, 9
1659, 13
1660, 13
1661, 8
1662, 11
1663, 7
1664, 7
1665, 20
1666, 14
1667, 14
1668, 12
1669, 12
1670, 15
1671, 16
1672, 16
1673, 16
1674, 11
1675, 11
1676, 11
1677, 14
1678, 12
1679, 10
1680, 10
1681, 10
1682, 10
1683, 12
1684, 13
1685, 13
1686, 18
1687, 12
1688, 10
1689, 10
1690, 10
1691, 8
1692, 12
1693, 12
1694, 13
1695, 13
1696, 13
1697, 9
1698, 9
1699, 9
1700, 11
1701, 9
1702, 11
1703, 11
1704, 15
1705, 12
1706, 12
1707, 12
1708, 12
1709, 12
1710, 12
1711, 12
1712, 12
1713, 15
1714, 15
1715, 13
1716, 13
1717, 14
1718, 15
1719, 13
1720, 11
1721, 9
1722, 9
1723, 9
1724, 12
1725, 11
1726, 11
1727, 10
1728, 11
1729, 13
1730, 13
1731, 13
1732, 12
1733, 15
1734, 17
1735, 14
1736, 14
1737, 13
1738, 13
1739, 13
1740, 13
1741, 14
1742, 14
1743, 13
1744, 14
1745, 12
1746, 13
1747, 12
1748, 18
1749, 18
1750, 18
1751, 17
1752, 17
1753, 17
1754, 17
1755, 17
1756, 14
1757, 13
1758, 13
1759, 13
1760, 13
1761, 13
1762, 10
1763, 10
1764, 10
1765, 10
1766, 10
1767, 10
1768, 10
1769, 14
1770, 14
1771, 13
1772, 12
1773, 13
1774, 10
1775, 13
1776, 10
1777, 10
1778, 10
1779, 10
1780, 11
1781, 9
1782, 9
1783, 9
1784, 9
1785, 10
1786, 10
1787, 10
1788, 10
1789, 12
1790, 18
1791, 14
1792, 13
1793, 13
1794, 14
1795, 13
1796, 11
1797, 14
1798, 9
1799, 8
1800, 11
1801, 14
1802, 10
1803, 10
1804, 11
1805, 7
1806, 7
1807, 13
1808, 13
1809, 11
1810, 13
1811, 13
1812, 14
1813, 13
1814, 11
1815, 16
1816, 12
1817, 12
1818, 13
1819, 16
1820, 12
1821, 14
1822, 11
1823, 17
1824, 16
1825, 13
1826, 13
1827, 10
1828, 10
1829, 9
1830, 9
1831, 12
1832, 11
1833, 14
1834, 17
1835, 17
1836, 16
1837, 22
1838, 20
1839, 15
1840, 12
1841, 14
1842, 14
1843, 12
1844, 12
1845, 12
1846, 12
1847, 14
1848, 10
1849, 9
1850, 16
1851, 11
1852, 11
1853, 17
1854, 17
1855, 17
1856, 16
1857, 17
1858, 17
1859, 10
1860, 10
1861, 12
1862, 17
1863, 15
1864, 15
1865, 15
1866, 15
1867, 12
1868, 11
1869, 11
1870, 11
1871, 12
1872, 11
1873, 11
1874, 11
1875, 10
1876, 10
1877, 11
1878, 13
1879, 12
1880, 12
1881, 8
1882, 8
1883, 8
1884, 8
1885, 8
1886, 9
1887, 16
1888, 17
1889, 19
1890, 19
1891, 21
1892, 16
1893, 16
1894, 13
1895, 13
1896, 10
1897, 15
1898, 15
1899, 10
1900, 11
1901, 12
1902, 15
1903, 20
1904, 19
1905, 12
1906, 15
1907, 17
1908, 17
1909, 11
1910, 11
1911, 9
1912, 12
1913, 15
1914, 15
1915, 15
1916, 15
1917, 10
1918, 12
1919, 12
1920, 12
1921, 12
1922, 13
1923, 13
1924, 18
1925, 11
1926, 11
1927, 13
1928, 13
1929, 13
1930, 13
1931, 13
1932, 13
1933, 12
1934, 12
1935, 12
1936, 15
1937, 18
1938, 18
1939, 18
1940, 18
1941, 13
1942, 14
1943, 14
1944, 13
1945, 13
1946, 13
1947, 12
1948, 14
1949, 16
1950, 15
1951, 15
1952, 12
1953, 12
1954, 12
1955, 19
1956, 15
1957, 15
1958, 15
1959, 13
1960, 13
1961, 12
1962, 12
1963, 13
1964, 12
1965, 12
1966, 12
1967, 12
1968, 10
1969, 13
1970, 13
1971, 14
1972, 14
1973, 14
1974, 14
1975, 15
1976, 9
1977, 10
1978, 9
1979, 9
1980, 11
1981, 13
1982, 9
1983, 8
1984, 14
1985, 14
1986, 10
1987, 12
1988, 11
1989, 11
1990, 12
1991, 12
1992, 12
1993, 11
1994, 11
1995, 11
1996, 11
1997, 8
1998, 17
1999, 16
2000, 11
2001, 20
2002, 20
2003, 16
2004, 16
2005, 17
2006, 18
2007, 18
2008, 18
2009, 17
2010, 17
2011, 17
2012, 13
2013, 16
2014, 16
2015, 12
2016, 12
2017, 18
2018, 18
2019, 18
2020, 18
2021, 18
2022, 17
2023, 11
2024, 16
2025, 15
2026, 14
2027, 9
2028, 11
2029, 11
2030, 12
2031, 10
2032, 9
2033, 9
2034, 9
2035, 12
2036, 10
2037, 10
2038, 13
2039, 13
2040, 15
2041, 15
2042, 16
2043, 12
2044, 12
2045, 20
2046, 16
2047, 16
2048, 19
2049, 19
2050, 18
2051, 15
2052, 14
2053, 14
2054, 14
2055, 14
2056, 10
2057, 13
2058, 11
2059, 12
2060, 12
2061, 12
2062, 10
2063, 11
2064, 14
2065, 13
2066, 14
2067, 14
2068, 15
2069, 14
2070, 14
2071, 14
2072, 14
2073, 16
2074, 16
2075, 17
2076, 16
2077, 16
2078, 16
2079, 12
2080, 14
2081, 13
2082, 10
2083, 16
2084, 16
2085, 13
2086, 12
2087, 11
2088, 11
2089, 11
2090, 11
2091, 11
2092, 11
2093, 10
2094, 11
2095, 17
2096, 15
2097, 15
2098, 9
2099, 14
2100, 13
2101, 14
2102, 12
2103, 10
2104, 11
2105, 11
2106, 12
2107, 12
2108, 11
2109, 7
2110, 10
2111, 7
2112, 7
2113, 7
2114, 7
2115, 7
2116, 7
2117, 11
2118, 11
2119, 10
2120, 9
2121, 12
2122, 11
2123, 11
2124, 12
2125, 12
2126, 10
2127, 10
2128, 18
2129, 18
2130, 13
2131, 15
2132, 14
2133, 14
2134, 14
2135, 14
2136, 14
2137, 14
2138, 14
2139, 14
2140, 19
2141, 17
2142, 16
2143, 13
2144, 10
2145, 11
2146, 9
2147, 9
2148, 16
2149, 15
2150, 15
2151, 12
2152, 13
2153, 17
2154, 17
2155, 17
2156, 14
2157, 14
2158, 12
2159, 12
2160, 13
2161, 13
2162, 8
2163, 11
2164, 11
2165, 11
2166, 11
2167, 14
2168, 15
2169, 15
2170, 15
2171, 15
2172, 17
2173, 16
2174, 11
2175, 11
2176, 11
2177, 9
2178, 10
2179, 17
2180, 15
2181, 15
2182, 16
2183, 17
2184, 16
2185, 16
2186, 13
2187, 11
2188, 10
2189, 10
2190, 15
2191, 17
2192, 12
2193, 17
2194, 17
2195, 17
2196, 9
2197, 12
2198, 12
2199, 12
2200, 12
2201, 10
2202, 18
2203, 16
2204, 16
2205, 14
2206, 13
2207, 11
2208, 12
2209, 11
2210, 12
2211, 11
2212, 14
2213, 14
2214, 14
2215, 12
2216, 11
2217, 11
2218, 11
2219, 10
2220, 11
2221, 10
2222, 10
2223, 14
2224, 7
2225, 7
2226, 8
2227, 10
2228, 10
2229, 12
2230, 11
2231, 13
2232, 12
2233, 12
2234, 12
2235, 12
2236, 12
2237, 13
2238, 10
2239, 13
2240, 13
2241, 11
2242, 13
2243, 14
2244, 14
2245, 14
2246, 13
2247, 13
2248, 13
2249, 9
2250, 9
2251, 7
2252, 7
2253, 13
2254, 13
2255, 13
2256, 16
2257, 9
2258, 9
2259, 12
2260, 10
2261, 12
2262, 12
2263, 8
2264, 10
2265, 10
2266, 16
2267, 9
2268, 9
2269, 9
2270, 11
2271, 11
2272, 11
2273, 10
2274, 10
2275, 10
2276, 10
2277, 12
2278, 10
2279, 10
2280, 10
2281, 10
2282, 9
2283, 9
2284, 9
2285, 9
2286, 9
2287, 10
2288, 11
2289, 12
2290, 12
2291, 12
2292, 13
2293, 15
2294, 16
2295, 14
2296, 14
2297, 9
2298, 12
2299, 12
2300, 9
2301, 13
2302, 13
2303, 13
2304, 13
2305, 14
2306, 14
2307, 14
2308, 16
2309, 12
2310, 11
2311, 11
2312, 7
2313, 14
2314, 13
2315, 13
2316, 13
2317, 12
2318, 14
2319, 17
2320, 15
2321, 13
2322, 14
2323, 14
2324, 16
2325, 16
2326, 16
2327, 21
2328, 21
2329, 20
2330, 20
2331, 19
2332, 18
2333, 18
2334, 13
2335, 16
2336, 19
2337, 19
2338, 19
2339, 18
2340, 18
2341, 14
2342, 14
2343, 14
2344, 12
2345, 17
2346, 17
2347, 11
2348, 15
2349, 15
2350, 7
2351, 7
2352, 7
2353, 8
2354, 11
2355, 10
2356, 15
2357, 11
2358, 9
2359, 12
2360, 10
2361, 13
2362, 12
2363, 8
2364, 8
2365, 11
2366, 12
2367, 11
2368, 11
2369, 11
2370, 11
2371, 11
2372, 11
2373, 12
2374, 12
2375, 12
2376, 14
2377, 8
2378, 6
2379, 6
2380, 15
2381, 15
2382, 11
2383, 11
2384, 11
2385, 11
2386, 11
2387, 11
2388, 13
2389, 13
2390, 12
2391, 9
2392, 9
2393, 18
2394, 17
2395, 17
2396, 11
2397, 11
2398, 8
2399, 11
2400, 12
2401, 12
2402, 13
2403, 14
2404, 14
2405, 14
2406, 9
2407, 11
2408, 16
2409, 17
2410, 16
2411, 15
2412, 12
2413, 13
2414, 13
2415, 14
2416, 10
2417, 9
2418, 8
2419, 7
2420, 7
2421, 7
2422, 10
2423, 12
2424, 17
2425, 15
2426, 23
2427, 17
2428, 16
2429, 14
2430, 16
2431, 16
2432, 12
2433, 12
2434, 12
2435, 10
2436, 9
2437, 10
2438, 10
2439, 15
2440, 15
2441, 17
2442, 16
2443, 12
2444, 8
2445, 15
2446, 12
2447, 14
2448, 9
2449, 11
2450, 11
2451, 14
2452, 9
2453, 9
2454, 9
2455, 14
2456, 16
2457, 17
2458, 8
2459, 8
2460, 8
2461, 14
2462, 14
2463, 14
2464, 14
2465, 15
2466, 15
2467, 13
2468, 9
2469, 9
2470, 11
2471, 15
2472, 15
2473, 14
2474, 14
2475, 13
2476, 17
2477, 11
2478, 15
2479, 15
2480, 16
2481, 15
2482, 14
2483, 9
2484, 11
2485, 11
2486, 11
2487, 8
2488, 14
2489, 13
2490, 16
2491, 11
2492, 12
2493, 12
2494, 11
2495, 14
2496, 15
2497, 12
2498, 16
2499, 16
2500, 16
2501, 16
2502, 18
2503, 16
2504, 17
2505, 13
2506, 13
2507, 13
2508, 13
2509, 13
2510, 13
2511, 13
2512, 14
2513, 15
2514, 15
2515, 17
2516, 19
2517, 14
2518, 14
2519, 13
2520, 13
2521, 16
2522, 10
2523, 14
2524, 12
2525, 19
2526, 17
2527, 10
2528, 10
2529, 10
2530, 10
2531, 10
2532, 12
2533, 11
2534, 14
2535, 10
2536, 10
2537, 10
2538, 16
2539, 12
2540, 11
2541, 21
2542, 14
2543, 17
2544, 17
2545, 12
2546, 12
2547, 12
2548, 9
2549, 10
2550, 12
2551, 14
2552, 12
2553, 21
2554, 20
2555, 18
2556, 19
2557, 18
2558, 11
2559, 13
2560, 12
2561, 11
2562, 11
2563, 11
2564, 9
2565, 8
2566, 12
2567, 12
2568, 13
2569, 13
2570, 15
2571, 15
2572, 15
2573, 15
2574, 17
2575, 16
2576, 16
2577, 12
2578, 12
2579, 8
2580, 8
2581, 9
2582, 9
2583, 11
2584, 11
2585, 12
2586, 12
2587, 12
2588, 10
2589, 17
2590, 9
2591, 8
2592, 9
2593, 9
2594, 11
2595, 11
2596, 12
2597, 19
2598, 15
2599, 15
2600, 12
2601, 10
2602, 10
2603, 10
2604, 10
2605, 13
2606, 13
2607, 18
2608, 19
2609, 20
2610, 16
2611, 15
2612, 17
2613, 12
2614, 14
2615, 14
2616, 14
2617, 14
2618, 11
2619, 10
2620, 7
2621, 7
2622, 6
2623, 6
2624, 10
2625, 12
2626, 11
2627, 14
2628, 9
2629, 11
2630, 8
2631, 7
2632, 12
2633, 14
2634, 14
2635, 11
2636, 11
2637, 11
2638, 11
2639, 9
2640, 9
2641, 8
2642, 9
2643, 9
2644, 15
2645, 15
2646, 14
2647, 14
2648, 9
2649, 15
2650, 14
2651, 21
2652, 21
2653, 21
2654, 17
2655, 18
2656, 15
2657, 17
2658, 15
2659, 16
2660, 17
2661, 8
2662, 8
2663, 8
2664, 7
2665, 6
2666, 6
2667, 8
2668, 11
2669, 11
2670, 12
2671, 14
2672, 15
2673, 12
2674, 12
2675, 12
2676, 13
2677, 13
2678, 12
2679, 12
2680, 12
2681, 12
2682, 12
2683, 12
2684, 12
2685, 9
2686, 10
2687, 10
2688, 9
2689, 9
2690, 8
2691, 8
2692, 8
2693, 10
2694, 8
2695, 8
2696, 8
2697, 9
2698, 14
2699, 14
2700, 14
2701, 16
2702, 14
2703, 14
2704, 11
2705, 11
2706, 12
2707, 12
2708, 12
2709, 12
2710, 12
2711, 12
2712, 11
2713, 12
2714, 18
2715, 10
2716, 9
2717, 9
2718, 10
2719, 13
2720, 15
2721, 17
2722, 17
2723, 18
2724, 18
2725, 18
2726, 17
2727, 16
2728, 19
2729, 13
2730, 10
2731, 10
2732, 11
2733, 11
2734, 11
2735, 11
2736, 10
2737, 10
2738, 10
2739, 9
2740, 12
2741, 13
2742, 12
2743, 9
2744, 9
2745, 11
2746, 9
2747, 11
2748, 11
2749, 11
2750, 11
2751, 8
2752, 9
2753, 9
2754, 12
2755, 9
2756, 14
2757, 14
2758, 14
2759, 16
2760, 16
2761, 16
2762, 16
2763, 16
2764, 16
2765, 16
2766, 16
2767, 16
2768, 16
2769, 16
2770, 16
2771, 15
2772, 15
2773, 16
2774, 13
2775, 13
2776, 13
2777, 13
2778, 13
2779, 15
2780, 14
2781, 14
2782, 15
2783, 14
2784, 14
2785, 22
2786, 17
2787, 16
2788, 16
2789, 16
2790, 10
2791, 10
2792, 13
2793, 13
2794, 13
2795, 9
2796, 9
2797, 15
2798, 16
2799, 16
2800, 9
2801, 10
2802, 14
2803, 14
2804, 12
2805, 15
2806, 15
2807, 15
2808, 11
2809, 15
2810, 10
2811, 11
2812, 12
2813, 12
2814, 12
2815, 12
2816, 10
2817, 11
2818, 12
2819, 12
2820, 11
2821, 11
2822, 11
2823, 5
2824, 5
2825, 8
2826, 10
2827, 9
2828, 8
2829, 7
2830, 10
2831, 15
2832, 12
2833, 12
2834, 11
2835, 15
2836, 15
2837, 16
2838, 12
2839, 10
2840, 10
2841, 9
2842, 9
2843, 16
2844, 16
2845, 15
2846, 13
2847, 13
2848, 13
2849, 13
2850, 13
2851, 16
2852, 15
2853, 15
2854, 14
2855, 13
2856, 15
2857, 14
2858, 13
2859, 16
2860, 20
2861, 21
2862, 20
2863, 19
2864, 19
2865, 16
2866, 15
2867, 21
2868, 11
2869, 14
2870, 14
2871, 14
2872, 14
2873, 9
2874, 9
2875, 9
2876, 11
2877, 11
2878, 11
2879, 10
2880, 8
2881, 7
2882, 8
2883, 10
2884, 10
2885, 13
2886, 12
2887, 12
2888, 12
2889, 12
2890, 15
2891, 15
2892, 15
2893, 15
2894, 11
2895, 14
2896, 9
2897, 11
2898, 10
2899, 10
2900, 11
2901, 10
2902, 9
2903, 9
2904, 9
2905, 8
2906, 12
2907, 11
2908, 14
2909, 15
2910, 16
2911, 16
2912, 13
2913, 13
2914, 13
2915, 14
2916, 14
2917, 14
2918, 13
2919, 13
2920, 10
2921, 11
2922, 10
2923, 10
2924, 11
2925, 9
2926, 13
2927, 10
2928, 10
2929, 13
2930, 10
2931, 15
2932, 9
2933, 16
2934, 16
2935, 20
2936, 14
2937, 14
2938, 9
2939, 9
2940, 9
2941, 9
2942, 12
2943, 10
2944, 14
2945, 14
2946, 13
2947, 14
2948, 11
2949, 14
2950, 14
2951, 12
2952, 11
2953, 16
2954, 16
2955, 17
2956, 17
2957, 17
2958, 12
2959, 11
2960, 11
2961, 15
2962, 9
2963, 11
2964, 12
2965, 12
2966, 17
2967, 17
2968, 16
2969, 16
2970, 18
2971, 15
2972, 15
2973, 15
2974, 11
2975, 10
2976, 10
2977, 9
2978, 11
2979, 22
2980, 22
2981, 22
2982, 22
2983, 22
2984, 13
2985, 11
2986, 11
2987, 11
2988, 17
2989, 17
2990, 17
2991, 17
2992, 17
2993, 17
2994, 17
2995, 16
2996, 16
2997, 15
2998, 15
2999, 14
3000, 14
3001, 14
3002, 14
3003, 17
3004, 12
3005, 13
3006, 13
3007, 13
3008, 19
3009, 11
3010, 13
3011, 12
3012, 13
3013, 13
3014, 13
3015, 13
3016, 10
3017, 10
3018, 10
3019, 14
3020, 14
3021, 14
3022, 14
3023, 15
3024, 15
3025, 16
3026, 16
3027, 15
3028, 14
3029, 14
3030, 25
3031, 25
3032, 12
3033, 11
3034, 13
3035, 14
3036, 16
3037, 11
3038, 7
3039, 9
3040, 12
3041, 12
3042, 10
3043, 10
3044, 10
3045, 16
3046, 16
3047, 16
3048, 16
3049, 16
3050, 17
3051, 10
3052, 10
3053, 16
3054, 6
3055, 8
3056, 11
3057, 11
3058, 11
3059, 9
3060, 11
3061, 11
3062, 11
3063, 11
3064, 16
3065, 14
3066, 14
3067, 14
3068, 12
3069, 14
3070, 13
3071, 15
3072, 12
3073, 12
3074, 10
3075, 10
3076, 10
3077, 15
3078, 16
3079, 14
3080, 12
3081, 12
3082, 12
3083, 12
3084, 12
3085, 12
3086, 12
3087, 12
3088, 8
3089, 12
3090, 12
3091, 12
3092, 10
3093, 10
3094, 9
3095, 12
3096, 16
3097, 15
3098, 16
3099, 16
3100, 15
3101, 17
3102, 17
3103, 15
3104, 12
3105, 12
3106, 12
3107, 10
3108, 10
3109, 11
3110, 11
3111, 10
3112, 21
3113, 13
3114, 13
3115, 13
3116, 11
3117, 9
3118, 12
3119, 18
3120, 16
3121, 10
3122, 10
3123, 10
3124, 9
3125, 11
3126, 11
3127, 11
3128, 11
3129, 18
3130, 13
3131, 14
3132, 10
3133, 12
3134, 12
3135, 11
3136, 14
3137, 15
3138, 15
3139, 15
3140, 18
3141, 15
3142, 20
3143, 20
3144, 12
3145, 17
3146, 17
3147, 17
3148, 17
3149, 15
3150, 13
3151, 22
3152, 11
3153, 11
3154, 11
3155, 9
3156, 9
3157, 10
3158, 15
3159, 15
3160, 10
3161, 10
3162, 13
3163, 15
3164, 15
3165, 15
3166, 10
3167, 11
3168, 15
3169, 13
3170, 13
3171, 14
3172, 14
3173, 13
3174, 11
3175, 11
3176, 12
3177, 13
3178, 13
3179, 16
3180, 13
3181, 11
3182, 11
3183, 15
3184, 15
3185, 16
3186, 17
3187, 17
3188, 16
3189, 17
3190, 17
3191, 16
3192, 17
3193, 17
3194, 17
3195, 16
3196, 11
3197, 14
3198, 16
3199, 15
3200, 13
3201, 13
3202, 13
3203, 9
3204, 12
3205, 12
3206, 10
3207, 9
3208, 12
3209, 10
3210, 10
3211, 8
3212, 8
3213, 9
3214, 8
3215, 17
3216, 12
3217, 12
3218, 17
3219, 17
3220, 13
3221, 13
3222, 13
3223, 14
3224, 13
3225, 15
3226, 16
3227, 12
3228, 16
3229, 16
3230, 16
3231, 20
3232, 15
3233, 15
3234, 14
3235, 21
3236, 19
3237, 15
3238, 15
3239, 16
3240, 19
3241, 18
3242, 17
3243, 17
3244, 16
3245, 13
3246, 10
3247, 9
3248, 10
3249, 11
3250, 11
3251, 11
3252, 11
3253, 11
3254, 11
3255, 11
3256, 17
3257, 15
3258, 16
3259, 16
3260, 13
3261, 10
3262, 10
3263, 15
3264, 13
3265, 13
3266, 12
3267, 12
3268, 12
3269, 10
3270, 14
3271, 13
3272, 14
3273, 14
3274, 12
3275, 10
3276, 10
3277, 13
3278, 15
3279, 14
3280, 14
3281, 14
3282, 18
3283, 20
3284, 21
3285, 21
3286, 22
3287, 21
3288, 18
3289, 20
3290, 10
3291, 10
3292, 9
3293, 10
3294, 10
3295, 15
3296, 8
3297, 8
3298, 9
3299, 9
3300, 11
3301, 11
3302, 14
3303, 16
3304, 16
3305, 9
3306, 8
3307, 8
3308, 12
3309, 13
3310, 14
3311, 14
3312, 15
3313, 15
3314, 16
3315, 14
3316, 13
3317, 13
3318, 12
3319, 17
3320, 14
3321, 13
3322, 16
3323, 17
3324, 17
3325, 17
3326, 17
3327, 17
3328, 15
3329, 15
3330, 15
3331, 9
3332, 9
3333, 9
3334, 9
3335, 9
3336, 11
3337, 11
3338, 11
3339, 11
3340, 10
3341, 14
3342, 12
3343, 13
3344, 11
3345, 9
3346, 9
3347, 10
3348, 10
3349, 12
3350, 11
3351, 10
3352, 15
3353, 14
3354, 14
3355, 14
3356, 15
3357, 15
3358, 15
3359, 18
3360, 10
3361, 16
3362, 15
3363, 15
3364, 16
3365, 15
3366, 15
3367, 11
3368, 11
3369, 11
3370, 10
3371, 12
3372, 12
3373, 15
3374, 14
3375, 14
3376, 14
3377, 14
3378, 14
3379, 15
3380, 10
3381, 13
3382, 13
3383, 14
3384, 11
3385, 11
3386, 11
3387, 13
3388, 9
3389, 9
3390, 9
3391, 12
3392, 12
3393, 14
3394, 10
3395, 14
3396, 14
3397, 14
3398, 13
3399, 11
3400, 11
3401, 10
3402, 14
3403, 13
3404, 13
3405, 13
3406, 6
3407, 6
3408, 6
3409, 6
3410, 13
3411, 13
3412, 10
3413, 10
3414, 10
3415, 10
3416, 10
3417, 14
3418, 11
3419, 11
3420, 10
3421, 10
3422, 11
3423, 14
3424, 18
3425, 16
3426, 16
3427, 16
3428, 8
3429, 8
3430, 8
3431, 10
3432, 10
3433, 10
3434, 13
3435, 12
3436, 12
3437, 15
3438, 10
3439, 14
3440, 9
3441, 12
3442, 12
3443, 10
3444, 11
3445, 13
3446, 13
3447, 13
3448, 13
3449, 13
3450, 10
3451, 16
3452, 17
3453, 12
3454, 14
3455, 14
3456, 14
3457, 15
3458, 11
3459, 17
3460, 15
3461, 15
3462, 14
3463, 14
3464, 8
3465, 9
3466, 15
3467, 15
3468, 15
3469, 15
3470, 15
3471, 17
3472, 14
3473, 14
3474, 13
3475, 14
3476, 15
3477, 11
3478, 11
3479, 12
3480, 12
3481, 12
3482, 12
3483, 12
3484, 20
3485, 10
3486, 14
3487, 13
3488, 13
3489, 14
3490, 10
3491, 10
3492, 10
3493, 14
3494, 14
3495, 15
3496, 5
3497, 11
3498, 11
3499, 13
3500, 14
3501, 15
3502, 16
3503, 16
3504, 16
3505, 15
3506, 13
3507, 13
3508, 6
3509, 6
3510, 5
3511, 7
3512, 7
3513, 7
3514, 14
3515, 12
3516, 12
3517, 12
3518, 11
3519, 12
3520, 9
3521, 7
3522, 8
3523, 9
3524, 10
3525, 10
3526, 10
3527, 9
3528, 9
3529, 9
3530, 10
3531, 9
3532, 17
3533, 15
3534, 15
3535, 13
3536, 13
3537, 13
3538, 13
3539, 13
3540, 13
3541, 13
3542, 15
3543, 15
3544, 9
3545, 11
3546, 9
3547, 9
3548, 9
3549, 9
3550, 9
3551, 11
3552, 8
3553, 8
3554, 8
3555, 7
3556, 7
3557, 10
3558, 13
3559, 12
3560, 9
3561, 9
3562, 8
3563, 8
3564, 18
3565, 17
3566, 17
3567, 19
3568, 19
3569, 12
3570, 12
3571, 13
3572, 13
3573, 13
3574, 15
3575, 11
3576, 12
3577, 15
3578, 15
3579, 13
3580, 11
3581, 11
3582, 11
3583, 14
3584, 11
3585, 11
3586, 12
3587, 15
3588, 13
3589, 14
3590, 17
3591, 11
3592, 13
3593, 17
3594, 15
3595, 14
3596, 14
3597, 11
3598, 12
3599, 12
3600, 12
3601, 11
3602, 16
3603, 16
3604, 16
3605, 12
3606, 14
3607, 14
3608, 10
3609, 10
3610, 13
3611, 11
3612, 11
3613, 11
3614, 15
3615, 11
3616, 15
3617, 15
3618, 15
3619, 15
3620, 10
3621, 9
3622, 9
3623, 14
3624, 18
3625, 10
3626, 12
3627, 12
3628, 12
3629, 12
3630, 12
3631, 7
3632, 7
3633, 13
3634, 10
3635, 10
3636, 10
3637, 10
3638, 12
3639, 19
3640, 15
3641, 15
3642, 14
3643, 11
3644, 12
3645, 13
3646, 12
3647, 12
3648, 11
3649, 13
3650, 8
3651, 8
3652, 7
3653, 7
3654, 7
3655, 7
3656, 8
3657, 8
3658, 14
3659, 14
3660, 14
3661, 14
3662, 15
3663, 14
3664, 13
3665, 15
3666, 15
3667, 8
3668, 10
3669, 10
3670, 8
3671, 8
3672, 14
3673, 14
3674, 14
3675, 12
3676, 17
3677, 17
3678, 18
3679, 18
3680, 13
3681, 13
3682, 12
3683, 12
3684, 12
3685, 12
3686, 12
3687, 11
3688, 11
3689, 12
3690, 12
3691, 14
3692, 13
3693, 13
3694, 16
3695, 16
3696, 16
3697, 15
3698, 11
3699, 11
3700, 11
3701, 11
3702, 11
3703, 11
3704, 11
3705, 11
3706, 11
3707, 14
3708, 10
3709, 10
3710, 10
3711, 9
3712, 16
3713, 16
3714, 14
3715, 11
3716, 11
3717, 11
3718, 11
3719, 10
3720, 11
3721, 9
3722, 9
3723, 7
3724, 7
3725, 12
3726, 7
3727, 10
3728, 10
3729, 8
3730, 9
3731, 12
3732, 12
3733, 12
3734, 12
3735, 10
3736, 10
3737, 10
3738, 11
3739, 11
3740, 10
3741, 10
3742, 13
3743, 10
3744, 10
3745, 10
3746, 10
3747, 10
3748, 10
3749, 10
3750, 10
3751, 10
3752, 10
3753, 10
3754, 10
3755, 6
3756, 10
3757, 10
3758, 10
3759, 8
3760, 8
3761, 11
3762, 11
3763, 6
3764, 6
3765, 6
3766, 6
3767, 6
3768, 10
3769, 8
3770, 15
3771, 10
3772, 10
3773, 12
3774, 15
3775, 14
3776, 13
3777, 9
3778, 10
3779, 11
3780, 11
3781, 13
3782, 13
3783, 13
3784, 13
3785, 13
3786, 12
3787, 11
3788, 15
3789, 15
3790, 14
3791, 14
3792, 14
3793, 13
3794, 15
3795, 17
3796, 17
3797, 17
3798, 17
3799, 10
3800, 13
3801, 14
3802, 14
3803, 12
3804, 11
3805, 11
3806, 10
3807, 10
3808, 13
3809, 15
3810, 14
3811, 15
3812, 15
3813, 14
3814, 14
3815, 19
3816, 12
3817, 14
3818, 14
3819, 14
3820, 14
3821, 14
3822, 18
3823, 18
3824, 15
3825, 19
3826, 20
3827, 20
3828, 20
3829, 19
3830, 19
3831, 13
3832, 12
3833, 14
3834, 14
3835, 12
3836, 19
3837, 12
3838, 12
3839, 11
3840, 11
3841, 11
3842, 8
3843, 8
3844, 10
3845, 10
3846, 12
3847, 11
3848, 11
3849, 17
3850, 17
3851, 14
3852, 14
3853, 7
3854, 7
3855, 7
3856, 18
3857, 20
3858, 13
3859, 12
3860, 12
3861, 11
3862, 12
3863, 12
3864, 12
3865, 12
3866, 13
3867, 15
3868, 11
3869, 11
3870, 9
3871, 9
3872, 10
3873, 16
3874, 10
3875, 10
3876, 10
3877, 12
3878, 11
3879, 16
3880, 15
3881, 15
3882, 12
3883, 11
3884, 11
3885, 11
3886, 8
3887, 8
3888, 13
3889, 13
3890, 15
3891, 15
3892, 15
3893, 15
3894, 16
3895, 9
3896, 9
3897, 14
3898, 15
3899, 15
3900, 15
3901, 9
3902, 9
3903, 10
3904, 10
3905, 10
3906, 12
3907, 13
3908, 16
3909, 16
3910, 10
3911, 16
3912, 13
3913, 13
3914, 13
3915, 14
3916, 14
3917, 9
3918, 9
3919, 9
3920, 9
3921, 16
3922, 11
3923, 10
3924, 11
3925, 12
3926, 11
3927, 15
3928, 13
3929, 10
3930, 9
3931, 9
3932, 11
3933, 11
3934, 11
3935, 11
3936, 12
3937, 12
3938, 12
3939, 11
3940, 12
3941, 14
3942, 14
3943, 15
3944, 20
3945, 16
3946, 15
3947, 15
3948, 15
3949, 11
3950, 9
3951, 11
3952, 7
3953, 7
3954, 11
3955, 11
3956, 11
3957, 11
3958, 12
3959, 13
3960, 13
3961, 14
3962, 12
3963, 13
3964, 13
3965, 13
3966, 13
3967, 15
3968, 15
3969, 15
3970, 13
3971, 15
3972, 14
3973, 14
3974, 15
3975, 15
3976, 15
3977, 10
3978, 10
3979, 16
3980, 15
3981, 12
3982, 12
3983, 12
3984, 11
3985, 12
3986, 12
3987, 11
3988, 11
3989, 17
3990, 17
3991, 17
3992, 17
3993, 19
3994, 19
3995, 18
3996, 18
3997, 14
3998, 12
3999, 12
4000, 9
4001, 9
4002, 9
4003, 9
4004, 8
4005, 8
4006, 7
4007, 10
4008, 11
4009, 16
4010, 16
4011, 14
4012, 12
4013, 14
4014, 14
4015, 13
4016, 12
4017, 11
4018, 10
4019, 11
4020, 11
4021, 12
4022, 18
4023, 16
4024, 10
4025, 16
4026, 16
4027, 16
4028, 13
4029, 12
4030, 12
4031, 17
4032, 17
4033, 15
4034, 15
4035, 12
4036, 14
4037, 9
4038, 9
4039, 9
4040, 9
4041, 8
4042, 12
4043, 12
4044, 12
4045, 12
4046, 13
4047, 10
4048, 11
4049, 9
4050, 9
4051, 9
4052, 14
4053, 9
4054, 15
4055, 15
4056, 15
4057, 9
4058, 7
4059, 7
4060, 11
4061, 10
4062, 10
4063, 11
4064, 12
4065, 11
4066, 11
4067, 13
4068, 12
4069, 14
4070, 14
4071, 11
4072, 11
4073, 11
4074, 12
4075, 13
4076, 13
4077, 13
4078, 9
4079, 9
4080, 10
4081, 11
4082, 11
4083, 11
4084, 10
4085, 10
4086, 11
4087, 10
4088, 10
4089, 10
4090, 10
4091, 10
4092, 13
4093, 13
4094, 13
4095, 9
4096, 9
4097, 13
4098, 14
4099, 14
4100, 14
4101, 11
4102, 11
4103, 9
4104, 8
4105, 14
4106, 14
4107, 14
4108, 14
4109, 8
4110, 14
4111, 14
4112, 14
4113, 15
4114, 11
4115, 11
4116, 12
4117, 12
4118, 12
4119, 12
4120, 12
4121, 12
4122, 12
4123, 12
4124, 8
4125, 8
4126, 9
4127, 8
4128, 10
4129, 10
4130, 18
4131, 17
4132, 17
4133, 15
4134, 15
4135, 15
4136, 12
4137, 10
4138, 10
4139, 10
4140, 16
4141, 14
4142, 10
4143, 12
4144, 13
4145, 10
4146, 10
4147, 11
4148, 8
4149, 8
4150, 10
4151, 10
4152, 10
4153, 10
4154, 10
4155, 15
4156, 12
4157, 12
4158, 17
4159, 14
4160, 15
4161, 14
4162, 14
4163, 18
4164, 21
4165, 21
4166, 17
4167, 17
4168, 17
4169, 17
4170, 12
4171, 18
4172, 17
4173, 17
4174, 15
4175, 8
4176, 9
4177, 8
4178, 8
4179, 8
4180, 9
4181, 13
4182, 12
4183, 10
4184, 10
4185, 13
4186, 14
4187, 14
4188, 12
4189, 12
4190, 15
4191, 14
4192, 15
4193, 14
4194, 15
4195, 18
4196, 18
4197, 18
4198, 18
4199, 18
4200, 17
4201, 17
4202, 13
4203, 13
4204, 14
4205, 10
4206, 10
4207, 10
4208, 10
4209, 10
4210, 11
4211, 11
4212, 11
4213, 11
4214, 10
4215, 14
4216, 14
4217, 14
4218, 15
4219, 17
4220, 13
4221, 13
4222, 14
4223, 15
4224, 15
4225, 20
4226, 17
4227, 13
4228, 14
4229, 14
4230, 14
4231, 15
4232, 15
4233, 12
4234, 12
4235, 12
4236, 8
4237, 15
4238, 12
4239, 12
4240, 8
4241, 8
4242, 13
4243, 14
4244, 14
4245, 16
4246, 16
4247, 15
4248, 15
4249, 15
4250, 10
4251, 10
4252, 8
4253, 7
4254, 8
4255, 11
4256, 11
4257, 11
4258, 11
4259, 11
4260, 11
4261, 12
4262, 12
4263, 9
4264, 9
4265, 9
4266, 10
4267, 14
4268, 14
4269, 14
4270, 14
4271, 10
4272, 19
4273, 19
4274, 19
4275, 19
4276, 19
4277, 19
4278, 16
4279, 11
4280, 7
4281, 8
4282, 9
4283, 9
4284, 11
4285, 15
4286, 10
4287, 10
4288, 14
4289, 16
4290, 16
4291, 16
4292, 16
4293, 16
4294, 16
4295, 16
4296, 16
4297, 12
4298, 18
4299, 18
4300, 18
4301, 12
4302, 12
4303, 11
4304, 11
4305, 10
4306, 8
4307, 9
4308, 9
4309, 11
4310, 13
4311, 6
4312, 6
4313, 6
4314, 6
4315, 6
4316, 12
4317, 12
4318, 12
4319, 12
4320, 12
4321, 12
4322, 9
4323, 9
4324, 7
4325, 14
4326, 11
4327, 11
4328, 8
4329, 7
4330, 7
4331, 7
4332, 7
4333, 9
4334, 9
4335, 13
4336, 13
4337, 14
4338, 11
4339, 12
4340, 12
4341, 12
4342, 19
4343, 12
4344, 14
4345, 14
4346, 8
4347, 8
4348, 8
4349, 8
4350, 10
4351, 22
4352, 14
4353, 13
4354, 13
4355, 13
4356, 12
4357, 13
4358, 14
4359, 15
4360, 16
4361, 16
4362, 16
4363, 16
4364, 15
4365, 15
4366, 13
4367, 14
4368, 14
4369, 12
4370, 10
4371, 10
4372, 13
4373, 14
4374, 15
4375, 14
4376, 13
4377, 6
4378, 11
4379, 11
4380, 10
4381, 8
4382, 8
4383, 16
4384, 13
4385, 11
4386, 11
4387, 15
4388, 15
4389, 15
4390, 15
4391, 16
4392, 16
4393, 16
4394, 15
4395, 16
4396, 16
4397, 16
4398, 16
4399, 11
4400, 9
4401, 12
4402, 12
4403, 12
4404, 8
4405, 8
4406, 12
4407, 11
4408, 8
4409, 10
4410, 10
4411, 12
4412, 12
4413, 13
4414, 9
4415, 9
4416, 16
4417, 16
4418, 16
4419, 15
4420, 9
4421, 9
4422, 8
4423, 8
4424, 8
4425, 10
4426, 11
4427, 14
4428, 16
4429, 11
4430, 13
4431, 16
4432, 16
4433, 15
4434, 14
4435, 15
4436, 16
4437, 15
4438, 19
4439, 19
4440, 12
4441, 11
4442, 11
4443, 12
4444, 11
4445, 13
4446, 13
4447, 17
4448, 17
4449, 17
4450, 19
4451, 18
4452, 16
4453, 15
4454, 15
4455, 14
4456, 14
4457, 14
4458, 14
4459, 9
4460, 13
4461, 13
4462, 13
4463, 13
4464, 14
4465, 16
4466, 15
4467, 15
4468, 11
4469, 11
4470, 17
4471, 16
4472, 16
4473, 15
4474, 11
4475, 11
4476, 12
4477, 12
4478, 12
4479, 15
4480, 15
4481, 15
4482, 14
4483, 13
4484, 13
4485, 13
4486, 13
4487, 15
4488, 12
4489, 12
4490, 12
4491, 13
4492, 13
4493, 13
4494, 13
4495, 13
4496, 13
4497, 13
4498, 14
4499, 13
4500, 13
4501, 17
4502, 9
4503, 13
4504, 12
4505, 12
4506, 20
4507, 16
4508, 14
4509, 14
4510, 14
4511, 14
4512, 12
4513, 13
4514, 13
4515, 15
4516, 12
4517, 12
4518, 12
4519, 13
4520, 13
4521, 13
4522, 9
4523, 12
4524, 12
4525, 14
4526, 18
4527, 18
4528, 18
4529, 18
4530, 18
4531, 18
4532, 17
4533, 12
4534, 12
4535, 18
4536, 18
4537, 18
4538, 15
4539, 15
4540, 15
4541, 15
4542, 14
4543, 14
4544, 19
4545, 18
4546, 18
4547, 21
4548, 21
4549, 15
4550, 14
4551, 15
4552, 15
4553, 14
4554, 14
4555, 10
4556, 12
4557, 12
4558, 12
4559, 12
4560, 17
4561, 12
4562, 11
4563, 7
4564, 9
4565, 8
4566, 18
4567, 10
4568, 11
4569, 5
4570, 5
4571, 4
4572, 7
4573, 7
4574, 7
4575, 7
4576, 8
4577, 7
4578, 13
4579, 13
4580, 10
4581, 10
4582, 11
4583, 11
4584, 11
4585, 14
4586, 9
4587, 7
4588, 7
4589, 8
4590, 8
4591, 8
4592, 10
4593, 10
4594, 13
4595, 13
4596, 13
4597, 13
4598, 13
4599, 11
4600, 12
4601, 9
4602, 18
4603, 14
4604, 10
4605, 10
4606, 9
4607, 15
4608, 11
4609, 10
4610, 12
4611, 13
4612, 11
4613, 11
4614, 15
4615, 15
4616, 15
4617, 13
4618, 13
4619, 19
4620, 12
4621, 11
4622, 11
4623, 11
4624, 10
4625, 11
4626, 11
4627, 11
4628, 11
4629, 11
4630, 11
4631, 17
4632, 17
4633, 17
4634, 17
4635, 16
4636, 17
4637, 13
4638, 14
4639, 14
4640, 14
4641, 14
4642, 14
4643, 8
4644, 8
4645, 8
4646, 7
4647, 6
4648, 6
4649, 9
4650, 11
4651, 12
4652, 15
4653, 14
4654, 13
4655, 10
4656, 12
4657, 12
4658, 12
4659, 12
4660, 12
4661, 12
4662, 12
4663, 12
4664, 13
4665, 9
4666, 12
4667, 9
4668, 9
4669, 9
4670, 9
4671, 13
4672, 9
4673, 9
4674, 9
4675, 16
4676, 11
4677, 18
4678, 7
4679, 7
4680, 7
4681, 7
4682, 7
4683, 12
4684, 12
4685, 8
4686, 11
4687, 12
4688, 12
4689, 11
4690, 13
4691, 13
4692, 8
4693, 8
4694, 8
4695, 8
4696, 9
4697, 12
4698, 12
4699, 12
4700, 12
4701, 11
4702, 13
4703, 17
4704, 18
4705, 18
4706, 19
4707, 19
4708, 14
4709, 14
4710, 14
4711, 13
4712, 13
4713, 14
4714, 13
4715, 17
4716, 21
4717, 15
4718, 12
4719, 13
4720, 12
4721, 10
4722, 13
4723, 12
4724, 13
4725, 13
4726, 13
4727, 11
4728, 11
4729, 11
4730, 12
4731, 15
4732, 15
4733, 15
4734, 14
4735, 17
4736, 17
4737, 15
4738, 13
4739, 13
4740, 15
4741, 21
4742, 14
4743, 14
4744, 12
4745, 12
4746, 11
4747, 16
4748, 16
4749, 16
4750, 17
4751, 12
4752, 11
4753, 15
4754, 15
4755, 14
4756, 14
4757, 6
4758, 8
4759, 14
4760, 13
4761, 11
4762, 11
4763, 11
4764, 11
4765, 12
4766, 10
4767, 10
4768, 10
4769, 11
4770, 11
4771, 10
4772, 10
4773, 15
4774, 15
4775, 15
4776, 15
4777, 9
4778, 9
4779, 8
4780, 10
4781, 10
4782, 15
4783, 11
4784, 11
4785, 10
4786, 11
4787, 11
4788, 12
4789, 11
4790, 10
4791, 16
4792, 16
4793, 14
4794, 10
4795, 8
4796, 9
4797, 9
4798, 9
4799, 9
4800, 9
4801, 9
4802, 9
4803, 7
4804, 7
4805, 8
4806, 8
4807, 8
4808, 9
4809, 9
4810, 12
4811, 11
4812, 11
4813, 11
4814, 9
4815, 8
4816, 7
4817, 5
4818, 5
4819, 5
4820, 13
4821, 9
4822, 11
4823, 11
4824, 13
4825, 14
4826, 15
4827, 13
4828, 12
4829, 13
4830, 13
4831, 14
4832, 14
4833, 10
4834, 12
4835, 10
4836, 9
4837, 10
4838, 9
4839, 10
4840, 9
4841, 14
4842, 14
4843, 14
4844, 18
4845, 18
4846, 18
4847, 17
4848, 10
4849, 11
4850, 11
4851, 11
4852, 12
4853, 18
4854, 19
4855, 18
4856, 16
4857, 16
4858, 13
4859, 15
4860, 17
4861, 12
4862, 11
4863, 11
4864, 13
4865, 12
4866, 8
4867, 8
4868, 8
4869, 8
4870, 13
4871, 16
4872, 16
4873, 16
4874, 17
4875, 10
4876, 13
4877, 15
4878, 12
4879, 10
4880, 13
4881, 13
4882, 13
4883, 12
4884, 15
4885, 15
4886, 9
4887, 14
4888, 14
4889, 13
4890, 13
4891, 15
4892, 15
4893, 15
4894, 15
4895, 14
4896, 14
4897, 14
4898, 12
4899, 15
4900, 15
4901, 16
4902, 16
4903, 16
4904, 17
4905, 10
4906, 10
4907, 12
4908, 12
4909, 14
4910, 14
4911, 14
4912, 13
4913, 12
4914, 12
4915, 14
4916, 15
4917, 13
4918, 14
4919, 14
4920, 14
4921, 14
4922, 14
4923, 14
4924, 14
4925, 11
4926, 13
4927, 13
4928, 12
4929, 12
4930, 12
4931, 12
4932, 15
4933, 16
4934, 16
4935, 16
4936, 12
4937, 12
4938, 11
4939, 10
4940, 10
4941, 10
4942, 10
4943, 15
4944, 14
4945, 13
4946, 8
4947, 7
4948, 7
4949, 7
4950, 7
4951, 7
4952, 7
4953, 7
4954, 8
4955, 9
4956, 9
4957, 9
4958, 9
4959, 10
4960, 14
4961, 14
4962, 10
4963, 10
4964, 11
4965, 13
4966, 12
4967, 14
4968, 14
4969, 16
4970, 16
4971, 15
4972, 15
4973, 11
4974, 13
4975, 15
4976, 14
4977, 14
4978, 14
4979, 14
4980, 14
4981, 9
4982, 12
4983, 13
4984, 12
4985, 13
4986, 16
4987, 9
4988, 12
4989, 17
4990, 17
4991, 14
4992, 14
4993, 9
4994, 12
4995, 12
4996, 12
4997, 12
4998, 12
4999, 12
5000, 11
5001, 16
5002, 9
5003, 10
5004, 9
5005, 9
5006, 9
5007, 10
5008, 15
5009, 15
5010, 16
5011, 16
5012, 23
5013, 23
5014, 22
5015, 12
5016, 13
5017, 13
5018, 13
5019, 14
5020, 15
5021, 15
5022, 16
5023, 16
5024, 16
5025, 11
5026, 14
5027, 12
5028, 9
5029, 9
5030, 9
5031, 10
5032, 10
5033, 15
5034, 13
5035, 13
5036, 14
5037, 8
5038, 8
5039, 12
5040, 12
5041, 12
5042, 12
5043, 11
5044, 12
5045, 9
5046, 9
5047, 8
5048, 8
5049, 8
5050, 8
5051, 8
5052, 14
5053, 17
5054, 17
5055, 17
5056, 17
5057, 17
5058, 17
5059, 18
5060, 18
5061, 18
5062, 10
5063, 9
5064, 18
5065, 9
5066, 11
5067, 11
5068, 11
5069, 13
5070, 13
5071, 14
5072, 14
5073, 14
5074, 12
5075, 12
5076, 14
5077, 10
5078, 10
5079, 10
5080, 10
5081, 8
5082, 6
5083, 6
5084, 13
5085, 9
5086, 9
5087, 8
5088, 8
5089, 16
5090, 16
5091, 16
5092, 16
5093, 16
5094, 15
5095, 14
5096, 12
5097, 12
5098, 12
5099, 14
5100, 14
5101, 11
5102, 11
5103, 13
5104, 13
5105, 8
5106, 10
5107, 9
5108, 10
5109, 7
5110, 13
5111, 11
5112, 11
5113, 11
5114, 11
5115, 13
5116, 14
5117, 14
5118, 13
5119, 12
5120, 11
5121, 20
5122, 14
5123, 14
5124, 14
5125, 14
5126, 14
5127, 9
5128, 9
5129, 9
5130, 9
5131, 9
5132, 9
5133, 9
5134, 10
5135, 11
5136, 12
5137, 12
5138, 16
5139, 16
5140, 8
5141, 13
5142, 12
5143, 12
5144, 12
5145, 9
5146, 9
5147, 9
5148, 16
5149, 16
5150, 15
5151, 16
5152, 16
5153, 15
5154, 13
5155, 13
5156, 9
5157, 8
5158, 9
5159, 9
5160, 12
5161, 12
5162, 12
5163, 13
5164, 13
5165, 13
5166, 13
5167, 9
5168, 9
5169, 9
5170, 12
5171, 12
5172, 12
5173, 12
5174, 12
5175, 12
5176, 11
5177, 11
5178, 13
5179, 7
5180, 18
5181, 18
5182, 18
5183, 13
5184, 11
5185, 11
5186, 11
5187, 11
5188, 11
5189, 11
5190, 11
5191, 10
5192, 13
5193, 13
5194, 15
5195, 15
5196, 10
5197, 10
5198, 14
5199, 14
5200, 13
5201, 14
5202, 15
5203, 15
5204, 14
5205, 14
5206, 12
5207, 12
5208, 12
5209, 12
5210, 13
5211, 13
5212, 16
5213, 15
5214, 15
5215, 15
5216, 16
5217, 15
5218, 14
5219, 8
5220, 8
5221, 8
5222, 8
5223, 8
5224, 9
5225, 10
5226, 16
5227, 17
5228, 18
5229, 20
5230, 20
5231, 18
5232, 18
5233, 15
5234, 13
5235, 11
5236, 11
5237, 11
5238, 10
5239, 7
5240, 7
5241, 7
5242, 7
5243, 10
5244, 7
5245, 7
5246, 7
5247, 7
5248, 7
5249, 9
5250, 7
5251, 9
5252, 9
5253, 8
5254, 8
5255, 8
5256, 5
5257, 16
5258, 16
5259, 11
5260, 11
5261, 10
5262, 10
5263, 10
5264, 11
5265, 11
5266, 11
5267, 10
5268, 10
5269, 16
5270, 17
5271, 17
5272, 15
5273, 14
5274, 17
5275, 8
5276, 7
5277, 11
5278, 11
5279, 11
5280, 12
5281, 12
5282, 12
5283, 13
5284, 12
5285, 11
5286, 12
5287, 13
5288, 13
5289, 12
5290, 11
5291, 12
5292, 12
5293, 15
5294, 14
5295, 16
5296, 16
5297, 16
5298, 11
5299, 11
5300, 13
5301, 20
5302, 16
5303, 16
5304, 18
5305, 17
5306, 17
5307, 16
5308, 12
5309, 8
5310, 8
5311, 12
5312, 12
5313, 12
5314, 9
5315, 19
5316, 19
5317, 11
5318, 11
5319, 9
5320, 14
5321, 13
5322, 9
5323, 9
5324, 9
5325, 9
5326, 9
5327, 9
5328, 9
5329, 9
5330, 9
5331, 9
5332, 6
5333, 8
5334, 13
5335, 13
5336, 14
5337, 11
5338, 11
5339, 17
5340, 17
5341, 17
5342, 17
5343, 14
5344, 13
5345, 15
5346, 18
5347, 18
5348, 18
5349, 18
5350, 18
5351, 11
5352, 11
5353, 11
5354, 11
5355, 12
5356, 12
5357, 10
5358, 15
5359, 15
5360, 15
5361, 15
5362, 16
5363, 16
5364, 16
5365, 15
5366, 15
5367, 15
5368, 15
5369, 15
5370, 15
5371, 14
5372, 16
5373, 16
5374, 16
5375, 15
5376, 15
5377, 12
5378, 11
5379, 11
5380, 12
5381, 12
5382, 11
5383, 10
5384, 10
5385, 11
5386, 10
5387, 11
5388, 9
5389, 9
5390, 9
5391, 9
5392, 11
5393, 11
5394, 9
5395, 10
5396, 10
5397, 9
5398, 9
5399, 9
5400, 14
5401, 14
5402, 14
5403, 14
5404, 11
5405, 12
5406, 12
5407, 12
5408, 11
5409, 11
5410, 11
5411, 11
5412, 9
5413, 9
5414, 9
5415, 9
5416, 10
5417, 10
5418, 8
5419, 10
5420, 8
5421, 9
5422, 9
5423, 12
5424, 11
5425, 15
5426, 15
5427, 15
5428, 15
5429, 15
5430, 12
5431, 12
5432, 12
5433, 12
5434, 12
5435, 12
5436, 16
5437, 13
5438, 11
5439, 11
5440, 15
5441, 12
5442, 15
5443, 11
5444, 11
5445, 16
5446, 12
5447, 10
5448, 9
5449, 10
5450, 10
5451, 10
5452, 10
5453, 10
5454, 8
5455, 8
5456, 14
5457, 8
5458, 8
5459, 8
5460, 9
5461, 10
5462, 10
5463, 10
5464, 9
5465, 11
5466, 11
5467, 12
5468, 13
5469, 14
5470, 14
5471, 14
5472, 11
5473, 11
5474, 12
5475, 12
5476, 12
5477, 14
5478, 14
5479, 14
5480, 15
5481, 9
5482, 10
5483, 9
5484, 9
5485, 16
5486, 17
5487, 14
5488, 12
5489, 12
5490, 12
5491, 12
5492, 12
5493, 12
5494, 10
5495, 13
5496, 15
5497, 15
5498, 11
5499, 13
5500, 9
5501, 9
5502, 11
5503, 11
5504, 11
5505, 11
5506, 11
5507, 13
5508, 12
5509, 13
5510, 13
5511, 11
5512, 18
5513, 15
5514, 15
5515, 14
5516, 11
5517, 11
5518, 10
5519, 11
5520, 13
5521, 12
5522, 11
5523, 11
5524, 10
5525, 10
5526, 14
5527, 11
5528, 12
5529, 16
5530, 16
5531, 16
5532, 12
5533, 16
5534, 11
5535, 11
5536, 10
5537, 10
5538, 10
5539, 15
5540, 18
5541, 18
5542, 13
5543, 14
5544, 9
5545, 10
5546, 9
5547, 12
5548, 12
5549, 12
5550, 16
5551, 15
5552, 15
5553, 15
5554, 16
5555, 16
5556, 16
5557, 16
5558, 19
5559, 18
5560, 18
5561, 18
5562, 12
5563, 11
5564, 7
5565, 15
5566, 13
5567, 11
5568, 13
5569, 10
5570, 11
5571, 15
5572, 18
5573, 12
5574, 12
5575, 12
5576, 11
5577, 10
5578, 9
5579, 12
5580, 16
5581, 17
5582, 16
5583, 13
5584, 12
5585, 14
5586, 14
5587, 14
5588, 15
5589, 14
5590, 14
5591, 15
5592, 15
5593, 15
5594, 15
5595, 12
5596, 12
5597, 16
5598, 9
5599, 13
5600, 15
5601, 13
5602, 11
5603, 11
5604, 10
5605, 10
5606, 10
5607, 9
5608, 9
5609, 14
5610, 15
5611, 15
5612, 14
5613, 10
5614, 9
5615, 6
5616, 6
5617, 7
5618, 7
5619, 15
5620, 15
5621, 12
5622, 12
5623, 11
5624, 15
5625, 15
5626, 16
5627, 17
5628, 17
5629, 18
5630, 17
5631, 6
5632, 11
5633, 13
5634, 18
5635, 16
5636, 9
5637, 8
5638, 8
5639, 10
5640, 8
5641, 9
5642, 9
5643, 9
5644, 15
5645, 11
5646, 11
5647, 15
5648, 15
5649, 15
5650, 14
5651, 12
5652, 12
5653, 9
5654, 10
5655, 10
5656, 10
5657, 11
5658, 19
5659, 11
5660, 11
5661, 11
5662, 18
5663, 18
5664, 19
5665, 17
5666, 17
5667, 10
5668, 12
5669, 12
5670, 16
5671, 18
5672, 19
5673, 15
5674, 15
5675, 14
5676, 14
5677, 15
5678, 17
5679, 15
5680, 15
5681, 16
5682, 14
5683, 19
5684, 19
5685, 21
5686, 16
5687, 16
5688, 17
5689, 17
5690, 17
5691, 22
5692, 22
5693, 21
5694, 21
5695, 21
5696, 21
5697, 19
5698, 18
5699, 17
5700, 17
5701, 17
5702, 17
5703, 17
5704, 17
5705, 10
5706, 10
5707, 10
5708, 11
5709, 20
5710, 23
5711, 23
5712, 9
5713, 19
5714, 15
5715, 13
5716, 12
5717, 13
5718, 13
5719, 11
5720, 11
5721, 11
5722, 11
5723, 13
5724, 13
5725, 13
5726, 14
5727, 14
5728, 12
5729, 13
5730, 8
5731, 9
5732, 9
5733, 8
5734, 11
5735, 10
5736, 9
5737, 9
5738, 9
5739, 9
5740, 16
5741, 16
5742, 16
5743, 17
5744, 18
5745, 18
5746, 18
5747, 10
5748, 10
5749, 13
5750, 13
5751, 13
5752, 14
5753, 14
5754, 17
5755, 8
5756, 10
5757, 9
5758, 10
5759, 10
5760, 10
5761, 10
5762, 9
5763, 9
5764, 9
5765, 9
5766, 10
5767, 10
5768, 10
5769, 11
5770, 10
5771, 11
5772, 11
5773, 14
5774, 15
5775, 13
5776, 12
5777, 12
5778, 12
5779, 12
5780, 12
5781, 12
5782, 13
5783, 13
5784, 8
5785, 11
5786, 10
5787, 10
5788, 10
5789, 11
5790, 11
5791, 10
5792, 11
5793, 11
5794, 14
5795, 16
5796, 11
5797, 11
5798, 13
5799, 13
5800, 12
5801, 11
5802, 18
5803, 18
5804, 14
5805, 14
5806, 15
5807, 15
5808, 15
5809, 15
5810, 14
5811, 14
5812, 14
5813, 14
5814, 14
5815, 14
5816, 15
5817, 19
5818, 19
5819, 20
5820, 14
5821, 9
5822, 5
5823, 6
5824, 6
5825, 6
5826, 7
5827, 9
5828, 7
5829, 10
5830, 10
5831, 11
5832, 11
5833, 8
5834, 9
5835, 12
5836, 17
5837, 15
5838, 15
5839, 15
5840, 14
5841, 14
5842, 14
5843, 15
5844, 15
5845, 18
5846, 17
5847, 12
5848, 15
5849, 14
5850, 19
5851, 9
5852, 19
5853, 20
5854, 18
5855, 18
5856, 16
5857, 16
5858, 15
5859, 15
5860, 15
5861, 16
5862, 16
5863, 10
5864, 17
5865, 17
5866, 17
5867, 17
5868, 11
5869, 11
5870, 14
5871, 14
5872, 16
5873, 16
5874, 15
5875, 15
5876, 16
5877, 10
5878, 10
5879, 11
5880, 14
5881, 13
5882, 21
5883, 21
5884, 18
5885, 15
5886, 15
5887, 16
5888, 16
5889, 16
5890, 16
5891, 16
5892, 14
5893, 17
5894, 11
5895, 10
5896, 10
5897, 10
5898, 10
5899, 11
5900, 11
5901, 11
5902, 12
5903, 13
5904, 13
5905, 7
5906, 8
5907, 8
5908, 10
5909, 5
5910, 5
5911, 7
5912, 7
5913, 7
5914, 8
5915, 12
5916, 12
5917, 13
5918, 12
5919, 13
5920, 13
5921, 14
5922, 17
5923, 15
5924, 11
5925, 12
5926, 12
5927, 12
5928, 10
5929, 9
5930, 9
5931, 13
5932, 13
5933, 7
5934, 19
5935, 19
5936, 19
5937, 16
5938, 17
5939, 17
5940, 8
5941, 8
5942, 8
5943, 8
5944, 9
5945, 13
5946, 13
5947, 13
5948, 14
5949, 13
5950, 6
5951, 10
5952, 11
5953, 15
5954, 15
5955, 13
5956, 13
5957, 13
5958, 13
5959, 11
5960, 12
5961, 15
5962, 13
5963, 14
5964, 14
5965, 13
5966, 10
5967, 10
5968, 10
5969, 10
5970, 11
5971, 11
5972, 11
5973, 16
5974, 17
5975, 13
5976, 15
5977, 15
5978, 16
5979, 16
5980, 18
5981, 14
5982, 14
5983, 13
5984, 15
5985, 11
5986, 5
5987, 7
5988, 8
5989, 8
5990, 8
5991, 8
5992, 8
5993, 8
5994, 9
5995, 11
5996, 14
5997, 14
5998, 14
5999, 14
6000, 15
6001, 16
6002, 12
6003, 11
6004, 13
6005, 16
6006, 16
6007, 12
6008, 12
6009, 15
6010, 16
6011, 16
6012, 15
6013, 14
6014, 14
6015, 15
6016, 11
6017, 15
6018, 15
6019, 15
6020, 13
6021, 12
6022, 14
6023, 14
6024, 14
6025, 14
6026, 14
6027, 14
6028, 10
6029, 13
6030, 13
6031, 13
6032, 13
6033, 7
6034, 7
6035, 7
6036, 6
6037, 7
6038, 6
6039, 6
6040, 6
6041, 7
6042, 10
6043, 12
6044, 13
6045, 11
6046, 11
6047, 12
6048, 10
6049, 10
6050, 14
6051, 15
6052, 15
6053, 15
6054, 12
6055, 12
6056, 11
6057, 11
6058, 11
6059, 11
6060, 11
6061, 10
6062, 9
6063, 17
6064, 16
6065, 14
6066, 14
6067, 10
6068, 12
6069, 9
6070, 20
6071, 19
6072, 19
6073, 19
6074, 19
6075, 16
6076, 16
6077, 16
6078, 9
6079, 9
6080, 9
6081, 10
6082, 10
6083, 10
6084, 11
6085, 11
6086, 13
6087, 13
6088, 12
6089, 8
6090, 8
6091, 9
6092, 9
6093, 10
6094, 9
6095, 9
6096, 9
6097, 12
6098, 12
6099, 12
6100, 10
6101, 12
6102, 10
6103, 10
6104, 10
6105, 13
6106, 9
6107, 9
6108, 9
6109, 9
6110, 8
6111, 11
6112, 16
6113, 12
6114, 12
6115, 12
6116, 12
6117, 10
6118, 10
6119, 11
6120, 12
6121, 14
6122, 15
6123, 15
6124, 12
6125, 12
6126, 12
6127, 13
6128, 13
6129, 13
6130, 16
6131, 14
6132, 14
6133, 10
6134, 10
6135, 14
6136, 14
6137, 14
6138, 9
6139, 13
6140, 14
6141, 13
6142, 13
6143, 13
6144, 13
6145, 12
6146, 12
6147, 14
6148, 14
6149, 8
6150, 9
6151, 8
6152, 8
6153, 8
6154, 9
6155, 10
6156, 10
6157, 10
6158, 10
6159, 9
6160, 9
6161, 9
6162, 9
6163, 9
6164, 16
6165, 16
6166, 13
6167, 14
6168, 13
6169, 14
6170, 10
6171, 10
6172, 10
6173, 11
6174, 10
6175, 11
6176, 11
6177, 10
6178, 13
6179, 16
6180, 13
6181, 12
6182, 12
6183, 11
6184, 13
6185, 12
6186, 12
6187, 12
6188, 12
6189, 9
6190, 11
6191, 13
6192, 9
6193, 15
6194, 17
6195, 17
6196, 16
6197, 17
6198, 17
6199, 17
6200, 18
6201, 16
6202, 16
6203, 16
6204, 15
6205, 15
6206, 12
6207, 12
6208, 11
6209, 11
6210, 7
6211, 7
6212, 10
6213, 9
6214, 8
6215, 11
6216, 11
6217, 7
6218, 14
6219, 9
6220, 10
6221, 10
6222, 10
6223, 10
6224, 13
6225, 13
6226, 8
6227, 9
6228, 9
6229, 17
6230, 16
6231, 17
6232, 15
6233, 15
6234, 12
6235, 12
6236, 14
6237, 13
6238, 13
6239, 13
6240, 13
6241, 13
6242, 13
6243, 14
6244, 14
6245, 15
6246, 16
6247, 9
6248, 13
6249, 12
6250, 22
6251, 21
6252, 21
6253, 13
6254, 11
6255, 11
6256, 10
6257, 14
6258, 13
6259, 15
6260, 15
6261, 16
6262, 13
6263, 13
6264, 12
6265, 12
6266, 12
6267, 12
6268, 8
6269, 8
6270, 8
6271, 9
6272, 10
6273, 10
6274, 20
6275, 20
6276, 21
6277, 21
6278, 9
6279, 9
6280, 10
6281, 10
6282, 7
6283, 7
6284, 10
6285, 10
6286, 10
6287, 12
6288, 12
6289, 11
6290, 13
6291, 16
6292, 16
6293, 16
6294, 15
6295, 11
6296, 14
6297, 17
6298, 17
6299, 16
6300, 16
6301, 16
6302, 10
6303, 13
6304, 13
6305, 10
6306, 10
6307, 10
6308, 10
6309, 9
6310, 11
6311, 11
6312, 11
6313, 12
6314, 11
6315, 11
6316, 14
6317, 14
6318, 13
6319, 11
6320, 10
6321, 10
6322, 8
6323, 12
6324, 14
6325, 8
6326, 8
6327, 13
6328, 15
6329, 15
6330, 13
6331, 13
6332, 13
6333, 13
6334, 11
6335, 11
6336, 11
6337, 9
6338, 16
6339, 8
6340, 15
6341, 12
6342, 12
6343, 12
6344, 12
6345, 11
6346, 11
6347, 10
6348, 11
6349, 11
6350, 11
6351, 13
6352, 13
6353, 13
6354, 13
6355, 10
6356, 7
6357, 7
6358, 7
6359, 12
6360, 13
6361, 16
6362, 16
6363, 10
6364, 10
6365, 10
6366, 16
6367, 16
6368, 12
6369, 12
6370, 12
6371, 15
6372, 15
6373, 14
6374, 14
6375, 11
6376, 11
6377, 16
6378, 17
6379, 17
6380, 17
6381, 19
6382, 19
6383, 18
6384, 18
6385, 14
6386, 10
6387, 11
6388, 9
6389, 8
6390, 8
6391, 9
6392, 14
6393, 11
6394, 9
6395, 8
6396, 9
6397, 10
6398, 10
6399, 10
6400, 10
6401, 8
6402, 8
6403, 8
6404, 8
6405, 8
6406, 10
6407, 10
6408, 15
6409, 15
6410, 15
6411, 14
6412, 8
6413, 11
6414, 8
6415, 8
6416, 14
6417, 15
6418, 16
6419, 16
6420, 16
6421, 13
6422, 13
6423, 13
6424, 11
6425, 10
6426, 10
6427, 8
6428, 8
6429, 15
6430, 16
6431, 16
6432, 17
6433, 15
6434, 9
6435, 9
6436, 10
6437, 14
6438, 8
6439, 8
6440, 8
6441, 10
6442, 10
6443, 10
6444, 7
6445, 9
6446, 9
6447, 9
6448, 9
6449, 8
6450, 8
6451, 12
6452, 12
6453, 13
6454, 12
6455, 10
6456, 10
6457, 8
6458, 6
6459, 6
6460, 6
6461, 6
6462, 11
6463, 15
6464, 15
6465, 14
6466, 11
6467, 12
6468, 11
6469, 10
6470, 10
6471, 10
6472, 11
6473, 11
6474, 14
6475, 9
6476, 16
6477, 16
6478, 16
6479, 16
6480, 13
6481, 12
6482, 12
6483, 11
6484, 11
6485, 10
6486, 10
6487, 10
6488, 11
6489, 15
6490, 15
6491, 14
6492, 13
6493, 13
6494, 13
6495, 10
6496, 10
6497, 13
6498, 16
6499, 12
6500, 12
6501, 12
6502, 8
6503, 8
6504, 8
6505, 8
6506, 8
6507, 9
6508, 15
6509, 14
6510, 18
6511, 12
6512, 13
6513, 10
6514, 14
6515, 14
6516, 14
6517, 10
6518, 16
6519, 16
6520, 16
6521, 16
6522, 16
6523, 13
6524, 13
6525, 13
6526, 14
6527, 13
6528, 13
6529, 8
6530, 8
6531, 8
6532, 13
6533, 10
6534, 10
6535, 10
6536, 14
6537, 14
6538, 13
6539, 13
6540, 17
6541, 17
6542, 16
6543, 16
6544, 10
6545, 14
6546, 13
6547, 13
6548, 13
6549, 14
6550, 10
6551, 9
6552, 8
6553, 14
6554, 19
6555, 19
6556, 18
6557, 18
6558, 16
6559, 12
6560, 13
6561, 13
6562, 13
6563, 11
6564, 11
6565, 11
6566, 11
6567, 9
6568, 9
6569, 10
6570, 15
6571, 16
6572, 15
6573, 11
6574, 11
6575, 12
6576, 14
6577, 14
6578, 12
6579, 12
6580, 12
6581, 12
6582, 13
6583, 12
6584, 12
6585, 12
6586, 18
6587, 10
6588, 14
6589, 14
6590, 11
6591, 11
6592, 11
6593, 14
6594, 14
6595, 14
6596, 10
6597, 10
6598, 10
6599, 10
6600, 13
6601, 13
6602, 17
6603, 14
6604, 13
6605, 8
6606, 8
6607, 8
6608, 11
6609, 13
6610, 13
6611, 13
6612, 10
6613, 8
6614, 12
6615, 12
6616, 12
6617, 12
6618, 12
6619, 12
6620, 11
6621, 13
6622, 13
6623, 13
6624, 17
6625, 15
6626, 14
6627, 10
6628, 12
6629, 12
6630, 10
6631, 14
6632, 13
6633, 16
6634, 16
6635, 12
6636, 18
6637, 18
6638, 10
6639, 10
6640, 13
6641, 16
6642, 15
6643, 18
6644, 18
6645, 14
6646, 7
6647, 11
6648, 11
6649, 11
6650, 11
6651, 11
6652, 11
6653, 11
6654, 9
6655, 9
6656, 9
6657, 9
6658, 10
6659, 10
6660, 7
6661, 15
6662, 12
6663, 12
6664, 14
6665, 16
6666, 12
6667, 9
6668, 9
6669, 14
6670, 14
6671, 15
6672, 15
6673, 15
6674, 13
6675, 13
6676, 13
6677, 16
6678, 15
6679, 7
6680, 9
6681, 9
6682, 9
6683, 8
6684, 7
6685, 8
6686, 8
6687, 15
6688, 12
6689, 12
6690, 14
6691, 16
6692, 16
6693, 14
6694, 15
6695, 8
6696, 8
6697, 8
6698, 8
6699, 8
6700, 11
6701, 13
6702, 12
6703, 12
6704, 14
6705, 14
6706, 13
6707, 13
6708, 12
6709, 12
6710, 12
6711, 16
6712, 16
6713, 7
6714, 11
6715, 11
6716, 13
6717, 13
6718, 13
6719, 13
6720, 12
6721, 10
6722, 9
6723, 9
6724, 10
6725, 11
6726, 11
6727, 11
6728, 11
6729, 11
6730, 11
6731, 11
6732, 17
6733, 14
6734, 14
6735, 15
6736, 13
6737, 12
6738, 12
6739, 12
6740, 13
6741, 10
6742, 10
6743, 10
6744, 12
6745, 10
6746, 9
6747, 10
6748, 8
6749, 9
6750, 10
6751, 9
6752, 10
6753, 10
6754, 10
6755, 10
6756, 10
6757, 11
6758, 12
6759, 11
6760, 12
6761, 12
6762, 12
6763, 13
6764, 13
6765, 15
6766, 12
6767, 12
6768, 12
6769, 16
6770, 15
6771, 18
6772, 19
6773, 19
6774, 19
6775, 11
6776, 11
6777, 12
6778, 12
6779, 11
6780, 11
6781, 14
6782, 14
6783, 14
6784, 14
6785, 15
6786, 16
6787, 16
6788, 16
6789, 16
6790, 12
6791, 9
6792, 12
6793, 8
6794, 11
6795, 11
6796, 11
6797, 11
6798, 11
6799, 11
6800, 11
6801, 11
6802, 12
6803, 12
6804, 14
6805, 15
6806, 15
6807, 15
6808, 16
6809, 16
6810, 16
6811, 16
6812, 12
6813, 12
6814, 12
6815, 12
6816, 12
6817, 12
6818, 10
6819, 10
6820, 10
6821, 10
6822, 9
6823, 9
6824, 9
6825, 9
6826, 9
6827, 9
6828, 12
6829, 15
6830, 15
6831, 18
6832, 14
6833, 14
6834, 14
6835, 13
6836, 11
6837, 10
6838, 10
6839, 8
6840, 7
6841, 17
6842, 16
6843, 12
6844, 13
6845, 12
6846, 12
6847, 12
6848, 12
6849, 11
6850, 11
6851, 11
6852, 12
6853, 8
6854, 9
6855, 10
6856, 16
6857, 14
6858, 14
6859, 14
6860, 13
6861, 13
6862, 12
6863, 18
6864, 13
6865, 10
6866, 17
6867, 17
6868, 14
6869, 18
6870, 13
6871, 13
6872, 13
6873, 13
6874, 13
6875, 15
6876, 14
6877, 14
6878, 14
6879, 14
6880, 14
6881, 14
6882, 15
6883, 12
6884, 13
6885, 13
6886, 13
6887, 8
6888, 8
6889, 13
6890, 13
6891, 13
6892, 13
6893, 13
6894, 9
6895, 9
6896, 8
6897, 8
6898, 14
6899, 13
6900, 13
6901, 13
6902, 14
6903, 13
6904, 12
6905, 15
6906, 24
6907, 18
6908, 18
6909, 15
6910, 14
6911, 18
6912, 17
6913, 14
6914, 19
6915, 10
6916, 8
6917, 9
6918, 9
6919, 9
6920, 12
6921, 13
6922, 16
6923, 17
6924, 17
6925, 16
6926, 16
6927, 16
6928, 16
6929, 15
6930, 15
6931, 15
6932, 14
6933, 14
6934, 14
6935, 14
6936, 14
6937, 10
6938, 8
6939, 15
6940, 11
6941, 11
6942, 10
6943, 22
6944, 11
6945, 6
6946, 6
6947, 6
6948, 7
6949, 16
6950, 12
6951, 12
6952, 12
6953, 12
6954, 15
6955, 16
6956, 16
6957, 15
6958, 15
6959, 18
6960, 18
6961, 17
6962, 16
6963, 16
6964, 16
6965, 19
6966, 21
6967, 21
6968, 21
6969, 19
6970, 20
6971, 16
6972, 18
6973, 15
6974, 15
6975, 18
6976, 12
6977, 12
6978, 16
6979, 16
6980, 16
6981, 18
6982, 18
6983, 18
6984, 18
6985, 18
6986, 18
6987, 18
6988, 18
6989, 17
6990, 11
6991, 13
6992, 15
6993, 12
6994, 12
6995, 12
6996, 13
6997, 13
6998, 13
6999, 13
7000, 13
7001, 14
7002, 14
7003, 14
7004, 14
7005, 12
7006, 15
7007, 17
7008, 17
7009, 15
7010, 14
7011, 14
7012, 14
7013, 15
7014, 13
7015, 8
7016, 11
7017, 11
7018, 15
7019, 16
7020, 13
7021, 13
7022, 12
7023, 12
7024, 7
7025, 9
7026, 9
7027, 11
7028, 12
7029, 10
7030, 8
7031, 8
7032, 8
7033, 9
7034, 13
7035, 10
7036, 10
7037, 15
7038, 15
7039, 15
7040, 17
7041, 19
7042, 11
7043, 7
7044, 8
7045, 8
7046, 8
7047, 12
7048, 9
7049, 11
7050, 11
7051, 11
7052, 11
7053, 9
7054, 11
7055, 11
7056, 11
7057, 11
7058, 13
7059, 13
7060, 13
7061, 13
7062, 13
7063, 14
7064, 19
7065, 14
7066, 15
7067, 17
7068, 11
7069, 10
7070, 12
7071, 11
7072, 11
7073, 11
7074, 9
7075, 13
7076, 13
7077, 13
7078, 10
7079, 11
7080, 11
7081, 12
7082, 11
7083, 10
7084, 12
7085, 14
7086, 14
7087, 12
7088, 12
7089, 12
7090, 12
7091, 13
7092, 13
7093, 8
7094, 8
7095, 10
7096, 8
7097, 8
7098, 10
7099, 10
7100, 10
7101, 10
7102, 7
7103, 8
7104, 8
7105, 11
7106, 15
7107, 14
7108, 14
7109, 14
7110, 14
7111, 14
7112, 13
7113, 13
7114, 12
7115, 11
7116, 12
7117, 13
7118, 14
7119, 14
7120, 17
7121, 18
7122, 12
7123, 12
7124, 12
7125, 13
7126, 16
7127, 16
7128, 16
7129, 13
7130, 15
7131, 13
7132, 15
7133, 15
7134, 14
7135, 14
7136, 13
7137, 9
7138, 9
7139, 11
7140, 10
7141, 10
7142, 11
7143, 11
7144, 10
7145, 13
7146, 13
7147, 12
7148, 13
7149, 13
7150, 13
7151, 14
7152, 15
7153, 15
7154, 15
7155, 15
7156, 15
7157, 9
7158, 11
7159, 13
7160, 13
7161, 13
7162, 13
7163, 13
7164, 13
7165, 13
7166, 14
7167, 17
7168, 17
7169, 15
7170, 15
7171, 15
7172, 17
7173, 10
7174, 12
7175, 12
7176, 10
7177, 13
7178, 13
7179, 14
7180, 10
7181, 9
7182, 15
7183, 14
7184, 13
7185, 13
7186, 14
7187, 14
7188, 13
7189, 14
7190, 12
7191, 13
7192, 13
7193, 13
7194, 13
7195, 13
7196, 13
7197, 14
7198, 16
7199, 12
7200, 15
7201, 15
7202, 15
7203, 11
7204, 14
7205, 22
7206, 22
7207, 18
7208, 17
7209, 17
7210, 16
7211, 16
7212, 16
7213, 16
7214, 15
7215, 15
7216, 11
7217, 9
7218, 9
7219, 10
7220, 13
7221, 11
7222, 11
7223, 11
7224, 11
7225, 12
7226, 12
7227, 14
7228, 14
7229, 14
7230, 14
7231, 15
7232, 14
7233, 14
7234, 21
7235, 9
7236, 9
7237, 13
7238, 13
7239, 9
7240, 12
7241, 12
7242, 14
7243, 14
7244, 13
7245, 17
7246, 17
7247, 17
7248, 12
7249, 11
7250, 11
7251, 11
7252, 11
7253, 11
7254, 14
7255, 15
7256, 13
7257, 10
7258, 10
7259, 10
7260, 10
7261, 10
7262, 10
7263, 11
7264, 12
7265, 14
7266, 14
7267, 12
7268, 12
7269, 13
7270, 18
7271, 18
7272, 21
7273, 20
7274, 20
7275, 19
7276, 18
7277, 15
7278, 21
7279, 20
7280, 20
7281, 15
7282, 13
7283, 15
7284, 15
7285, 13
7286, 13
7287, 14
7288, 14
7289, 18
7290, 12
7291, 16
7292, 15
7293, 14
7294, 12
7295, 15
7296, 14
7297, 6
7298, 6
7299, 6
7300, 6
7301, 6
7302, 6
7303, 13
7304, 11
7305, 11
7306, 11
7307, 11
7308, 11
7309, 10
7310, 9
7311, 7
7312, 9
7313, 9
7314, 9
7315, 11
7316, 12
7317, 16
7318, 16
7319, 13
7320, 16
7321, 15
7322, 15
7323, 14
7324, 14
7325, 14
7326, 18
7327, 13
7328, 13
7329, 9
7330, 9
7331, 9
7332, 12
7333, 13
7334, 13
7335, 12
7336, 12
7337, 12
7338, 13
7339, 13
7340, 15
7341, 10
7342, 7
7343, 12
7344, 12
7345, 13
7346, 11
7347, 17
7348, 11
7349, 17
7350, 17
7351, 17
7352, 16
7353, 16
7354, 16
7355, 9
7356, 11
7357, 11
7358, 9
7359, 10
7360, 9
7361, 10
7362, 11
7363, 11
7364, 15
7365, 15
7366, 15
7367, 10
7368, 11
7369, 8
7370, 7
7371, 9
7372, 7
7373, 7
7374, 10
7375, 10
7376, 13
7377, 13
7378, 9
7379, 11
7380, 18
7381, 18
7382, 19
7383, 10
7384, 17
7385, 12
7386, 9
7387, 9
7388, 12
7389, 11
7390, 12
7391, 12
7392, 9
7393, 8
7394, 10
7395, 11
7396, 14
7397, 11
7398, 11
7399, 11
7400, 11
7401, 10
7402, 10
7403, 10
7404, 10
7405, 9
7406, 9
7407, 12
7408, 14
7409, 13
7410, 14
7411, 14
7412, 11
7413, 10
7414, 13
7415, 13
7416, 13
7417, 14
7418, 14
7419, 14
7420, 14
7421, 13
7422, 9
7423, 10
7424, 11
7425, 12
7426, 10
7427, 12
7428, 12
7429, 11
7430, 10
7431, 12
7432, 12
7433, 12
7434, 12
7435, 14
7436, 16
7437, 16
7438, 16
7439, 15
7440, 12
7441, 8
7442, 17
7443, 17
7444, 12
7445, 16
7446, 16
7447, 16
7448, 18
7449, 18
7450, 17
7451, 17
7452, 21
7453, 20
7454, 21
7455, 24
7456, 18
7457, 13
7458, 16
7459, 16
7460, 10
7461, 10
7462, 12
7463, 12
7464, 11
7465, 16
7466, 14
7467, 14
7468, 14
7469, 13
7470, 13
7471, 16
7472, 13
7473, 13
7474, 13
7475, 12
7476, 12
7477, 12
7478, 15
7479, 15
7480, 15
7481, 15
7482, 15
7483, 16
7484, 16
7485, 12
7486, 15
7487, 16
7488, 18
7489, 18
7490, 11
7491, 11
7492, 11
7493, 11
7494, 13
7495, 13
7496, 13
7497, 13
7498, 9
7499, 9
7500, 14
7501, 12
7502, 12
7503, 11
7504, 11
7505, 11
7506, 11
7507, 11
7508, 11
7509, 11
7510, 15
7511, 17
7512, 17
7513, 18
7514, 18
7515, 18
7516, 17
7517, 17
7518, 14
7519, 12
7520, 11
7521, 11
7522, 20
7523, 20
7524, 14
7525, 15
7526, 18
7527, 11
7528, 11
7529, 11
7530, 12
7531, 12
7532, 16
7533, 18
7534, 17
7535, 15
7536, 10
7537, 10
7538, 10
7539, 7
7540, 7
7541, 7
7542, 7
7543, 9
7544, 10
7545, 16
7546, 13
7547, 14
7548, 15
7549, 15
7550, 15
7551, 14
7552, 13
7553, 13
7554, 10
7555, 14
7556, 11
7557, 11
7558, 10
7559, 10
7560, 11
7561, 12
7562, 11
7563, 11
7564, 11
7565, 14
7566, 15
7567, 15
7568, 14
7569, 14
7570, 14
7571, 14
7572, 11
7573, 12
7574, 12
7575, 11
7576, 11
7577, 14
7578, 14
7579, 14
7580, 14
7581, 15
7582, 10
7583, 10
7584, 11
7585, 11
7586, 11
7587, 11
7588, 12
7589, 12
7590, 12
7591, 14
7592, 12
7593, 12
7594, 12
7595, 12
7596, 12
7597, 14
7598, 14
7599, 15
7600, 11
7601, 14
7602, 14
7603, 14
7604, 14
7605, 15
7606, 9
7607, 9
7608, 13
7609, 17
7610, 17
7611, 13
7612, 9
7613, 9
7614, 10
7615, 16
7616, 16
7617, 9
7618, 9
7619, 6
7620, 6
7621, 6
7622, 6
7623, 6
7624, 7
7625, 7
7626, 10
7627, 10
7628, 10
7629, 12
7630, 12
7631, 12
7632, 12
7633, 8
7634, 14
7635, 14
7636, 13
7637, 20
7638, 20
7639, 14
7640, 16
7641, 16
7642, 16
7643, 16
7644, 16
7645, 16
7646, 10
7647, 13
7648, 13
7649, 15
7650, 16
7651, 12
7652, 12
7653, 11
7654, 11
7655, 9
7656, 9
7657, 9
7658, 14
7659, 10
7660, 10
7661, 8
7662, 13
7663, 14
7664, 14
7665, 8
7666, 8
7667, 8
7668, 12
7669, 12
7670, 13
7671, 13
7672, 18
7673, 12
7674, 14
7675, 14
7676, 9
7677, 11
7678, 11
7679, 13
7680, 17
7681, 17
7682, 15
7683, 13
7684, 16
7685, 17
7686, 13
7687, 12
7688, 12
7689, 13
7690, 15
7691, 12
7692, 13
7693, 14
7694, 12
7695, 11
7696, 12
7697, 12
7698, 12
7699, 13
7700, 7
7701, 8
7702, 8
7703, 14
7704, 8
7705, 10
7706, 17
7707, 15
7708, 6
7709, 6
7710, 11
7711, 9
7712, 8
7713, 8
7714, 8
7715, 8
7716, 13
7717, 13
7718, 12
7719, 12
7720, 14
7721, 14
7722, 14
7723, 11
7724, 13
7725, 15
7726, 9
7727, 8
7728, 8
7729, 8
7730, 10
7731, 11
7732, 12
7733, 13
7734, 13
7735, 13
7736, 13
7737, 13
7738, 13
7739, 13
7740, 12
7741, 12
7742, 12
7743, 14
7744, 13
7745, 15
7746, 12
7747, 15
7748, 10
7749, 10
7750, 10
7751, 11
7752, 12
7753, 17
7754, 19
7755, 19
7756, 19
7757, 15
7758, 18
7759, 16
7760, 16
7761, 12
7762, 12
7763, 12
7764, 14
7765, 14
7766, 14
7767, 10
7768, 10
7769, 10
7770, 9
7771, 9
7772, 9
7773, 8
7774, 13
7775, 14
7776, 14
7777, 10
7778, 14
7779, 11
7780, 11
7781, 10
7782, 11
7783, 10
7784, 10
7785, 10
7786, 12
7787, 15
7788, 14
7789, 14
7790, 16
7791, 22
7792, 22
7793, 22
7794, 11
7795, 17
7796, 15
7797, 17
7798, 17
7799, 17
7800, 16
7801, 13
7802, 12
7803, 12
7804, 9
7805, 9
7806, 9
7807, 9
7808, 11
7809, 10
7810, 10
7811, 12
7812, 13
7813, 14
7814, 13
7815, 13
7816, 13
7817, 13
7818, 14
7819, 14
7820, 13
7821, 18
7822, 16
7823, 15
7824, 14
7825, 14
7826, 13
7827, 10
7828, 13
7829, 10
7830, 9
7831, 9
7832, 10
7833, 10
7834, 9
7835, 9
7836, 11
7837, 15
7838, 15
7839, 15
7840, 15
7841, 11
7842, 14
7843, 14
7844, 14
7845, 10
7846, 9
7847, 9
7848, 9
7849, 12
7850, 12
7851, 11
7852, 9
7853, 8
7854, 7
7855, 7
7856, 7
7857, 8
7858, 8
7859, 11
7860, 13
7861, 10
7862, 11
7863, 12
7864, 8
7865, 11
7866, 11
7867, 12
7868, 12
7869, 14
7870, 14
7871, 13
7872, 12
7873, 15
7874, 15
7875, 13
7876, 12
7877, 13
7878, 13
7879, 15
7880, 15
7881, 16
7882, 16
7883, 16
7884, 16
7885, 16
7886, 16
7887, 16
7888, 16
7889, 19
7890, 19
7891, 19
7892, 16
7893, 16
7894, 13
7895, 17
7896, 18
7897, 18
7898, 18
7899, 17
7900, 18
7901, 15
7902, 16
7903, 16
7904, 10
7905, 13
7906, 13
7907, 15
7908, 12
7909, 13
7910, 13
7911, 13
7912, 13
7913, 13
7914, 9
7915, 9
7916, 9
7917, 14
7918, 10
7919, 11
7920, 11
7921, 12
7922, 12
7923, 13
7924, 13
7925, 13
7926, 9
7927, 9
7928, 12
7929, 12
7930, 12
7931, 15
7932, 15
7933, 12
7934, 12
7935, 9
7936, 10
7937, 9
7938, 8
7939, 11
7940, 13
7941, 13
7942, 13
7943, 11
7944, 12
7945, 11
7946, 11
7947, 15
7948, 17
7949, 17
7950, 8
7951, 8
7952, 18
7953, 10
7954, 10
7955, 14
7956, 15
7957, 15
7958, 17
7959, 17
7960, 15
7961, 9
7962, 9
7963, 12
7964, 12
7965, 11
7966, 12
7967, 14
7968, 19
7969, 19
7970, 17
7971, 16
7972, 8
7973, 8
7974, 9
7975, 12
7976, 11
7977, 17
7978, 12
7979, 13
7980, 13
7981, 14
7982, 11
7983, 18
7984, 19
7985, 13
7986, 13
7987, 14
7988, 17
7989, 13
7990, 13
7991, 12
7992, 12
7993, 11
7994, 12
7995, 12
7996, 12
7997, 13
7998, 15
7999, 15
8000, 15
8001, 13
8002, 9
8003, 16
8004, 14
8005, 14
8006, 15
8007, 11
8008, 18
8009, 18
8010, 18
8011, 18
8012, 18
8013, 18
8014, 13
8015, 12
8016, 11
8017, 9
8018, 9
8019, 14
8020, 11
8021, 13
8022, 11
8023, 11
8024, 16
8025, 10
8026, 9
8027, 10
8028, 10
8029, 10
8030, 11
8031, 11
8032, 11
8033, 11
8034, 12
8035, 13
8036, 14
8037, 13
8038, 13
8039, 13
8040, 11
8041, 9
8042, 9
8043, 9
8044, 11
8045, 13
8046, 18
8047, 18
8048, 9
8049, 10
8050, 10
8051, 10
8052, 18
8053, 18
8054, 18
8055, 15
8056, 15
8057, 15
8058, 17
8059, 10
8060, 10
8061, 8
8062, 8
8063, 11
8064, 11
8065, 15
8066, 14
8067, 14
8068, 14
8069, 14
8070, 11
8071, 12
8072, 12
8073, 13
8074, 13
8075, 12
8076, 13
8077, 14
8078, 11
8079, 10
8080, 10
8081, 10
8082, 10
8083, 11
8084, 11
8085, 11
8086, 10
8087, 15
8088, 15
8089, 15
8090, 15
8091, 15
8092, 11
8093, 18
8094, 11
8095, 12
8096, 12
8097, 12
8098, 17
8099, 13
8100, 12
8101, 13
8102, 19
8103, 15
8104, 15
8105, 15
8106, 15
8107, 15
8108, 15
8109, 12
8110, 12
8111, 12
8112, 12
8113, 11
8114, 12
8115, 13
8116, 12
8117, 12
8118, 11
8119, 13
8120, 15
8121, 13
8122, 12
8123, 17
8124, 19
8125, 15
8126, 15
8127, 17
8128, 16
8129, 16
8130, 13
8131, 13
8132, 10
8133, 13
8134, 13
8135, 13
8136, 13
8137, 14
8138, 13
8139, 17
8140, 13
8141, 13
8142, 14
8143, 14
8144, 13
8145, 13
8146, 13
8147, 11
8148, 11
8149, 12
8150, 12
8151, 8
8152, 14
8153, 15
8154, 15
8155, 14
8156, 16
8157, 17
8158, 17
8159, 17
8160, 17
8161, 16
8162, 17
8163, 17
8164, 14
8165, 14
8166, 14
8167, 12
8168, 11
8169, 11
8170, 15
8171, 15
8172, 15
8173, 15
8174, 17
8175, 15
8176, 15
8177, 15
8178, 13
8179, 13
8180, 13
8181, 12
8182, 11
8183, 10
8184, 10
8185, 9
8186, 9
8187, 9
8188, 10
8189, 9
8190, 11
8191, 11
8192, 10
8193, 10
8194, 10
8195, 9
8196, 8
8197, 16
8198, 13
8199, 13
8200, 15
8201, 16
8202, 21
8203, 21
8204, 21
8205, 21
8206, 20
8207, 20
8208, 20
8209, 11
8210, 19
8211, 9
8212, 12
8213, 10
8214, 10
8215, 14
8216, 12
8217, 10
8218, 10
8219, 10
8220, 10
8221, 16
8222, 16
8223, 12
8224, 14
8225, 17
8226, 15
8227, 16
8228, 16
8229, 16
8230, 16
8231, 16
8232, 18
8233, 15
8234, 8
8235, 12
8236, 13
8237, 14
8238, 14
8239, 14
8240, 12
8241, 12
8242, 13
8243, 13
8244, 13
8245, 13
8246, 12
8247, 14
8248, 14
8249, 16
8250, 16
8251, 16
8252, 16
8253, 15
8254, 14
8255, 11
8256, 11
8257, 11
8258, 8
8259, 17
8260, 17
8261, 16
8262, 16
8263, 15
8264, 15
8265, 16
8266, 9
8267, 9
8268, 10
8269, 17
8270, 17
8271, 17
8272, 9
8273, 13
8274, 14
8275, 12
8276, 12
8277, 10
8278, 10
8279, 12
8280, 12
8281, 12
8282, 13
8283, 14
8284, 9
8285, 16
8286, 13
8287, 21
8288, 16
8289, 17
8290, 18
8291, 16
8292, 16
8293, 19
8294, 13
8295, 13
8296, 12
8297, 12
8298, 13
8299, 18
8300, 18
8301, 17
8302, 17
8303, 17
8304, 18
8305, 18
8306, 16
8307, 11
8308, 20
8309, 22
8310, 16
8311, 16
8312, 9
8313, 7
8314, 19
8315, 19
8316, 20
8317, 15
8318, 10
8319, 10
8320, 10
8321, 13
8322, 13
8323, 12
8324, 11
8325, 17
8326, 17
8327, 16
8328, 16
8329, 13
8330, 11
8331, 14
8332, 13
8333, 13
8334, 13
8335, 14
8336, 11
8337, 11
8338, 10
8339, 10
8340, 14
8341, 17
8342, 17
8343, 17
8344, 19
8345, 17
8346, 12
8347, 11
8348, 8
8349, 7
8350, 7
8351, 7
8352, 7
8353, 13
8354, 14
8355, 15
8356, 16
8357, 16
8358, 16
8359, 15
8360, 13
8361, 13
8362, 13
8363, 13
8364, 16
8365, 17
8366, 16
8367, 13
8368, 15
8369, 15
8370, 15
8371, 13
8372, 14
8373, 14
8374, 5
8375, 10
8376, 10
8377, 9
8378, 9
8379, 7
8380, 8
8381, 8
8382, 11
8383, 12
8384, 12
8385, 11
8386, 13
8387, 13
8388, 12
8389, 12
8390, 14
8391, 11
8392, 13
8393, 16
8394, 15
8395, 15
8396, 15
8397, 11
8398, 11
8399, 13
8400, 15
8401, 13
8402, 13
8403, 13
8404, 14
8405, 13
8406, 14
8407, 26
8408, 9
8409, 8
8410, 11
8411, 14
8412, 14
8413, 14
8414, 7
8415, 7
8416, 7
8417, 10
8418, 15
8419, 15
8420, 15
8421, 14
8422, 13
8423, 17
8424, 16
8425, 14
8426, 14
8427, 9
8428, 12
8429, 7
8430, 12
8431, 11
8432, 13
8433, 14
8434, 15
8435, 18
8436, 13
8437, 16
8438, 16
8439, 14
8440, 16
8441, 9
8442, 7
8443, 14
8444, 18
8445, 12
8446, 10
8447, 13
8448, 13
8449, 12
8450, 15
8451, 14
8452, 14
8453, 13
8454, 13
8455, 13
8456, 13
8457, 12
8458, 14
8459, 13
8460, 14
8461, 15
8462, 15
8463, 14
8464, 16
8465, 17
8466, 17
8467, 14
8468, 14
8469, 14
8470, 8
8471, 11
8472, 11
8473, 10
8474, 10
8475, 10
8476, 9
8477, 8
8478, 9
8479, 8
8480, 8
8481, 16
8482, 16
8483, 11
8484, 11
8485, 10
8486, 12
8487, 12
8488, 12
8489, 7
8490, 13
8491, 13
8492, 13
8493, 13
8494, 13
8495, 12
8496, 10
8497, 10
8498, 18
8499, 18
8500, 11
8501, 11
8502, 10
8503, 9
8504, 12
8505, 14
8506, 16
8507, 17
8508, 17
8509, 17
8510, 11
8511, 11
8512, 9
8513, 9
8514, 13
8515, 13
8516, 13
8517, 13
8518, 13
8519, 12
8520, 12
8521, 12
8522, 11
8523, 9
8524, 14
8525, 19
8526, 20
8527, 14
8528, 11
8529, 8
8530, 8
8531, 8
8532, 12
8533, 11
8534, 11
8535, 11
8536, 11
8537, 14
8538, 14
8539, 10
8540, 10
8541, 9
8542, 9
8543, 7
8544, 7
8545, 10
8546, 10
8547, 17
8548, 9
8549, 9
8550, 9
8551, 16
8552, 13
8553, 12
8554, 10
8555, 10
8556, 11
8557, 10
8558, 15
8559, 14
8560, 13
8561, 12
8562, 12
8563, 15
8564, 16
8565, 14
8566, 14
8567, 14
8568, 15
8569, 13
8570, 16
8571, 15
8572, 15
8573, 16
8574, 13
8575, 13
8576, 13
8577, 13
8578, 13
8579, 17
8580, 16
8581, 16
8582, 15
8583, 14
8584, 12
8585, 9
8586, 10
8587, 12
8588, 11
8589, 11
8590, 11
8591, 12
8592, 16
8593, 12
8594, 13
8595, 13
8596, 16
8597, 16
8598, 16
8599, 16
8600, 16
8601, 17
8602, 16
8603, 17
8604, 12
8605, 11
8606, 10
8607, 11
8608, 12
8609, 12
8610, 14
8611, 14
8612, 14
8613, 13
8614, 13
8615, 13
8616, 13
8617, 12
8618, 13
8619, 7
8620, 7
8621, 8
8622, 7
8623, 11
8624, 11
8625, 16
8626, 13
8627, 13
8628, 12
8629, 12
8630, 12
8631, 11
8632, 11
8633, 11
8634, 10
8635, 13
8636, 13
8637, 13
8638, 13
8639, 16
8640, 11
8641, 11
8642, 14
8643, 13
8644, 18
8645, 12
8646, 12
8647, 12
8648, 16
8649, 11
8650, 11
8651, 12
8652, 15
8653, 9
8654, 9
8655, 10
8656, 10
8657, 10
8658, 10
8659, 10
8660, 14
8661, 14
8662, 14
8663, 13
8664, 18
8665, 18
8666, 18
8667, 17
8668, 16
8669, 15
8670, 16
8671, 17
8672, 16
8673, 17
8674, 16
8675, 16
8676, 16
8677, 17
8678, 16
8679, 16
8680, 12
8681, 11
8682, 18
8683, 19
8684, 19
8685, 16
8686, 13
8687, 13
8688, 17
8689, 13
8690, 12
8691, 12
8692, 15
8693, 15
8694, 15
8695, 14
8696, 14
8697, 15
8698, 12
8699, 10
8700, 9
8701, 9
8702, 8
8703, 8
8704, 10
8705, 11
8706, 13
8707, 11
8708, 14
8709, 14
8710, 15
8711, 15
8712, 14
8713, 9
8714, 10
8715, 15
8716, 13
8717, 13
8718, 13
8719, 12
8720, 13
8721, 10
8722, 9
8723, 10
8724, 11
8725, 12
8726, 13
8727, 13
8728, 13
8729, 13
8730, 11
8731, 12
8732, 11
8733, 15
8734, 16
8735, 17
8736, 17
8737, 16
8738, 15
8739, 14
8740, 13
8741, 14
8742, 15
8743, 10
8744, 12
8745, 16
8746, 17
8747, 17
8748, 17
8749, 16
8750, 16
8751, 16
8752, 15
8753, 15
8754, 15
8755, 15
8756, 16
8757, 10
8758, 13
8759, 10
8760, 14
8761, 11
8762, 13
8763, 11
8764, 16
8765, 16
8766, 12
8767, 11
8768, 11
8769, 11
8770, 12
8771, 10
8772, 13
8773, 15
8774, 14
8775, 12
8776, 12
8777, 12
8778, 12
8779, 13
8780, 10
8781, 10
8782, 10
8783, 10
8784, 11
8785, 10
8786, 14
8787, 12
8788, 12
8789, 12
8790, 9
8791, 13
8792, 8
8793, 8
8794, 12
8795, 12
8796, 11
8797, 8
8798, 15
8799, 15
8800, 15
8801, 13
8802, 13
8803, 13
8804, 13
8805, 14
8806, 14
8807, 11
8808, 11
8809, 14
8810, 13
8811, 13
8812, 13
8813, 12
8814, 15
8815, 16
8816, 16
8817, 16
8818, 16
8819, 15
8820, 14
8821, 14
8822, 11
8823, 11
8824, 13
8825, 12
8826, 14
8827, 16
8828, 9
8829, 11
8830, 14
8831, 19
8832, 19
8833, 14
8834, 12
8835, 9
8836, 8
8837, 8
8838, 8
8839, 10
8840, 10
8841, 10
8842, 12
8843, 11
8844, 13
8845, 18
8846, 14
8847, 14
8848, 14
8849, 13
8850, 13
8851, 12
8852, 12
8853, 11
8854, 11
8855, 11
8856, 8
8857, 8
8858, 7
8859, 11
8860, 14
8861, 14
8862, 18
8863, 18
8864, 13
8865, 13
8866, 13
8867, 13
8868, 12
8869, 12
8870, 12
8871, 12
8872, 12
8873, 12
8874, 10
8875, 10
8876, 10
8877, 10
8878, 10
8879, 10
8880, 11
8881, 12
8882, 12
8883, 12
8884, 12
8885, 12
8886, 12
8887, 12
8888, 12
8889, 13
8890, 13
8891, 13
8892, 18
8893, 15
8894, 15
8895, 15
8896, 14
8897, 16
8898, 16
8899, 17
8900, 11
8901, 11
8902, 13
8903, 10
8904, 10
8905, 15
8906, 15
8907, 12
8908, 9
8909, 12
8910, 10
8911, 8
8912, 8
8913, 8
8914, 13
8915, 8
8916, 9
8917, 13
8918, 11
8919, 13
8920, 13
8921, 13
8922, 13
8923, 7
8924, 7
8925, 8
8926, 10
8927, 10
8928, 11
8929, 10
8930, 9
8931, 10
8932, 9
8933, 10
8934, 10
8935, 8
8936, 13
8937, 15
8938, 17
8939, 9
8940, 9
8941, 8
8942, 8
8943, 14
8944, 10
8945, 10
8946, 10
8947, 11
8948, 11
8949, 8
8950, 9
8951, 7
8952, 7
8953, 12
8954, 14
8955, 14
8956, 14
8957, 14
8958, 14
8959, 8
8960, 8
8961, 10
8962, 12
8963, 13
8964, 11
8965, 12
8966, 13
8967, 12
8968, 12
8969, 17
8970, 13
8971, 13
8972, 12
8973, 12
8974, 12
8975, 11
8976, 11
8977, 13
8978, 14
8979, 13
8980, 12
8981, 12
8982, 14
8983, 13
8984, 14
8985, 14
8986, 14
8987, 14
8988, 12
8989, 11
8990, 11
8991, 11
8992, 11
8993, 11
8994, 11
8995, 10
8996, 10
8997, 18
8998, 19
8999, 21
9000, 21
9001, 12
9002, 15
9003, 15
9004, 14
9005, 13
9006, 13
9007, 11
9008, 11
9009, 11
9010, 13
9011, 14
9012, 15
9013, 15
9014, 15
9015, 12
9016, 12
9017, 13
9018, 14
9019, 14
9020, 13
9021, 13
9022, 13
9023, 13
9024, 11
9025, 11
9026, 11
9027, 19
9028, 18
9029, 15
9030, 13
9031, 19
9032, 19
9033, 19
9034, 19
9035, 12
9036, 14
9037, 9
9038, 10
9039, 17
9040, 11
9041, 17
9042, 17
9043, 17
9044, 16
9045, 16
9046, 14
9047, 13
9048, 17
9049, 18
9050, 15
9051, 14
9052, 14
9053, 14
9054, 14
9055, 13
9056, 15
9057, 15
9058, 13
9059, 15
9060, 6
9061, 6
9062, 6
9063, 12
9064, 11
9065, 14
9066, 12
9067, 12
9068, 11
9069, 11
9070, 11
9071, 11
9072, 11
9073, 8
9074, 12
9075, 15
9076, 15
9077, 15
9078, 14
9079, 10
9080, 14
9081, 13
9082, 10
9083, 13
9084, 12
9085, 12
9086, 12
9087, 11
9088, 7
9089, 7
9090, 8
9091, 8
9092, 9
9093, 8
9094, 12
9095, 10
9096, 11
9097, 13
9098, 17
9099, 13
9100, 13
9101, 12
9102, 11
9103, 11
9104, 13
9105, 13
9106, 13
9107, 15
9108, 19
9109, 17
9110, 17
9111, 17
9112, 16
9113, 10
9114, 10
9115, 12
9116, 15
9117, 17
9118, 17
9119, 17
9120, 17
9121, 17
9122, 15
9123, 15
9124, 13
9125, 13
9126, 14
9127, 10
9128, 8
9129, 11
9130, 8
9131, 8
9132, 8
9133, 10
9134, 10
9135, 9
9136, 11
9137, 10
9138, 12
9139, 10
9140, 9
9141, 10
9142, 12
9143, 13
9144, 16
9145, 12
9146, 10
9147, 17
9148, 9
9149, 9
9150, 9
9151, 8
9152, 8
9153, 9
9154, 9
9155, 8
9156, 10
9157, 10
9158, 11
9159, 14
9160, 14
9161, 14
9162, 14
9163, 14
9164, 14
9165, 13
9166, 15
9167, 9
9168, 9
9169, 9
9170, 10
9171, 10
9172, 14
9173, 10
9174, 13
9175, 11
9176, 11
9177, 11
9178, 11
9179, 13
9180, 14
9181, 18
9182, 18
9183, 18
9184, 13
9185, 13
9186, 13
9187, 13
9188, 15
9189, 15
9190, 12
9191, 12
9192, 12
9193, 11
9194, 11
9195, 11
9196, 11
9197, 12
9198, 12
9199, 12
9200, 12
9201, 12
9202, 15
9203, 13
9204, 14
9205, 11
9206, 11
9207, 10
9208, 9
9209, 9
9210, 9
9211, 8
9212, 7
9213, 8
9214, 11
9215, 12
9216, 11
9217, 11
9218, 11
9219, 12
9220, 13
9221, 13
9222, 11
9223, 19
9224, 19
9225, 19
9226, 14
9227, 16
9228, 12
9229, 14
9230, 14
9231, 15
9232, 12
9233, 12
9234, 11
9235, 11
9236, 11
9237, 11
9238, 11
9239, 11
9240, 16
9241, 17
9242, 16
9243, 16
9244, 14
9245, 18
9246, 18
9247, 16
9248, 16
9249, 16
9250, 17
9251, 17
9252, 15
9253, 15
9254, 13
9255, 13
9256, 13
9257, 13
9258, 13
9259, 13
9260, 12
9261, 13
9262, 11
9263, 11
9264, 14
9265, 10
9266, 12
9267, 15
9268, 16
9269, 16
9270, 15
9271, 15
9272, 15
9273, 12
9274, 11
9275, 10
9276, 8
9277, 8
9278, 8
9279, 8
9280, 12
9281, 10
9282, 11
9283, 11
9284, 9
9285, 9
9286, 15
9287, 11
9288, 11
9289, 11
9290, 11
9291, 11
9292, 8
9293, 8
9294, 8
9295, 8
9296, 8
9297, 8
9298, 9
9299, 11
9300, 11
9301, 11
9302, 13
9303, 13
9304, 11
9305, 10
9306, 10
9307, 11
9308, 11
9309, 11
9310, 14
9311, 14
9312, 14
9313, 14
9314, 14
9315, 13
9316, 13
9317, 13
9318, 11
9319, 16
9320, 17
9321, 16
9322, 16
9323, 16
9324, 14
9325, 14
9326, 14
9327, 14
9328, 14
9329, 14
9330, 10
9331, 10
9332, 10
9333, 10
9334, 12
9335, 12
9336, 15
9337, 11
9338, 11
9339, 11
9340, 11
9341, 17
9342, 17
9343, 17
9344, 17
9345, 15
9346, 16
9347, 16
9348, 13
9349, 14
9350, 14
9351, 12
9352, 12
9353, 9
9354, 9
9355, 15
9356, 17
9357, 17
9358, 14
9359, 14
9360, 14
9361, 13
9362, 13
9363, 13
9364, 16
9365, 16
9366, 16
9367, 15
9368, 15
9369, 14
9370, 15
9371, 15
9372, 16
9373, 17
9374, 17
9375, 17
9376, 17
9377, 12
9378, 11
9379, 12
9380, 14
9381, 14
9382, 14
9383, 12
9384, 13
9385, 11
9386, 20
9387, 21
9388, 21
9389, 20
9390, 9
9391, 8
9392, 14
9393, 13
9394, 13
9395, 11
9396, 12
9397, 12
9398, 12
9399, 17
9400, 16
9401, 16
9402, 13
9403, 12
9404, 12
9405, 12
9406, 13
9407, 13
9408, 13
9409, 13
9410, 12
9411, 11
9412, 12
9413, 14
9414, 13
9415, 13
9416, 11
9417, 10
9418, 9
9419, 8
9420, 10
9421, 11
9422, 13
9423, 14
9424, 12
9425, 12
9426, 15
9427, 11
9428, 12
9429, 11
9430, 12
9431, 10
9432, 10
9433, 11
9434, 11
9435, 10
9436, 10
9437, 13
9438, 13
9439, 13
9440, 13
9441, 13
9442, 13
9443, 16
9444, 16
9445, 19
9446, 13
9447, 8
9448, 8
9449, 8
9450, 8
9451, 12
9452, 12
9453, 13
9454, 13
9455, 14
9456, 13
9457, 10
9458, 12
9459, 12
9460, 11
9461, 9
9462, 9
9463, 14
9464, 14
9465, 14
9466, 13
9467, 13
9468, 14
9469, 11
9470, 9
9471, 13
9472, 12
9473, 15
9474, 15
9475, 16
9476, 13
9477, 16
9478, 10
9479, 11
9480, 11
9481, 9
9482, 8
9483, 8
9484, 8
9485, 13
9486, 13
9487, 13
9488, 11
9489, 11
9490, 12
9491, 10
9492, 12
9493, 10
9494, 10
9495, 17
9496, 11
9497, 17
9498, 17
9499, 20
9500, 14
9501, 17
9502, 14
9503, 17
9504, 10
9505, 10
9506, 11
9507, 12
9508, 18
9509, 18
9510, 18
9511, 23
9512, 17
9513, 17
9514, 18
9515, 14
9516, 14
9517, 13
9518, 12
9519, 12
9520, 18
9521, 13
9522, 13
9523, 16
9524, 16
9525, 16
9526, 16
9527, 14
9528, 14
9529, 14
9530, 12
9531, 12
9532, 13
9533, 13
9534, 16
9535, 15
9536, 15
9537, 11
9538, 10
9539, 10
9540, 10
9541, 11
9542, 10
9543, 12
9544, 13
9545, 12
9546, 12
9547, 9
9548, 12
9549, 12
9550, 13
9551, 13
9552, 13
9553, 13
9554, 13
9555, 13
9556, 13
9557, 13
9558, 9
9559, 9
9560, 10
9561, 12
9562, 12
9563, 21
9564, 12
9565, 14
9566, 11
9567, 11
9568, 12
9569, 15
9570, 12
9571, 12
9572, 19
9573, 19
9574, 19
9575, 19
9576, 18
9577, 13
9578, 14
9579, 9
9580, 9
9581, 9
9582, 16
9583, 11
9584, 11
9585, 12
9586, 9
9587, 8
9588, 9
9589, 9
9590, 10
9591, 10
9592, 9
9593, 10
9594, 10
9595, 13
9596, 12
9597, 13
9598, 13
9599, 13
9600, 14
9601, 14
9602, 14
9603, 14
9604, 14
9605, 16
9606, 16
9607, 10
9608, 14
9609, 15
9610, 10
9611, 10
9612, 11
9613, 16
9614, 16
9615, 9
9616, 14
9617, 16
9618, 14
9619, 14
9620, 12
9621, 13
9622, 13
9623, 13
9624, 13
9625, 13
9626, 14
9627, 11
9628, 14
9629, 13
9630, 13
9631, 13
9632, 13
9633, 15
9634, 16
9635, 12
9636, 12
9637, 12
9638, 12
9639, 11
9640, 11
9641, 11
9642, 20
9643, 20
9644, 19
9645, 18
9646, 18
9647, 12
9648, 12
9649, 11
9650, 12
9651, 12
9652, 16
9653, 15
9654, 14
9655, 15
9656, 13
9657, 13
9658, 15
9659, 15
9660, 17
9661, 17
9662, 12
9663, 12
9664, 12
9665, 13
9666, 12
9667, 16
9668, 11
9669, 11
9670, 13
9671, 14
9672, 14
9673, 14
9674, 18
9675, 18
9676, 15
9677, 14
9678, 13
9679, 13
9680, 13
9681, 14
9682, 11
9683, 10
9684, 10
9685, 13
9686, 14
9687, 14
9688, 16
9689, 11
9690, 14
9691, 14
9692, 14
9693, 6
9694, 6
9695, 6
9696, 6
9697, 5
9698, 8
9699, 8
9700, 8
9701, 8
9702, 9
9703, 10
9704, 9
9705, 9
9706, 9
9707, 9
9708, 9
9709, 11
9710, 6
9711, 8
9712, 8
9713, 8
9714, 8
9715, 11
9716, 11
9717, 12
9718, 16
9719, 16
9720, 14
9721, 14
9722, 14
9723, 14
9724, 11
9725, 11
9726, 12
9727, 8
9728, 12
9729, 8
9730, 9
9731, 8
9732, 8
9733, 8
9734, 10
9735, 10
9736, 10
9737, 9
9738, 10
9739, 10
9740, 10
9741, 10
9742, 10
9743, 8
9744, 13
9745, 11
9746, 11
9747, 12
9748, 12
9749, 12
9750, 13
9751, 12
9752, 12
9753, 12
9754, 12
9755, 11
9756, 21
9757, 21
9758, 15
9759, 15
9760, 13
9761, 9
9762, 11
9763, 11
9764, 10
9765, 10
9766, 10
9767, 10
9768, 10
9769, 11
9770, 11
9771, 11
9772, 11
9773, 11
9774, 11
9775, 11
9776, 11
9777, 11
9778, 21
9779, 21
9780, 14
9781, 12
9782, 12
9783, 16
9784, 12
9785, 11
9786, 11
9787, 11
9788, 11
9789, 11
9790, 11
9791, 13
9792, 13
9793, 14
9794, 14
9795, 14
9796, 14
9797, 12
9798, 12
9799, 12
9800, 14
9801, 15
9802, 15
9803, 12
9804, 12
9805, 12
9806, 14
9807, 14
9808, 10
9809, 13
9810, 13
9811, 8
9812, 9
9813, 10
9814, 15
9815, 14
9816, 13
9817, 15
9818, 10
9819, 9
9820, 9
9821, 9
9822, 12
9823, 12
9824, 13
9825, 8
9826, 9
9827, 8
9828, 7
9829, 7
9830, 13
9831, 18
9832, 12
9833, 13
9834, 12
9835, 14
9836, 17
9837, 17
9838, 17
9839, 17
9840, 12
9841, 11
9842, 11
9843, 11
9844, 15
9845, 12
9846, 11
9847, 14
9848, 18
9849, 18
9850, 18
9851, 18
9852, 12
9853, 6
9854, 6
9855, 8
9856, 9
9857, 17
9858, 17
9859, 16
9860, 12
9861, 13
9862, 13
9863, 12
9864, 12
9865, 12
9866, 13
9867, 13
9868, 13
9869, 13
9870, 15
9871, 15
9872, 13
9873, 12
9874, 13
9875, 11
9876, 10
9877, 12
9878, 8
9879, 8
9880, 13
9881, 13
9882, 13
9883, 13
9884, 9
9885, 9
9886, 11
9887, 10
9888, 17
9889, 16
9890, 13
9891, 13
9892, 15
9893, 12
9894, 13
9895, 13
9896, 9
9897, 9
9898, 9
9899, 13
9900, 15
9901, 12
9902, 12
9903, 12
9904, 13
9905, 8
9906, 10
9907, 8
9908, 9
9909, 13
9910, 13
9911, 13
9912, 11
9913, 11
9914, 11
9915, 16
9916, 11
9917, 17
9918, 17
9919, 17
9920, 17
9921, 17
9922, 18
9923, 19
9924, 19
9925, 13
9926, 14
9927, 13
9928, 11
9929, 12
9930, 12
9931, 12
9932, 12
9933, 14
9934, 13
9935, 11
9936, 11
9937, 11
9938, 11
9939, 9
9940, 9
9941, 12
9942, 12
9943, 12
9944, 15
9945, 15
9946, 15
9947, 12
9948, 13
9949, 9
9950, 9
9951, 9
9952, 9
9953, 9
9954, 10
9955, 17
9956, 17
9957, 12
9958, 15
9959, 15
9960, 11
9961, 11
9962, 11
9963, 9
9964, 9
9965, 9
9966, 10
9967, 10
9968, 14
9969, 14
9970, 14
9971, 14
9972, 14
9973, 15
9974, 15
9975, 14
9976, 14
9977, 14
9978, 15
9979, 15
9980, 15
9981, 9
9982, 9
9983, 11
9984, 11
9985, 11
9986, 10
9987, 10
9988, 10
9989, 10
9990, 17
9991, 17
9992, 17
9993, 13
9994, 13
9995, 18
9996, 16
9997, 16
9998, 10
9999, 10
10000, 10
10001, 9
