iter, nrecombs
0, 8
1, 4
2, 3
3, 3
4, 7
5, 9
6, 7
7, 6
8, 5
9, 6
10, 5
11, 4
12, 5
13, 8
14, 5
15, 5
16, 3
17, 7
18, 4
19, 3
20, 4
21, 4
22, 10
23, 12
24, 4
25, 10
26, 9
27, 5
28, 6
29, 7
30, 10
31, 7
32, 10
33, 6
34, 13
35, 9
36, 6
37, 11
38, 4
39, 5
40, 6
41, 4
42, 2
43, 14
44, 5
45, 11
46, 6
47, 17
48, 10
49, 4
50, 4
51, 4
52, 7
53, 6
54, 5
55, 6
56, 10
57, 11
58, 6
59, 11
60, 10
61, 10
62, 5
63, 9
64, 8
65, 9
66, 6
67, 12
68, 6
69, 13
70, 12
71, 9
72, 5
73, 8
74, 12
75, 7
76, 4
77, 13
78, 4
79, 7
80, 9
81, 14
82, 9
83, 11
84, 7
85, 13
86, 6
87, 10
88, 5
89, 6
90, 8
91, 14
92, 8
93, 15
94, 7
95, 14
96, 7
97, 10
98, 12
99, 12
100, 7
101, 7
102, 12
103, 8
104, 9
105, 8
106, 6
107, 8
108, 13
109, 6
110, 5
111, 12
112, 16
113, 13
114, 8
115, 16
116, 14
117, 13
118, 10
119, 6
120, 6
121, 5
122, 12
123, 6
124, 12
125, 12
126, 7
127, 13
128, 9
129, 12
130, 14
131, 8
132, 7
133, 13
134, 5
135, 9
136, 11
137, 16
138, 11
139, 16
140, 11
141, 12
142, 11
143, 14
144, 11
145, 16
146, 7
147, 16
148, 6
149, 16
150, 8
151, 13
152, 7
153, 12
154, 13
155, 12
156, 10
157, 13
158, 11
159, 11
160, 12
161, 8
162, 5
163, 14
164, 6
165, 8
166, 7
167, 10
168, 13
169, 14
170, 11
171, 14
172, 11
173, 11
174, 12
175, 10
176, 9
177, 11
178, 13
179, 12
180, 10
181, 11
182, 8
183, 10
184, 6
185, 14
186, 8
187, 10
188, 11
189, 15
190, 10
191, 10
192, 12
193, 10
194, 10
195, 12
196, 10
197, 12
198, 10
199, 11
200, 9
201, 13
202, 5
203, 8
204, 6
205, 17
206, 7
207, 13
208, 7
209, 10
210, 8
211, 19
212, 8
213, 8
214, 15
215, 9
216, 7
217, 19
218, 8
219, 18
220, 9
221, 13
222, 14
223, 14
224, 8
225, 19
226, 10
227, 10
228, 15
229, 14
230, 9
231, 11
232, 11
233, 10
234, 8
235, 10
236, 10
237, 15
238, 13
239, 9
240, 7
241, 10
242, 13
243, 10
244, 11
245, 25
246, 14
247, 13
248, 8
249, 14
250, 13
251, 21
252, 11
253, 11
254, 12
255, 12
256, 9
257, 11
258, 17
259, 11
260, 11
261, 13
262, 12
263, 10
264, 12
265, 17
266, 12
267, 8
268, 10
269, 16
270, 11
271, 16
272, 10
273, 8
274, 8
275, 7
276, 11
277, 17
278, 11
279, 16
280, 11
281, 14
282, 13
283, 8
284, 11
285, 21
286, 13
287, 8
288, 11
289, 13
290, 12
291, 8
292, 15
293, 15
294, 11
295, 19
296, 10
297, 20
298, 10
299, 19
300, 16
301, 12
302, 12
303, 10
304, 11
305, 24
306, 13
307, 14
308, 8
309, 10
310, 11
311, 14
312, 16
313, 16
314, 14
315, 20
316, 9
317, 17
318, 8
319, 19
320, 12
321, 11
322, 14
323, 18
324, 17
325, 16
326, 20
327, 11
328, 12
329, 18
330, 16
331, 23
332, 16
333, 16
334, 14
335, 15
336, 18
337, 6
338, 17
339, 5
340, 12
341, 5
342, 7
343, 10
344, 11
345, 21
346, 19
347, 10
348, 13
349, 18
350, 16
351, 5
352, 9
353, 11
354, 11
355, 4
356, 8
357, 14
358, 8
359, 18
360, 11
361, 20
362, 15
363, 20
364, 13
365, 22
366, 8
367, 10
368, 14
369, 6
370, 14
371, 7
372, 13
373, 10
374, 9
375, 12
376, 12
377, 20
378, 17
379, 16
380, 5
381, 16
382, 14
383, 8
384, 22
385, 20
386, 19
387, 22
388, 22
389, 19
390, 8
391, 16
392, 17
393, 10
394, 13
395, 7
396, 15
397, 9
398, 15
399, 17
400, 8
401, 15
402, 6
403, 20
404, 8
405, 15
406, 17
407, 14
408, 8
409, 10
410, 15
411, 9
412, 13
413, 16
414, 8
415, 18
416, 17
417, 18
418, 18
419, 11
420, 16
421, 15
422, 10
423, 12
424, 13
425, 15
426, 15
427, 15
428, 9
429, 13
430, 11
431, 17
432, 12
433, 11
434, 12
435, 11
436, 7
437, 13
438, 15
439, 17
440, 11
441, 17
442, 17
443, 17
444, 15
445, 24
446, 11
447, 9
448, 9
449, 21
450, 16
451, 19
452, 9
453, 22
454, 15
455, 10
456, 15
457, 17
458, 9
459, 12
460, 17
461, 9
462, 9
463, 7
464, 15
465, 8
466, 15
467, 19
468, 17
469, 8
470, 16
471, 8
472, 16
473, 13
474, 23
475, 17
476, 11
477, 9
478, 12
479, 16
480, 21
481, 16
482, 16
483, 17
484, 15
485, 12
486, 16
487, 10
488, 15
489, 15
490, 16
491, 14
492, 14
493, 10
494, 11
495, 7
496, 15
497, 22
498, 10
499, 18
500, 13
501, 12
502, 18
503, 10
504, 14
505, 11
506, 14
507, 17
508, 15
509, 17
510, 12
511, 18
512, 14
513, 12
514, 10
515, 16
516, 16
517, 12
518, 9
519, 8
520, 19
521, 18
522, 10
523, 7
524, 16
525, 17
526, 10
527, 14
528, 12
529, 14
530, 9
531, 15
532, 16
533, 17
534, 13
535, 14
536, 18
537, 7
538, 13
539, 6
540, 17
541, 14
542, 9
543, 7
544, 20
545, 13
546, 12
547, 15
548, 18
549, 13
550, 7
551, 17
552, 14
553, 19
554, 17
555, 12
556, 17
557, 10
558, 19
559, 15
560, 17
561, 13
562, 11
563, 11
564, 16
565, 7
566, 6
567, 15
568, 18
569, 13
570, 15
571, 16
572, 18
573, 23
574, 19
575, 8
576, 6
577, 14
578, 19
579, 18
580, 10
581, 6
582, 16
583, 16
584, 14
585, 18
586, 14
587, 15
588, 19
589, 18
590, 19
591, 21
592, 11
593, 17
594, 18
595, 6
596, 16
597, 16
598, 9
599, 19
600, 21
601, 19
602, 20
603, 16
604, 20
605, 12
606, 11
607, 17
608, 17
609, 14
610, 9
611, 14
612, 26
613, 10
614, 10
615, 14
616, 18
617, 15
618, 20
619, 15
620, 15
621, 14
622, 13
623, 14
624, 13
625, 15
626, 17
627, 17
628, 12
629, 18
630, 12
631, 14
632, 8
633, 12
634, 11
635, 19
636, 10
637, 14
638, 14
639, 14
640, 10
641, 13
642, 15
643, 16
644, 13
645, 11
646, 14
647, 15
648, 16
649, 16
650, 14
651, 16
652, 13
653, 11
654, 20
655, 9
656, 11
657, 14
658, 16
659, 10
660, 19
661, 11
662, 13
663, 13
664, 18
665, 15
666, 17
667, 10
668, 11
669, 15
670, 15
671, 13
672, 10
673, 9
674, 12
675, 9
676, 12
677, 15
678, 17
679, 13
680, 16
681, 9
682, 16
683, 10
684, 13
685, 12
686, 17
687, 11
688, 11
689, 14
690, 14
691, 11
692, 18
693, 14
694, 13
695, 15
696, 16
697, 14
698, 17
699, 12
700, 15
701, 13
702, 17
703, 13
704, 11
705, 14
706, 12
707, 16
708, 11
709, 13
710, 16
711, 14
712, 15
713, 17
714, 13
715, 17
716, 13
717, 12
718, 13
719, 9
720, 11
721, 14
722, 14
723, 16
724, 18
725, 11
726, 15
727, 11
728, 12
729, 17
730, 10
731, 14
732, 16
733, 14
734, 25
735, 9
736, 12
737, 16
738, 17
739, 14
740, 11
741, 12
742, 17
743, 16
744, 15
745, 12
746, 17
747, 9
748, 11
749, 9
750, 13
751, 20
752, 17
753, 13
754, 12
755, 13
756, 10
757, 12
758, 17
759, 20
760, 24
761, 11
762, 14
763, 18
764, 13
765, 10
766, 13
767, 14
768, 13
769, 12
770, 13
771, 12
772, 13
773, 12
774, 13
775, 18
776, 11
777, 18
778, 12
779, 11
780, 14
781, 14
782, 13
783, 10
784, 13
785, 22
786, 12
787, 14
788, 17
789, 17
790, 13
791, 16
792, 13
793, 18
794, 14
795, 9
796, 12
797, 9
798, 14
799, 11
800, 13
801, 8
802, 13
803, 12
804, 12
805, 12
806, 15
807, 18
808, 13
809, 8
810, 14
811, 8
812, 13
813, 11
814, 11
815, 11
816, 14
817, 15
818, 12
819, 21
820, 10
821, 12
822, 13
823, 14
824, 16
825, 14
826, 13
827, 16
828, 16
829, 15
830, 11
831, 19
832, 16
833, 13
834, 15
835, 18
836, 17
837, 17
838, 15
839, 20
840, 13
841, 12
842, 18
843, 14
844, 18
845, 15
846, 15
847, 15
848, 12
849, 14
850, 15
851, 10
852, 8
853, 15
854, 16
855, 18
856, 15
857, 9
858, 11
859, 12
860, 17
861, 16
862, 13
863, 10
864, 13
865, 23
866, 20
867, 16
868, 16
869, 15
870, 21
871, 13
872, 13
873, 7
874, 10
875, 8
876, 19
877, 15
878, 17
879, 14
880, 10
881, 14
882, 14
883, 11
884, 9
885, 15
886, 13
887, 8
888, 13
889, 12
890, 16
891, 12
892, 15
893, 16
894, 14
895, 13
896, 15
897, 9
898, 11
899, 9
900, 10
901, 13
902, 19
903, 18
904, 10
905, 11
906, 16
907, 15
908, 13
909, 16
910, 14
911, 16
912, 9
913, 16
914, 15
915, 13
916, 16
917, 11
918, 10
919, 11
920, 13
921, 12
922, 8
923, 15
924, 8
925, 14
926, 16
927, 11
928, 9
929, 12
930, 9
931, 17
932, 14
933, 14
934, 14
935, 13
936, 14
937, 16
938, 11
939, 17
940, 10
941, 15
942, 20
943, 10
944, 14
945, 15
946, 20
947, 15
948, 17
949, 14
950, 25
951, 11
952, 17
953, 11
954, 18
955, 15
956, 9
957, 9
958, 11
959, 20
960, 8
961, 7
962, 16
963, 19
964, 10
965, 8
966, 10
967, 16
968, 12
969, 13
970, 12
971, 12
972, 13
973, 19
974, 14
975, 14
976, 15
977, 16
978, 14
979, 15
980, 20
981, 10
982, 13
983, 19
984, 20
985, 17
986, 14
987, 18
988, 19
989, 18
990, 13
991, 17
992, 11
993, 14
994, 16
995, 14
996, 19
997, 14
998, 15
999, 15
1000, 18
1001, 12
1002, 12
1003, 12
1004, 14
1005, 11
1006, 16
1007, 13
1008, 10
1009, 11
1010, 14
1011, 16
1012, 16
1013, 13
1014, 14
1015, 13
1016, 16
1017, 12
1018, 14
1019, 18
1020, 14
1021, 11
1022, 15
1023, 17
1024, 20
1025, 12
1026, 14
1027, 12
1028, 15
1029, 19
1030, 21
1031, 14
1032, 17
1033, 19
1034, 14
1035, 13
1036, 15
1037, 19
1038, 11
1039, 15
1040, 17
1041, 9
1042, 13
1043, 20
1044, 18
1045, 9
1046, 13
1047, 16
1048, 16
1049, 14
1050, 16
1051, 17
1052, 13
1053, 13
1054, 11
1055, 16
1056, 14
1057, 15
1058, 14
1059, 15
1060, 15
1061, 15
1062, 17
1063, 17
1064, 18
1065, 14
1066, 11
1067, 17
1068, 11
1069, 16
1070, 14
1071, 17
1072, 18
1073, 15
1074, 13
1075, 15
1076, 10
1077, 15
1078, 13
1079, 10
1080, 14
1081, 19
1082, 19
1083, 18
1084, 15
1085, 10
1086, 15
1087, 20
1088, 11
1089, 14
1090, 17
1091, 15
1092, 11
1093, 12
1094, 20
1095, 13
1096, 13
1097, 19
1098, 10
1099, 12
1100, 15
1101, 19
1102, 12
1103, 13
1104, 17
1105, 16
1106, 19
1107, 18
1108, 13
1109, 11
1110, 13
1111, 13
1112, 17
1113, 14
1114, 15
1115, 10
1116, 11
1117, 12
1118, 20
1119, 21
1120, 15
1121, 15
1122, 12
1123, 22
1124, 16
1125, 13
1126, 11
1127, 11
1128, 15
1129, 12
1130, 17
1131, 14
1132, 17
1133, 12
1134, 12
1135, 11
1136, 13
1137, 10
1138, 11
1139, 11
1140, 12
1141, 12
1142, 12
1143, 8
1144, 16
1145, 12
1146, 12
1147, 12
1148, 10
1149, 17
1150, 21
1151, 15
1152, 11
1153, 12
1154, 10
1155, 12
1156, 25
1157, 18
1158, 11
1159, 18
1160, 10
1161, 17
1162, 13
1163, 15
1164, 13
1165, 13
1166, 15
1167, 13
1168, 7
1169, 18
1170, 14
1171, 17
1172, 8
1173, 15
1174, 9
1175, 12
1176, 21
1177, 12
1178, 15
1179, 12
1180, 14
1181, 14
1182, 14
1183, 12
1184, 8
1185, 20
1186, 20
1187, 22
1188, 10
1189, 9
1190, 13
1191, 14
1192, 15
1193, 9
1194, 13
1195, 10
1196, 20
1197, 15
1198, 16
1199, 14
1200, 14
1201, 14
1202, 9
1203, 9
1204, 10
1205, 13
1206, 12
1207, 21
1208, 9
1209, 14
1210, 15
1211, 12
1212, 16
1213, 21
1214, 14
1215, 15
1216, 10
1217, 13
1218, 23
1219, 14
1220, 7
1221, 12
1222, 9
1223, 15
1224, 18
1225, 15
1226, 9
1227, 14
1228, 15
1229, 17
1230, 12
1231, 12
1232, 9
1233, 20
1234, 15
1235, 12
1236, 16
1237, 15
1238, 16
1239, 14
1240, 14
1241, 12
1242, 23
1243, 12
1244, 21
1245, 12
1246, 8
1247, 14
1248, 20
1249, 13
1250, 16
1251, 14
1252, 16
1253, 16
1254, 15
1255, 15
1256, 21
1257, 16
1258, 14
1259, 19
1260, 11
1261, 16
1262, 15
1263, 18
1264, 11
1265, 15
1266, 22
1267, 17
1268, 13
1269, 11
1270, 15
1271, 12
1272, 10
1273, 12
1274, 16
1275, 9
1276, 19
1277, 15
1278, 13
1279, 13
1280, 19
1281, 9
1282, 12
1283, 12
1284, 8
1285, 17
1286, 21
1287, 16
1288, 14
1289, 12
1290, 17
1291, 15
1292, 21
1293, 14
1294, 19
1295, 18
1296, 17
1297, 14
1298, 14
1299, 15
1300, 20
1301, 14
1302, 9
1303, 15
1304, 20
1305, 10
1306, 17
1307, 19
1308, 17
1309, 17
1310, 16
1311, 17
1312, 10
1313, 13
1314, 14
1315, 19
1316, 17
1317, 12
1318, 14
1319, 14
1320, 15
1321, 14
1322, 10
1323, 20
1324, 13
1325, 14
1326, 14
1327, 19
1328, 24
1329, 12
1330, 9
1331, 16
1332, 23
1333, 14
1334, 23
1335, 16
1336, 12
1337, 17
1338, 15
1339, 17
1340, 18
1341, 14
1342, 15
1343, 13
1344, 18
1345, 14
1346, 16
1347, 18
1348, 19
1349, 16
1350, 18
1351, 18
1352, 16
1353, 16
1354, 22
1355, 13
1356, 11
1357, 6
1358, 12
1359, 13
1360, 17
1361, 16
1362, 20
1363, 6
1364, 15
1365, 14
1366, 16
1367, 12
1368, 21
1369, 15
1370, 18
1371, 14
1372, 16
1373, 19
1374, 20
1375, 12
1376, 17
1377, 16
1378, 17
1379, 8
1380, 15
1381, 21
1382, 16
1383, 14
1384, 17
1385, 14
1386, 15
1387, 13
1388, 11
1389, 14
1390, 15
1391, 13
1392, 11
1393, 9
1394, 15
1395, 11
1396, 15
1397, 11
1398, 15
1399, 14
1400, 15
1401, 18
1402, 15
1403, 10
1404, 19
1405, 13
1406, 15
1407, 14
1408, 15
1409, 14
1410, 16
1411, 18
1412, 20
1413, 15
1414, 22
1415, 19
1416, 16
1417, 13
1418, 18
1419, 10
1420, 15
1421, 13
1422, 16
1423, 16
1424, 20
1425, 16
1426, 11
1427, 16
1428, 13
1429, 14
1430, 13
1431, 14
1432, 12
1433, 13
1434, 22
1435, 16
1436, 21
1437, 14
1438, 13
1439, 16
1440, 14
1441, 12
1442, 13
1443, 12
1444, 14
1445, 14
1446, 12
1447, 15
1448, 20
1449, 15
1450, 23
1451, 14
1452, 16
1453, 12
1454, 15
1455, 24
1456, 14
1457, 17
1458, 11
1459, 13
1460, 15
1461, 15
1462, 12
1463, 13
1464, 15
1465, 13
1466, 15
1467, 10
1468, 24
1469, 18
1470, 13
1471, 22
1472, 12
1473, 18
1474, 13
1475, 11
1476, 15
1477, 21
1478, 12
1479, 14
1480, 14
1481, 16
1482, 12
1483, 12
1484, 17
1485, 19
1486, 15
1487, 12
1488, 13
1489, 12
1490, 22
1491, 15
1492, 19
1493, 14
1494, 13
1495, 15
1496, 15
1497, 15
1498, 13
1499, 17
1500, 14
1501, 17
1502, 17
1503, 16
1504, 11
1505, 20
1506, 15
1507, 11
1508, 15
1509, 15
1510, 9
1511, 18
1512, 12
1513, 15
1514, 18
1515, 11
1516, 14
1517, 15
1518, 11
1519, 24
1520, 15
1521, 18
1522, 22
1523, 18
1524, 9
1525, 17
1526, 13
1527, 14
1528, 17
1529, 16
1530, 15
1531, 16
1532, 14
1533, 12
1534, 14
1535, 16
1536, 12
1537, 11
1538, 16
1539, 21
1540, 19
1541, 10
1542, 21
1543, 10
1544, 17
1545, 13
1546, 18
1547, 16
1548, 18
1549, 19
1550, 11
1551, 13
1552, 17
1553, 15
1554, 10
1555, 21
1556, 21
1557, 20
1558, 14
1559, 19
1560, 19
1561, 20
1562, 17
1563, 20
1564, 16
1565, 11
1566, 16
1567, 24
1568, 18
1569, 15
1570, 18
1571, 12
1572, 15
1573, 20
1574, 11
1575, 20
1576, 12
1577, 17
1578, 13
1579, 15
1580, 13
1581, 15
1582, 14
1583, 26
1584, 11
1585, 15
1586, 20
1587, 15
1588, 16
1589, 19
1590, 15
1591, 16
1592, 15
1593, 17
1594, 13
1595, 15
1596, 14
1597, 15
1598, 12
1599, 17
1600, 20
1601, 16
1602, 20
1603, 20
1604, 19
1605, 15
1606, 20
1607, 23
1608, 20
1609, 15
1610, 14
1611, 14
1612, 14
1613, 14
1614, 21
1615, 24
1616, 20
1617, 17
1618, 13
1619, 16
1620, 12
1621, 14
1622, 16
1623, 18
1624, 14
1625, 14
1626, 14
1627, 12
1628, 14
1629, 12
1630, 13
1631, 15
1632, 12
1633, 19
1634, 12
1635, 20
1636, 12
1637, 20
1638, 18
1639, 18
1640, 12
1641, 12
1642, 17
1643, 12
1644, 13
1645, 12
1646, 18
1647, 12
1648, 12
1649, 23
1650, 20
1651, 18
1652, 17
1653, 14
1654, 18
1655, 14
1656, 27
1657, 13
1658, 11
1659, 24
1660, 15
1661, 18
1662, 16
1663, 11
1664, 13
1665, 12
1666, 13
1667, 13
1668, 16
1669, 12
1670, 9
1671, 13
1672, 16
1673, 18
1674, 16
1675, 23
1676, 17
1677, 21
1678, 14
1679, 18
1680, 17
1681, 15
1682, 10
1683, 16
1684, 14
1685, 19
1686, 17
1687, 21
1688, 13
1689, 21
1690, 13
1691, 20
1692, 14
1693, 22
1694, 29
1695, 16
1696, 15
1697, 16
1698, 9
1699, 16
1700, 19
1701, 20
1702, 28
1703, 14
1704, 9
1705, 12
1706, 14
1707, 9
1708, 22
1709, 8
1710, 14
1711, 12
1712, 16
1713, 16
1714, 10
1715, 19
1716, 18
1717, 20
1718, 14
1719, 23
1720, 14
1721, 18
1722, 16
1723, 12
1724, 11
1725, 15
1726, 15
1727, 13
1728, 15
1729, 13
1730, 24
1731, 18
1732, 27
1733, 15
1734, 17
1735, 16
1736, 16
1737, 15
1738, 16
1739, 19
1740, 17
1741, 20
1742, 12
1743, 14
1744, 18
1745, 19
1746, 14
1747, 17
1748, 13
1749, 16
1750, 11
1751, 13
1752, 14
1753, 23
1754, 11
1755, 15
1756, 15
1757, 10
1758, 16
1759, 19
1760, 18
1761, 17
1762, 16
1763, 22
1764, 13
1765, 16
1766, 22
1767, 10
1768, 22
1769, 18
1770, 11
1771, 10
1772, 26
1773, 18
1774, 15
1775, 22
1776, 10
1777, 14
1778, 19
1779, 19
1780, 14
1781, 17
1782, 19
1783, 18
1784, 10
1785, 26
1786, 21
1787, 17
1788, 12
1789, 28
1790, 13
1791, 16
1792, 16
1793, 22
1794, 16
1795, 25
1796, 19
1797, 20
1798, 19
1799, 15
1800, 18
1801, 14
1802, 15
1803, 20
1804, 16
1805, 16
1806, 14
1807, 14
1808, 18
1809, 17
1810, 17
1811, 27
1812, 15
1813, 20
1814, 16
1815, 14
1816, 11
1817, 17
1818, 13
1819, 13
1820, 11
1821, 18
1822, 13
1823, 15
1824, 10
1825, 15
1826, 15
1827, 15
1828, 19
1829, 31
1830, 19
1831, 17
1832, 12
1833, 12
1834, 16
1835, 15
1836, 15
1837, 12
1838, 22
1839, 16
1840, 14
1841, 19
1842, 14
1843, 16
1844, 11
1845, 16
1846, 20
1847, 18
1848, 15
1849, 16
1850, 17
1851, 17
1852, 16
1853, 17
1854, 15
1855, 16
1856, 15
1857, 15
1858, 17
1859, 18
1860, 10
1861, 17
1862, 26
1863, 14
1864, 23
1865, 16
1866, 15
1867, 22
1868, 16
1869, 13
1870, 14
1871, 24
1872, 19
1873, 17
1874, 16
1875, 21
1876, 14
1877, 13
1878, 13
1879, 12
1880, 21
1881, 26
1882, 12
1883, 19
1884, 13
1885, 21
1886, 12
1887, 17
1888, 19
1889, 21
1890, 11
1891, 20
1892, 26
1893, 20
1894, 13
1895, 19
1896, 32
1897, 21
1898, 21
1899, 19
1900, 19
1901, 22
1902, 19
1903, 21
1904, 22
1905, 19
1906, 9
1907, 18
1908, 19
1909, 25
1910, 13
1911, 13
1912, 18
1913, 15
1914, 15
1915, 14
1916, 15
1917, 15
1918, 23
1919, 20
1920, 9
1921, 16
1922, 9
1923, 19
1924, 12
1925, 25
1926, 7
1927, 13
1928, 9
1929, 21
1930, 20
1931, 18
1932, 14
1933, 20
1934, 13
1935, 20
1936, 14
1937, 18
1938, 22
1939, 20
1940, 24
1941, 20
1942, 14
1943, 12
1944, 11
1945, 12
1946, 11
1947, 21
1948, 12
1949, 20
1950, 12
1951, 21
1952, 12
1953, 21
1954, 8
1955, 10
1956, 17
1957, 17
1958, 12
1959, 21
1960, 13
1961, 24
1962, 17
1963, 15
1964, 13
1965, 21
1966, 12
1967, 19
1968, 11
1969, 16
1970, 19
1971, 13
1972, 18
1973, 13
1974, 14
1975, 14
1976, 24
1977, 20
1978, 19
1979, 20
1980, 12
1981, 11
1982, 17
1983, 21
1984, 11
1985, 13
1986, 17
1987, 10
1988, 17
1989, 19
1990, 19
1991, 20
1992, 13
1993, 10
1994, 18
1995, 17
1996, 18
1997, 18
1998, 18
1999, 16
2000, 21
2001, 14
2002, 10
2003, 10
2004, 20
2005, 13
2006, 18
2007, 24
2008, 18
2009, 16
2010, 12
2011, 15
2012, 11
2013, 18
2014, 19
2015, 16
2016, 13
2017, 13
2018, 14
2019, 23
2020, 22
2021, 18
2022, 8
2023, 11
2024, 13
2025, 11
2026, 13
2027, 16
2028, 17
2029, 16
2030, 18
2031, 19
2032, 11
2033, 19
2034, 12
2035, 13
2036, 15
2037, 19
2038, 11
2039, 17
2040, 14
2041, 17
2042, 19
2043, 12
2044, 14
2045, 17
2046, 20
2047, 10
2048, 15
2049, 13
2050, 13
2051, 19
2052, 18
2053, 19
2054, 17
2055, 14
2056, 18
2057, 12
2058, 11
2059, 11
2060, 19
2061, 12
2062, 17
2063, 13
2064, 13
2065, 15
2066, 16
2067, 15
2068, 22
2069, 13
2070, 9
2071, 19
2072, 10
2073, 13
2074, 6
2075, 11
2076, 11
2077, 11
2078, 13
2079, 17
2080, 20
2081, 10
2082, 12
2083, 10
2084, 20
2085, 19
2086, 13
2087, 20
2088, 20
2089, 15
2090, 11
2091, 19
2092, 15
2093, 14
2094, 9
2095, 21
2096, 6
2097, 12
2098, 19
2099, 15
2100, 12
2101, 20
2102, 12
2103, 22
2104, 15
2105, 13
2106, 17
2107, 17
2108, 23
2109, 22
2110, 14
2111, 12
2112, 13
2113, 24
2114, 11
2115, 14
2116, 10
2117, 10
2118, 14
2119, 15
2120, 14
2121, 25
2122, 7
2123, 19
2124, 11
2125, 21
2126, 13
2127, 17
2128, 14
2129, 16
2130, 18
2131, 20
2132, 20
2133, 14
2134, 14
2135, 16
2136, 8
2137, 15
2138, 24
2139, 15
2140, 15
2141, 13
2142, 12
2143, 22
2144, 18
2145, 11
2146, 13
2147, 18
2148, 14
2149, 16
2150, 19
2151, 12
2152, 11
2153, 14
2154, 17
2155, 16
2156, 14
2157, 19
2158, 11
2159, 14
2160, 16
2161, 14
2162, 15
2163, 15
2164, 15
2165, 12
2166, 20
2167, 14
2168, 16
2169, 17
2170, 15
2171, 14
2172, 16
2173, 16
2174, 9
2175, 17
2176, 15
2177, 14
2178, 14
2179, 12
2180, 14
2181, 16
2182, 13
2183, 16
2184, 16
2185, 17
2186, 19
2187, 20
2188, 12
2189, 17
2190, 15
2191, 13
2192, 16
2193, 16
2194, 12
2195, 12
2196, 10
2197, 26
2198, 15
2199, 14
2200, 14
2201, 15
2202, 8
2203, 16
2204, 15
2205, 15
2206, 18
2207, 12
2208, 8
2209, 12
2210, 15
2211, 24
2212, 12
2213, 17
2214, 21
2215, 16
2216, 16
2217, 11
2218, 13
2219, 15
2220, 19
2221, 13
2222, 11
2223, 12
2224, 19
2225, 18
2226, 12
2227, 17
2228, 11
2229, 12
2230, 11
2231, 17
2232, 20
2233, 20
2234, 18
2235, 11
2236, 14
2237, 18
2238, 11
2239, 16
2240, 20
2241, 20
2242, 13
2243, 18
2244, 18
2245, 14
2246, 13
2247, 21
2248, 18
2249, 17
2250, 13
2251, 15
2252, 11
2253, 17
2254, 11
2255, 20
2256, 14
2257, 18
2258, 13
2259, 16
2260, 22
2261, 14
2262, 16
2263, 18
2264, 13
2265, 16
2266, 17
2267, 12
2268, 17
2269, 20
2270, 17
2271, 18
2272, 11
2273, 17
2274, 14
2275, 12
2276, 8
2277, 15
2278, 15
2279, 12
2280, 17
2281, 16
2282, 15
2283, 16
2284, 16
2285, 16
2286, 11
2287, 15
2288, 15
2289, 14
2290, 13
2291, 17
2292, 7
2293, 17
2294, 19
2295, 18
2296, 13
2297, 16
2298, 13
2299, 18
2300, 13
2301, 18
2302, 10
2303, 16
2304, 18
2305, 17
2306, 20
2307, 16
2308, 12
2309, 19
2310, 16
2311, 18
2312, 13
2313, 20
2314, 16
2315, 15
2316, 14
2317, 26
2318, 17
2319, 26
2320, 12
2321, 14
2322, 22
2323, 19
2324, 11
2325, 16
2326, 13
2327, 14
2328, 16
2329, 17
2330, 15
2331, 19
2332, 18
2333, 15
2334, 8
2335, 25
2336, 9
2337, 18
2338, 18
2339, 13
2340, 14
2341, 20
2342, 13
2343, 18
2344, 14
2345, 19
2346, 11
2347, 12
2348, 17
2349, 17
2350, 14
2351, 18
2352, 17
2353, 24
2354, 13
2355, 18
2356, 16
2357, 13
2358, 14
2359, 22
2360, 19
2361, 13
2362, 17
2363, 13
2364, 16
2365, 15
2366, 18
2367, 18
2368, 13
2369, 15
2370, 15
2371, 17
2372, 20
2373, 18
2374, 17
2375, 16
2376, 11
2377, 14
2378, 10
2379, 15
2380, 14
2381, 17
2382, 10
2383, 16
2384, 16
2385, 22
2386, 15
2387, 12
2388, 12
2389, 14
2390, 14
2391, 17
2392, 12
2393, 17
2394, 13
2395, 15
2396, 15
2397, 17
2398, 15
2399, 12
2400, 16
2401, 13
2402, 13
2403, 13
2404, 13
2405, 14
2406, 19
2407, 14
2408, 16
2409, 16
2410, 10
2411, 16
2412, 11
2413, 15
2414, 18
2415, 17
2416, 22
2417, 17
2418, 14
2419, 20
2420, 13
2421, 17
2422, 15
2423, 16
2424, 15
2425, 14
2426, 24
2427, 16
2428, 12
2429, 14
2430, 13
2431, 13
2432, 13
2433, 17
2434, 10
2435, 13
2436, 8
2437, 13
2438, 12
2439, 15
2440, 15
2441, 28
2442, 13
2443, 17
2444, 12
2445, 14
2446, 13
2447, 17
2448, 10
2449, 17
2450, 17
2451, 14
2452, 14
2453, 14
2454, 15
2455, 15
2456, 22
2457, 14
2458, 16
2459, 17
2460, 16
2461, 20
2462, 16
2463, 12
2464, 10
2465, 28
2466, 17
2467, 11
2468, 17
2469, 19
2470, 18
2471, 14
2472, 17
2473, 14
2474, 13
2475, 13
2476, 14
2477, 15
2478, 17
2479, 14
2480, 11
2481, 23
2482, 17
2483, 12
2484, 18
2485, 10
2486, 18
2487, 18
2488, 16
2489, 13
2490, 13
2491, 12
2492, 13
2493, 11
2494, 19
2495, 17
2496, 11
2497, 21
2498, 16
2499, 14
2500, 19
2501, 14
2502, 18
2503, 11
2504, 17
2505, 20
2506, 15
2507, 12
2508, 21
2509, 13
2510, 10
2511, 16
2512, 14
2513, 12
2514, 17
2515, 16
2516, 15
2517, 14
2518, 14
2519, 15
2520, 18
2521, 16
2522, 19
2523, 13
2524, 18
2525, 19
2526, 19
2527, 14
2528, 16
2529, 15
2530, 17
2531, 14
2532, 18
2533, 13
2534, 19
2535, 13
2536, 14
2537, 12
2538, 14
2539, 14
2540, 14
2541, 11
2542, 18
2543, 11
2544, 11
2545, 20
2546, 11
2547, 15
2548, 16
2549, 14
2550, 14
2551, 13
2552, 11
2553, 15
2554, 20
2555, 12
2556, 14
2557, 12
2558, 14
2559, 14
2560, 16
2561, 14
2562, 19
2563, 12
2564, 19
2565, 14
2566, 14
2567, 13
2568, 14
2569, 15
2570, 15
2571, 16
2572, 13
2573, 23
2574, 19
2575, 21
2576, 15
2577, 16
2578, 16
2579, 13
2580, 16
2581, 12
2582, 13
2583, 13
2584, 13
2585, 13
2586, 16
2587, 17
2588, 17
2589, 15
2590, 14
2591, 14
2592, 19
2593, 14
2594, 18
2595, 21
2596, 17
2597, 18
2598, 19
2599, 17
2600, 17
2601, 23
2602, 17
2603, 12
2604, 12
2605, 15
2606, 15
2607, 12
2608, 14
2609, 11
2610, 13
2611, 16
2612, 12
2613, 12
2614, 13
2615, 18
2616, 14
2617, 14
2618, 17
2619, 19
2620, 21
2621, 14
2622, 20
2623, 16
2624, 12
2625, 18
2626, 12
2627, 18
2628, 17
2629, 23
2630, 21
2631, 23
2632, 17
2633, 17
2634, 12
2635, 17
2636, 13
2637, 15
2638, 16
2639, 17
2640, 18
2641, 18
2642, 16
2643, 18
2644, 18
2645, 16
2646, 11
2647, 17
2648, 20
2649, 18
2650, 20
2651, 18
2652, 12
2653, 16
2654, 26
2655, 19
2656, 18
2657, 19
2658, 17
2659, 17
2660, 13
2661, 17
2662, 16
2663, 19
2664, 13
2665, 15
2666, 16
2667, 19
2668, 19
2669, 20
2670, 21
2671, 18
2672, 21
2673, 18
2674, 19
2675, 19
2676, 11
2677, 22
2678, 10
2679, 19
2680, 15
2681, 18
2682, 17
2683, 15
2684, 14
2685, 19
2686, 19
2687, 23
2688, 18
2689, 18
2690, 21
2691, 15
2692, 15
2693, 12
2694, 16
2695, 14
2696, 14
2697, 15
2698, 17
2699, 17
2700, 15
2701, 15
2702, 10
2703, 15
2704, 19
2705, 15
2706, 15
2707, 21
2708, 22
2709, 18
2710, 20
2711, 17
2712, 19
2713, 16
2714, 19
2715, 16
2716, 9
2717, 16
2718, 19
2719, 14
2720, 10
2721, 15
2722, 13
2723, 18
2724, 21
2725, 16
2726, 17
2727, 10
2728, 19
2729, 17
2730, 13
2731, 16
2732, 11
2733, 16
2734, 18
2735, 10
2736, 13
2737, 14
2738, 21
2739, 11
2740, 14
2741, 16
2742, 21
2743, 14
2744, 19
2745, 17
2746, 21
2747, 16
2748, 14
2749, 14
2750, 15
2751, 14
2752, 20
2753, 15
2754, 14
2755, 16
2756, 16
2757, 16
2758, 19
2759, 12
2760, 13
2761, 20
2762, 20
2763, 13
2764, 21
2765, 13
2766, 15
2767, 16
2768, 15
2769, 13
2770, 16
2771, 12
2772, 11
2773, 16
2774, 20
2775, 14
2776, 18
2777, 15
2778, 16
2779, 14
2780, 20
2781, 14
2782, 14
2783, 14
2784, 10
2785, 15
2786, 14
2787, 12
2788, 16
2789, 13
2790, 23
2791, 15
2792, 20
2793, 17
2794, 21
2795, 13
2796, 20
2797, 18
2798, 15
2799, 13
2800, 21
2801, 19
2802, 11
2803, 18
2804, 11
2805, 11
2806, 14
2807, 12
2808, 10
2809, 17
2810, 18
2811, 19
2812, 15
2813, 14
2814, 14
2815, 18
2816, 12
2817, 15
2818, 18
2819, 17
2820, 24
2821, 14
2822, 18
2823, 17
2824, 22
2825, 23
2826, 14
2827, 10
2828, 19
2829, 13
2830, 15
2831, 17
2832, 14
2833, 11
2834, 19
2835, 21
2836, 16
2837, 12
2838, 24
2839, 16
2840, 13
2841, 16
2842, 15
2843, 18
2844, 18
2845, 15
2846, 13
2847, 15
2848, 13
2849, 21
2850, 17
2851, 15
2852, 21
2853, 10
2854, 17
2855, 10
2856, 10
2857, 8
2858, 12
2859, 13
2860, 15
2861, 17
2862, 13
2863, 20
2864, 17
2865, 16
2866, 19
2867, 13
2868, 16
2869, 16
2870, 17
2871, 13
2872, 9
2873, 11
2874, 11
2875, 21
2876, 13
2877, 12
2878, 21
2879, 12
2880, 13
2881, 14
2882, 17
2883, 16
2884, 16
2885, 18
2886, 12
2887, 15
2888, 16
2889, 14
2890, 21
2891, 16
2892, 22
2893, 18
2894, 22
2895, 14
2896, 12
2897, 15
2898, 13
2899, 16
2900, 15
2901, 9
2902, 16
2903, 12
2904, 23
2905, 15
2906, 13
2907, 11
2908, 11
2909, 17
2910, 12
2911, 16
2912, 15
2913, 10
2914, 12
2915, 11
2916, 13
2917, 10
2918, 14
2919, 15
2920, 15
2921, 15
2922, 13
2923, 9
2924, 22
2925, 21
2926, 27
2927, 16
2928, 20
2929, 11
2930, 15
2931, 10
2932, 19
2933, 15
2934, 13
2935, 16
2936, 17
2937, 22
2938, 15
2939, 15
2940, 13
2941, 12
2942, 15
2943, 14
2944, 18
2945, 13
2946, 15
2947, 13
2948, 15
2949, 14
2950, 19
2951, 15
2952, 10
2953, 18
2954, 14
2955, 14
2956, 14
2957, 14
2958, 15
2959, 14
2960, 25
2961, 16
2962, 22
2963, 16
2964, 14
2965, 14
2966, 15
2967, 15
2968, 19
2969, 13
2970, 19
2971, 11
2972, 11
2973, 13
2974, 20
2975, 16
2976, 20
2977, 14
2978, 15
2979, 15
2980, 15
2981, 14
2982, 17
2983, 16
2984, 15
2985, 15
2986, 18
2987, 14
2988, 20
2989, 15
2990, 17
2991, 15
2992, 21
2993, 16
2994, 17
2995, 13
2996, 13
2997, 14
2998, 19
2999, 27
3000, 13
3001, 16
3002, 13
3003, 14
3004, 16
3005, 14
3006, 19
3007, 15
3008, 14
3009, 14
3010, 19
3011, 12
3012, 18
3013, 16
3014, 20
3015, 17
3016, 19
3017, 14
3018, 16
3019, 19
3020, 11
3021, 17
3022, 11
3023, 15
3024, 13
3025, 12
3026, 21
3027, 14
3028, 17
3029, 17
3030, 15
3031, 12
3032, 20
3033, 20
3034, 20
3035, 14
3036, 14
3037, 15
3038, 15
3039, 12
3040, 17
3041, 16
3042, 21
3043, 12
3044, 13
3045, 13
3046, 17
3047, 21
3048, 18
3049, 15
3050, 13
3051, 19
3052, 21
3053, 13
3054, 16
3055, 15
3056, 14
3057, 14
3058, 14
3059, 10
3060, 19
3061, 19
3062, 19
3063, 20
3064, 17
3065, 13
3066, 21
3067, 15
3068, 19
3069, 14
3070, 23
3071, 14
3072, 15
3073, 16
3074, 16
3075, 19
3076, 12
3077, 12
3078, 12
3079, 13
3080, 12
3081, 12
3082, 12
3083, 17
3084, 16
3085, 11
3086, 19
3087, 18
3088, 14
3089, 18
3090, 14
3091, 14
3092, 14
3093, 16
3094, 19
3095, 20
3096, 18
3097, 20
3098, 14
3099, 12
3100, 10
3101, 17
3102, 10
3103, 12
3104, 18
3105, 15
3106, 14
3107, 16
3108, 20
3109, 12
3110, 16
3111, 21
3112, 14
3113, 18
3114, 16
3115, 13
3116, 17
3117, 17
3118, 17
3119, 17
3120, 15
3121, 17
3122, 15
3123, 14
3124, 16
3125, 12
3126, 15
3127, 20
3128, 20
3129, 19
3130, 18
3131, 18
3132, 15
3133, 12
3134, 19
3135, 11
3136, 14
3137, 16
3138, 13
3139, 20
3140, 16
3141, 13
3142, 16
3143, 14
3144, 14
3145, 12
3146, 16
3147, 13
3148, 13
3149, 18
3150, 15
3151, 14
3152, 15
3153, 16
3154, 14
3155, 13
3156, 17
3157, 14
3158, 16
3159, 16
3160, 14
3161, 17
3162, 22
3163, 14
3164, 14
3165, 15
3166, 22
3167, 14
3168, 18
3169, 15
3170, 20
3171, 10
3172, 12
3173, 15
3174, 16
3175, 16
3176, 12
3177, 16
3178, 18
3179, 13
3180, 23
3181, 22
3182, 14
3183, 15
3184, 19
3185, 17
3186, 19
3187, 16
3188, 16
3189, 17
3190, 16
3191, 17
3192, 14
3193, 15
3194, 16
3195, 18
3196, 17
3197, 17
3198, 16
3199, 17
3200, 15
3201, 15
3202, 14
3203, 12
3204, 19
3205, 16
3206, 14
3207, 17
3208, 16
3209, 12
3210, 12
3211, 17
3212, 13
3213, 16
3214, 12
3215, 26
3216, 13
3217, 26
3218, 11
3219, 14
3220, 16
3221, 15
3222, 16
3223, 18
3224, 11
3225, 18
3226, 14
3227, 14
3228, 12
3229, 14
3230, 15
3231, 15
3232, 11
3233, 15
3234, 16
3235, 13
3236, 14
3237, 12
3238, 19
3239, 16
3240, 21
3241, 18
3242, 20
3243, 12
3244, 27
3245, 16
3246, 15
3247, 21
3248, 17
3249, 17
3250, 17
3251, 14
3252, 20
3253, 19
3254, 16
3255, 13
3256, 14
3257, 13
3258, 19
3259, 16
3260, 16
3261, 17
3262, 16
3263, 18
3264, 18
3265, 14
3266, 16
3267, 20
3268, 15
3269, 15
3270, 16
3271, 15
3272, 17
3273, 13
3274, 13
3275, 13
3276, 13
3277, 14
3278, 20
3279, 12
3280, 19
3281, 15
3282, 19
3283, 15
3284, 13
3285, 15
3286, 17
3287, 13
3288, 15
3289, 14
3290, 13
3291, 12
3292, 16
3293, 14
3294, 17
3295, 17
3296, 17
3297, 13
3298, 18
3299, 12
3300, 17
3301, 22
3302, 17
3303, 16
3304, 19
3305, 12
3306, 13
3307, 19
3308, 19
3309, 16
3310, 26
3311, 12
3312, 13
3313, 16
3314, 21
3315, 13
3316, 15
3317, 13
3318, 12
3319, 12
3320, 26
3321, 14
3322, 18
3323, 16
3324, 16
3325, 17
3326, 12
3327, 9
3328, 16
3329, 12
3330, 15
3331, 13
3332, 15
3333, 14
3334, 17
3335, 15
3336, 19
3337, 17
3338, 22
3339, 23
3340, 11
3341, 11
3342, 18
3343, 16
3344, 13
3345, 16
3346, 20
3347, 15
3348, 14
3349, 12
3350, 19
3351, 15
3352, 13
3353, 19
3354, 18
3355, 14
3356, 13
3357, 22
3358, 18
3359, 12
3360, 17
3361, 15
3362, 14
3363, 20
3364, 21
3365, 13
3366, 17
3367, 20
3368, 17
3369, 21
3370, 16
3371, 18
3372, 12
3373, 18
3374, 12
3375, 19
3376, 14
3377, 17
3378, 17
3379, 22
3380, 14
3381, 18
3382, 22
3383, 21
3384, 15
3385, 14
3386, 11
3387, 12
3388, 19
3389, 20
3390, 16
3391, 14
3392, 13
3393, 24
3394, 17
3395, 20
3396, 13
3397, 15
3398, 16
3399, 21
3400, 17
3401, 21
3402, 18
3403, 16
3404, 18
3405, 23
3406, 15
3407, 23
3408, 18
3409, 16
3410, 17
3411, 11
3412, 12
3413, 17
3414, 17
3415, 16
3416, 14
3417, 16
3418, 11
3419, 17
3420, 29
3421, 16
3422, 29
3423, 13
3424, 17
3425, 16
3426, 19
3427, 12
3428, 13
3429, 22
3430, 18
3431, 13
3432, 12
3433, 23
3434, 17
3435, 23
3436, 12
3437, 24
3438, 22
3439, 13
3440, 19
3441, 12
3442, 11
3443, 13
3444, 11
3445, 24
3446, 19
3447, 13
3448, 20
3449, 20
3450, 34
3451, 17
3452, 13
3453, 21
3454, 15
3455, 22
3456, 21
3457, 23
3458, 10
3459, 15
3460, 8
3461, 13
3462, 9
3463, 13
3464, 12
3465, 15
3466, 18
3467, 14
3468, 18
3469, 18
3470, 18
3471, 13
3472, 15
3473, 17
3474, 16
3475, 23
3476, 18
3477, 21
3478, 17
3479, 10
3480, 18
3481, 17
3482, 15
3483, 19
3484, 15
3485, 11
3486, 19
3487, 18
3488, 12
3489, 23
3490, 11
3491, 11
3492, 11
3493, 21
3494, 15
3495, 13
3496, 17
3497, 16
3498, 16
3499, 15
3500, 11
3501, 15
3502, 12
3503, 14
3504, 15
3505, 14
3506, 13
3507, 15
3508, 15
3509, 22
3510, 19
3511, 15
3512, 12
3513, 10
3514, 13
3515, 13
3516, 14
3517, 24
3518, 15
3519, 13
3520, 11
3521, 13
3522, 11
3523, 16
3524, 21
3525, 13
3526, 13
3527, 13
3528, 12
3529, 14
3530, 10
3531, 15
3532, 13
3533, 15
3534, 19
3535, 15
3536, 21
3537, 16
3538, 22
3539, 10
3540, 22
3541, 13
3542, 16
3543, 15
3544, 21
3545, 16
3546, 15
3547, 15
3548, 15
3549, 16
3550, 24
3551, 14
3552, 13
3553, 9
3554, 21
3555, 14
3556, 16
3557, 15
3558, 23
3559, 16
3560, 17
3561, 10
3562, 19
3563, 16
3564, 19
3565, 18
3566, 20
3567, 15
3568, 15
3569, 13
3570, 17
3571, 14
3572, 12
3573, 14
3574, 18
3575, 14
3576, 20
3577, 16
3578, 14
3579, 13
3580, 17
3581, 20
3582, 20
3583, 15
3584, 16
3585, 19
3586, 16
3587, 15
3588, 21
3589, 16
3590, 14
3591, 13
3592, 16
3593, 15
3594, 21
3595, 19
3596, 16
3597, 14
3598, 26
3599, 16
3600, 16
3601, 18
3602, 16
3603, 14
3604, 12
3605, 15
3606, 16
3607, 16
3608, 18
3609, 15
3610, 21
3611, 20
3612, 11
3613, 10
3614, 11
3615, 14
3616, 19
3617, 15
3618, 20
3619, 14
3620, 14
3621, 14
3622, 13
3623, 14
3624, 18
3625, 19
3626, 22
3627, 12
3628, 11
3629, 13
3630, 16
3631, 16
3632, 16
3633, 24
3634, 15
3635, 17
3636, 19
3637, 16
3638, 23
3639, 14
3640, 15
3641, 12
3642, 14
3643, 11
3644, 19
3645, 19
3646, 23
3647, 14
3648, 20
3649, 20
3650, 17
3651, 16
3652, 11
3653, 15
3654, 17
3655, 18
3656, 10
3657, 13
3658, 18
3659, 11
3660, 14
3661, 19
3662, 12
3663, 10
3664, 19
3665, 11
3666, 13
3667, 18
3668, 15
3669, 21
3670, 12
3671, 12
3672, 11
3673, 15
3674, 23
3675, 11
3676, 21
3677, 12
3678, 13
3679, 17
3680, 19
3681, 15
3682, 12
3683, 20
3684, 12
3685, 23
3686, 12
3687, 20
3688, 25
3689, 13
3690, 19
3691, 14
3692, 19
3693, 19
3694, 14
3695, 21
3696, 20
3697, 17
3698, 16
3699, 18
3700, 16
3701, 17
3702, 23
3703, 19
3704, 16
3705, 19
3706, 17
3707, 16
3708, 16
3709, 16
3710, 19
3711, 16
3712, 18
3713, 14
3714, 16
3715, 14
3716, 16
3717, 16
3718, 12
3719, 19
3720, 11
3721, 15
3722, 15
3723, 15
3724, 21
3725, 16
3726, 15
3727, 15
3728, 14
3729, 14
3730, 16
3731, 14
3732, 14
3733, 20
3734, 17
3735, 19
3736, 16
3737, 15
3738, 18
3739, 20
3740, 22
3741, 12
3742, 14
3743, 16
3744, 16
3745, 15
3746, 14
3747, 18
3748, 19
3749, 18
3750, 20
3751, 13
3752, 24
3753, 16
3754, 13
3755, 19
3756, 16
3757, 10
3758, 18
3759, 18
3760, 24
3761, 17
3762, 15
3763, 18
3764, 18
3765, 8
3766, 18
3767, 25
3768, 13
3769, 14
3770, 15
3771, 8
3772, 20
3773, 8
3774, 20
3775, 15
3776, 24
3777, 8
3778, 13
3779, 18
3780, 17
3781, 12
3782, 18
3783, 13
3784, 24
3785, 15
3786, 19
3787, 11
3788, 19
3789, 12
3790, 11
3791, 12
3792, 16
3793, 15
3794, 11
3795, 11
3796, 12
3797, 15
3798, 19
3799, 13
3800, 13
3801, 22
3802, 11
3803, 22
3804, 19
3805, 17
3806, 16
3807, 12
3808, 10
3809, 21
3810, 20
3811, 14
3812, 14
3813, 10
3814, 11
3815, 18
3816, 11
3817, 21
3818, 14
3819, 14
3820, 11
3821, 19
3822, 14
3823, 22
3824, 17
3825, 17
3826, 22
3827, 23
3828, 18
3829, 18
3830, 12
3831, 11
3832, 12
3833, 19
3834, 19
3835, 18
3836, 12
3837, 15
3838, 19
3839, 15
3840, 18
3841, 16
3842, 22
3843, 14
3844, 17
3845, 21
3846, 18
3847, 14
3848, 23
3849, 16
3850, 15
3851, 20
3852, 16
3853, 12
3854, 18
3855, 15
3856, 10
3857, 13
3858, 15
3859, 14
3860, 20
3861, 12
3862, 15
3863, 17
3864, 13
3865, 14
3866, 14
3867, 15
3868, 19
3869, 12
3870, 14
3871, 23
3872, 23
3873, 18
3874, 13
3875, 13
3876, 18
3877, 16
3878, 11
3879, 24
3880, 21
3881, 12
3882, 19
3883, 12
3884, 19
3885, 19
3886, 16
3887, 18
3888, 16
3889, 20
3890, 13
3891, 13
3892, 12
3893, 20
3894, 14
3895, 12
3896, 24
3897, 16
3898, 20
3899, 14
3900, 15
3901, 23
3902, 13
3903, 13
3904, 13
3905, 15
3906, 22
3907, 16
3908, 17
3909, 15
3910, 12
3911, 17
3912, 14
3913, 17
3914, 13
3915, 16
3916, 12
3917, 14
3918, 22
3919, 20
3920, 17
3921, 10
3922, 12
3923, 18
3924, 18
3925, 13
3926, 16
3927, 17
3928, 24
3929, 16
3930, 13
3931, 19
3932, 15
3933, 15
3934, 17
3935, 9
3936, 13
3937, 15
3938, 11
3939, 12
3940, 18
3941, 15
3942, 17
3943, 12
3944, 13
3945, 17
3946, 18
3947, 17
3948, 16
3949, 16
3950, 15
3951, 18
3952, 19
3953, 18
3954, 19
3955, 14
3956, 22
3957, 15
3958, 18
3959, 15
3960, 18
3961, 14
3962, 18
3963, 16
3964, 18
3965, 12
3966, 17
3967, 14
3968, 15
3969, 17
3970, 15
3971, 16
3972, 14
3973, 16
3974, 16
3975, 16
3976, 19
3977, 16
3978, 17
3979, 10
3980, 15
3981, 15
3982, 13
3983, 10
3984, 18
3985, 17
3986, 18
3987, 21
3988, 15
3989, 21
3990, 17
3991, 22
3992, 18
3993, 14
3994, 18
3995, 14
3996, 18
3997, 15
3998, 18
3999, 14
4000, 18
4001, 14
4002, 18
4003, 9
4004, 16
4005, 21
4006, 18
4007, 14
4008, 15
4009, 13
4010, 14
4011, 14
4012, 19
4013, 18
4014, 13
4015, 13
4016, 27
4017, 12
4018, 16
4019, 11
4020, 18
4021, 12
4022, 14
4023, 17
4024, 16
4025, 26
4026, 12
4027, 14
4028, 19
4029, 19
4030, 12
4031, 14
4032, 11
4033, 18
4034, 12
4035, 15
4036, 15
4037, 16
4038, 15
4039, 10
4040, 15
4041, 17
4042, 14
4043, 16
4044, 15
4045, 19
4046, 13
4047, 12
4048, 10
4049, 20
4050, 16
4051, 12
4052, 25
4053, 19
4054, 16
4055, 17
4056, 13
4057, 10
4058, 9
4059, 19
4060, 21
4061, 14
4062, 12
4063, 12
4064, 17
4065, 17
4066, 15
4067, 16
4068, 15
4069, 17
4070, 11
4071, 14
4072, 17
4073, 18
4074, 10
4075, 14
4076, 17
4077, 16
4078, 10
4079, 14
4080, 18
4081, 12
4082, 18
4083, 15
4084, 22
4085, 15
4086, 13
4087, 20
4088, 11
4089, 13
4090, 13
4091, 19
4092, 13
4093, 16
4094, 10
4095, 14
4096, 14
4097, 17
4098, 9
4099, 24
4100, 10
4101, 16
4102, 11
4103, 16
4104, 13
4105, 15
4106, 24
4107, 13
4108, 12
4109, 13
4110, 15
4111, 11
4112, 19
4113, 14
4114, 17
4115, 23
4116, 23
4117, 15
4118, 19
4119, 22
4120, 13
4121, 17
4122, 12
4123, 15
4124, 18
4125, 14
4126, 11
4127, 12
4128, 11
4129, 12
4130, 20
4131, 26
4132, 20
4133, 12
4134, 15
4135, 23
4136, 10
4137, 13
4138, 12
4139, 13
4140, 11
4141, 14
4142, 14
4143, 11
4144, 20
4145, 18
4146, 19
4147, 15
4148, 12
4149, 17
4150, 14
4151, 13
4152, 11
4153, 11
4154, 16
4155, 23
4156, 18
4157, 17
4158, 16
4159, 24
4160, 15
4161, 14
4162, 14
4163, 13
4164, 15
4165, 12
4166, 18
4167, 25
4168, 12
4169, 14
4170, 19
4171, 15
4172, 14
4173, 18
4174, 17
4175, 13
4176, 24
4177, 14
4178, 14
4179, 20
4180, 16
4181, 15
4182, 14
4183, 15
4184, 18
4185, 16
4186, 15
4187, 15
4188, 23
4189, 15
4190, 13
4191, 10
4192, 16
4193, 11
4194, 15
4195, 12
4196, 15
4197, 23
4198, 17
4199, 13
4200, 18
4201, 19
4202, 15
4203, 19
4204, 16
4205, 12
4206, 15
4207, 19
4208, 18
4209, 13
4210, 16
4211, 15
4212, 19
4213, 12
4214, 17
4215, 21
4216, 14
4217, 12
4218, 17
4219, 21
4220, 17
4221, 13
4222, 18
4223, 18
4224, 9
4225, 13
4226, 14
4227, 17
4228, 15
4229, 18
4230, 17
4231, 18
4232, 17
4233, 14
4234, 16
4235, 18
4236, 18
4237, 17
4238, 9
4239, 14
4240, 18
4241, 17
4242, 20
4243, 17
4244, 18
4245, 15
4246, 19
4247, 9
4248, 20
4249, 17
4250, 15
4251, 16
4252, 15
4253, 17
4254, 15
4255, 13
4256, 17
4257, 20
4258, 10
4259, 12
4260, 12
4261, 19
4262, 11
4263, 14
4264, 14
4265, 12
4266, 20
4267, 20
4268, 15
4269, 17
4270, 12
4271, 13
4272, 16
4273, 15
4274, 12
4275, 15
4276, 12
4277, 16
4278, 15
4279, 22
4280, 23
4281, 23
4282, 16
4283, 23
4284, 15
4285, 14
4286, 15
4287, 19
4288, 22
4289, 13
4290, 13
4291, 16
4292, 13
4293, 14
4294, 20
4295, 14
4296, 16
4297, 17
4298, 15
4299, 21
4300, 21
4301, 12
4302, 14
4303, 14
4304, 15
4305, 20
4306, 20
4307, 15
4308, 14
4309, 14
4310, 19
4311, 12
4312, 13
4313, 9
4314, 18
4315, 18
4316, 14
4317, 15
4318, 18
4319, 12
4320, 11
4321, 20
4322, 19
4323, 17
4324, 10
4325, 16
4326, 22
4327, 19
4328, 19
4329, 19
4330, 15
4331, 20
4332, 16
4333, 20
4334, 15
4335, 21
4336, 27
4337, 17
4338, 16
4339, 19
4340, 16
4341, 11
4342, 16
4343, 11
4344, 18
4345, 11
4346, 16
4347, 12
4348, 9
4349, 12
4350, 14
4351, 15
4352, 14
4353, 16
4354, 14
4355, 22
4356, 20
4357, 15
4358, 22
4359, 17
4360, 18
4361, 17
4362, 18
4363, 15
4364, 19
4365, 14
4366, 17
4367, 14
4368, 18
4369, 15
4370, 18
4371, 18
4372, 18
4373, 19
4374, 22
4375, 19
4376, 20
4377, 19
4378, 20
4379, 18
4380, 17
4381, 10
4382, 18
4383, 22
4384, 18
4385, 14
4386, 19
4387, 19
4388, 14
4389, 17
4390, 16
4391, 16
4392, 17
4393, 15
4394, 22
4395, 16
4396, 13
4397, 14
4398, 9
4399, 15
4400, 16
4401, 13
4402, 18
4403, 14
4404, 17
4405, 16
4406, 16
4407, 16
4408, 14
4409, 15
4410, 13
4411, 19
4412, 17
4413, 9
4414, 18
4415, 15
4416, 15
4417, 16
4418, 14
4419, 13
4420, 21
4421, 9
4422, 15
4423, 16
4424, 15
4425, 13
4426, 17
4427, 17
4428, 14
4429, 16
4430, 11
4431, 16
4432, 20
4433, 10
4434, 18
4435, 7
4436, 13
4437, 15
4438, 19
4439, 20
4440, 17
4441, 18
4442, 18
4443, 8
4444, 17
4445, 9
4446, 14
4447, 22
4448, 15
4449, 9
4450, 19
4451, 20
4452, 13
4453, 10
4454, 18
4455, 15
4456, 11
4457, 9
4458, 20
4459, 18
4460, 18
4461, 12
4462, 13
4463, 15
4464, 13
4465, 26
4466, 17
4467, 16
4468, 21
4469, 12
4470, 18
4471, 14
4472, 12
4473, 10
4474, 12
4475, 17
4476, 14
4477, 18
4478, 14
4479, 15
4480, 20
4481, 12
4482, 20
4483, 14
4484, 16
4485, 16
4486, 11
4487, 14
4488, 11
4489, 15
4490, 16
4491, 10
4492, 18
4493, 16
4494, 19
4495, 22
4496, 20
4497, 24
4498, 14
4499, 14
4500, 10
4501, 14
4502, 10
4503, 14
4504, 14
4505, 22
4506, 18
4507, 18
4508, 14
4509, 12
4510, 13
4511, 16
4512, 17
4513, 9
4514, 21
4515, 18
4516, 13
4517, 12
4518, 17
4519, 12
4520, 13
4521, 12
4522, 12
4523, 8
4524, 10
4525, 10
4526, 20
4527, 15
4528, 21
4529, 11
4530, 17
4531, 14
4532, 13
4533, 11
4534, 14
4535, 14
4536, 18
4537, 6
4538, 13
4539, 11
4540, 25
4541, 11
4542, 21
4543, 21
4544, 22
4545, 18
4546, 13
4547, 12
4548, 21
4549, 13
4550, 8
4551, 5
4552, 15
4553, 17
4554, 13
4555, 6
4556, 18
4557, 16
4558, 14
4559, 16
4560, 8
4561, 16
4562, 12
4563, 16
4564, 10
4565, 8
4566, 15
4567, 19
4568, 8
4569, 7
4570, 14
4571, 16
4572, 16
4573, 25
4574, 26
4575, 12
4576, 14
4577, 20
4578, 10
4579, 18
4580, 10
4581, 15
4582, 17
4583, 16
4584, 11
4585, 13
4586, 18
4587, 21
4588, 16
4589, 22
4590, 16
4591, 17
4592, 8
4593, 15
4594, 22
4595, 20
4596, 9
4597, 10
4598, 8
4599, 19
4600, 13
4601, 14
4602, 13
4603, 24
4604, 13
4605, 10
4606, 14
4607, 18
4608, 15
4609, 16
4610, 23
4611, 13
4612, 14
4613, 10
4614, 16
4615, 10
4616, 12
4617, 9
4618, 10
4619, 24
4620, 21
4621, 10
4622, 18
4623, 12
4624, 16
4625, 20
4626, 15
4627, 12
4628, 11
4629, 9
4630, 14
4631, 12
4632, 17
4633, 15
4634, 17
4635, 11
4636, 9
4637, 12
4638, 12
4639, 12
4640, 12
4641, 19
4642, 15
4643, 15
4644, 13
4645, 14
4646, 15
4647, 19
4648, 13
4649, 19
4650, 15
4651, 17
4652, 10
4653, 8
4654, 17
4655, 13
4656, 16
4657, 17
4658, 9
4659, 12
4660, 11
4661, 14
4662, 13
4663, 10
4664, 12
4665, 14
4666, 11
4667, 13
4668, 15
4669, 14
4670, 10
4671, 18
4672, 8
4673, 13
4674, 13
4675, 10
4676, 23
4677, 12
4678, 22
4679, 16
4680, 12
4681, 17
4682, 13
4683, 17
4684, 19
4685, 14
4686, 15
4687, 14
4688, 13
4689, 19
4690, 18
4691, 8
4692, 13
4693, 9
4694, 15
4695, 7
4696, 24
4697, 20
4698, 16
4699, 14
4700, 16
4701, 16
4702, 11
4703, 14
4704, 15
4705, 14
4706, 17
4707, 8
4708, 15
4709, 13
4710, 22
4711, 9
4712, 23
4713, 13
4714, 18
4715, 9
4716, 11
4717, 9
4718, 14
4719, 11
4720, 14
4721, 18
4722, 15
4723, 15
4724, 14
4725, 11
4726, 15
4727, 17
4728, 14
4729, 15
4730, 16
4731, 12
4732, 18
4733, 12
4734, 12
4735, 17
4736, 15
4737, 12
4738, 13
4739, 13
4740, 16
4741, 13
4742, 17
4743, 15
4744, 14
4745, 13
4746, 16
4747, 16
4748, 22
4749, 9
4750, 14
4751, 15
4752, 13
4753, 14
4754, 15
4755, 15
4756, 18
4757, 11
4758, 16
4759, 11
4760, 14
4761, 16
4762, 16
4763, 14
4764, 16
4765, 16
4766, 11
4767, 16
4768, 17
4769, 15
4770, 16
4771, 17
4772, 17
4773, 21
4774, 14
4775, 16
4776, 16
4777, 19
4778, 17
4779, 16
4780, 11
4781, 21
4782, 14
4783, 19
4784, 19
4785, 19
4786, 13
4787, 18
4788, 20
4789, 15
4790, 20
4791, 19
4792, 18
4793, 12
4794, 19
4795, 16
4796, 12
4797, 22
4798, 15
4799, 18
4800, 14
4801, 16
4802, 12
4803, 16
4804, 17
4805, 16
4806, 16
4807, 16
4808, 14
4809, 9
4810, 17
4811, 15
4812, 13
4813, 17
4814, 15
4815, 16
4816, 15
4817, 14
4818, 15
4819, 14
4820, 12
4821, 14
4822, 15
4823, 15
4824, 16
4825, 8
4826, 14
4827, 13
4828, 12
4829, 19
4830, 17
4831, 15
4832, 13
4833, 15
4834, 15
4835, 19
4836, 22
4837, 20
4838, 11
4839, 15
4840, 17
4841, 15
4842, 24
4843, 20
4844, 25
4845, 8
4846, 15
4847, 16
4848, 12
4849, 23
4850, 17
4851, 15
4852, 14
4853, 14
4854, 13
4855, 15
4856, 16
4857, 21
4858, 17
4859, 23
4860, 17
4861, 14
4862, 18
4863, 14
4864, 16
4865, 14
4866, 19
4867, 15
4868, 17
4869, 12
4870, 18
4871, 21
4872, 14
4873, 14
4874, 18
4875, 8
4876, 15
4877, 14
4878, 18
4879, 16
4880, 12
4881, 17
4882, 15
4883, 14
4884, 17
4885, 21
4886, 12
4887, 7
4888, 19
4889, 15
4890, 28
4891, 8
4892, 18
4893, 16
4894, 28
4895, 14
4896, 17
4897, 17
4898, 19
4899, 16
4900, 14
4901, 17
4902, 15
4903, 16
4904, 13
4905, 10
4906, 18
4907, 15
4908, 19
4909, 17
4910, 14
4911, 18
4912, 14
4913, 19
4914, 15
4915, 15
4916, 14
4917, 10
4918, 15
4919, 22
4920, 15
4921, 13
4922, 15
4923, 15
4924, 17
4925, 9
4926, 15
4927, 18
4928, 13
4929, 17
4930, 14
4931, 17
4932, 24
4933, 10
4934, 20
4935, 18
4936, 20
4937, 10
4938, 12
4939, 19
4940, 14
4941, 16
4942, 14
4943, 16
4944, 14
4945, 14
4946, 11
4947, 16
4948, 15
4949, 9
4950, 14
4951, 10
4952, 17
4953, 19
4954, 10
4955, 17
4956, 19
4957, 18
4958, 20
4959, 9
4960, 19
4961, 16
4962, 15
4963, 14
4964, 13
4965, 10
4966, 12
4967, 17
4968, 16
4969, 21
4970, 19
4971, 9
4972, 13
4973, 19
4974, 20
4975, 16
4976, 10
4977, 21
4978, 15
4979, 17
4980, 25
4981, 24
4982, 9
4983, 15
4984, 16
4985, 15
4986, 19
4987, 18
4988, 18
4989, 18
4990, 14
4991, 12
4992, 11
4993, 21
4994, 12
4995, 15
4996, 19
4997, 19
4998, 14
4999, 14
5000, 17
5001, 18
5002, 10
5003, 18
5004, 13
5005, 14
5006, 11
5007, 20
5008, 20
5009, 15
5010, 12
5011, 13
5012, 11
5013, 21
5014, 11
5015, 14
5016, 18
5017, 21
5018, 12
5019, 19
5020, 21
5021, 18
5022, 18
5023, 15
5024, 16
5025, 16
5026, 19
5027, 19
5028, 9
5029, 21
5030, 9
5031, 16
5032, 15
5033, 19
5034, 11
5035, 16
5036, 13
5037, 17
5038, 19
5039, 17
5040, 8
5041, 14
5042, 13
5043, 21
5044, 13
5045, 11
5046, 12
5047, 15
5048, 12
5049, 14
5050, 22
5051, 23
5052, 18
5053, 16
5054, 18
5055, 14
5056, 15
5057, 15
5058, 12
5059, 18
5060, 13
5061, 14
5062, 12
5063, 15
5064, 12
5065, 18
5066, 14
5067, 17
5068, 14
5069, 17
5070, 21
5071, 9
5072, 16
5073, 11
5074, 20
5075, 19
5076, 13
5077, 21
5078, 11
5079, 16
5080, 11
5081, 15
5082, 10
5083, 13
5084, 18
5085, 15
5086, 11
5087, 16
5088, 15
5089, 20
5090, 10
5091, 18
5092, 16
5093, 16
5094, 10
5095, 16
5096, 12
5097, 18
5098, 17
5099, 18
5100, 11
5101, 18
5102, 19
5103, 17
5104, 18
5105, 16
5106, 15
5107, 19
5108, 15
5109, 16
5110, 11
5111, 19
5112, 16
5113, 16
5114, 15
5115, 15
5116, 10
5117, 13
5118, 16
5119, 18
5120, 19
5121, 16
5122, 8
5123, 16
5124, 9
5125, 16
5126, 15
5127, 17
5128, 19
5129, 15
5130, 16
5131, 14
5132, 17
5133, 17
5134, 23
5135, 15
5136, 19
5137, 19
5138, 16
5139, 14
5140, 16
5141, 14
5142, 17
5143, 13
5144, 11
5145, 17
5146, 17
5147, 16
5148, 8
5149, 16
5150, 9
5151, 15
5152, 7
5153, 15
5154, 19
5155, 18
5156, 18
5157, 13
5158, 19
5159, 22
5160, 27
5161, 16
5162, 14
5163, 13
5164, 15
5165, 17
5166, 16
5167, 17
5168, 18
5169, 13
5170, 15
5171, 18
5172, 8
5173, 17
5174, 14
5175, 19
5176, 13
5177, 19
5178, 14
5179, 20
5180, 17
5181, 19
5182, 14
5183, 17
5184, 12
5185, 18
5186, 12
5187, 17
5188, 16
5189, 16
5190, 17
5191, 14
5192, 9
5193, 13
5194, 9
5195, 13
5196, 13
5197, 19
5198, 18
5199, 14
5200, 17
5201, 19
5202, 17
5203, 13
5204, 11
5205, 12
5206, 11
5207, 16
5208, 16
5209, 15
5210, 19
5211, 22
5212, 17
5213, 13
5214, 18
5215, 15
5216, 17
5217, 15
5218, 12
5219, 19
5220, 17
5221, 15
5222, 17
5223, 11
5224, 18
5225, 19
5226, 25
5227, 16
5228, 24
5229, 15
5230, 8
5231, 18
5232, 17
5233, 12
5234, 19
5235, 13
5236, 16
5237, 12
5238, 12
5239, 15
5240, 21
5241, 16
5242, 18
5243, 14
5244, 21
5245, 14
5246, 13
5247, 17
5248, 12
5249, 14
5250, 12
5251, 19
5252, 20
5253, 19
5254, 16
5255, 16
5256, 13
5257, 17
5258, 16
5259, 17
5260, 12
5261, 19
5262, 11
5263, 20
5264, 23
5265, 22
5266, 10
5267, 11
5268, 17
5269, 11
5270, 13
5271, 21
5272, 14
5273, 18
5274, 14
5275, 13
5276, 12
5277, 14
5278, 17
5279, 17
5280, 22
5281, 15
5282, 11
5283, 16
5284, 9
5285, 15
5286, 21
5287, 14
5288, 18
5289, 23
5290, 19
5291, 13
5292, 22
5293, 19
5294, 6
5295, 14
5296, 24
5297, 12
5298, 20
5299, 12
5300, 17
5301, 15
5302, 22
5303, 14
5304, 17
5305, 12
5306, 16
5307, 22
5308, 11
5309, 13
5310, 16
5311, 21
5312, 7
5313, 25
5314, 14
5315, 14
5316, 9
5317, 11
5318, 15
5319, 18
5320, 13
5321, 11
5322, 23
5323, 17
5324, 12
5325, 18
5326, 13
5327, 11
5328, 9
5329, 12
5330, 21
5331, 14
5332, 14
5333, 13
5334, 13
5335, 19
5336, 21
5337, 18
5338, 11
5339, 21
5340, 12
5341, 13
5342, 22
5343, 11
5344, 16
5345, 12
5346, 12
5347, 20
5348, 23
5349, 12
5350, 23
5351, 12
5352, 16
5353, 12
5354, 16
5355, 19
5356, 18
5357, 24
5358, 14
5359, 13
5360, 14
5361, 27
5362, 12
5363, 23
5364, 12
5365, 18
5366, 15
5367, 19
5368, 14
5369, 16
5370, 17
5371, 21
5372, 15
5373, 20
5374, 13
5375, 20
5376, 18
5377, 24
5378, 12
5379, 14
5380, 22
5381, 13
5382, 18
5383, 20
5384, 16
5385, 14
5386, 15
5387, 11
5388, 18
5389, 15
5390, 11
5391, 22
5392, 10
5393, 20
5394, 10
5395, 18
5396, 15
5397, 16
5398, 12
5399, 12
5400, 18
5401, 18
5402, 13
5403, 18
5404, 14
5405, 17
5406, 20
5407, 16
5408, 11
5409, 18
5410, 7
5411, 16
5412, 10
5413, 12
5414, 15
5415, 17
5416, 16
5417, 18
5418, 15
5419, 16
5420, 12
5421, 17
5422, 15
5423, 16
5424, 7
5425, 17
5426, 12
5427, 14
5428, 20
5429, 15
5430, 12
5431, 16
5432, 6
5433, 12
5434, 12
5435, 17
5436, 11
5437, 14
5438, 14
5439, 14
5440, 9
5441, 14
5442, 17
5443, 15
5444, 18
5445, 13
5446, 18
5447, 23
5448, 22
5449, 15
5450, 16
5451, 17
5452, 13
5453, 14
5454, 13
5455, 16
5456, 7
5457, 21
5458, 16
5459, 14
5460, 10
5461, 19
5462, 20
5463, 14
5464, 9
5465, 10
5466, 11
5467, 13
5468, 10
5469, 16
5470, 11
5471, 16
5472, 12
5473, 17
5474, 14
5475, 12
5476, 11
5477, 16
5478, 12
5479, 17
5480, 16
5481, 17
5482, 17
5483, 17
5484, 13
5485, 12
5486, 16
5487, 15
5488, 16
5489, 14
5490, 17
5491, 10
5492, 11
5493, 16
5494, 19
5495, 12
5496, 23
5497, 9
5498, 11
5499, 9
5500, 18
5501, 20
5502, 12
5503, 13
5504, 14
5505, 18
5506, 12
5507, 12
5508, 13
5509, 17
5510, 21
5511, 13
5512, 18
5513, 16
5514, 10
5515, 17
5516, 20
5517, 12
5518, 15
5519, 17
5520, 13
5521, 13
5522, 12
5523, 9
5524, 19
5525, 18
5526, 16
5527, 13
5528, 11
5529, 13
5530, 9
5531, 12
5532, 13
5533, 17
5534, 19
5535, 12
5536, 18
5537, 14
5538, 13
5539, 21
5540, 14
5541, 15
5542, 18
5543, 16
5544, 11
5545, 15
5546, 22
5547, 17
5548, 19
5549, 12
5550, 15
5551, 28
5552, 11
5553, 12
5554, 18
5555, 12
5556, 17
5557, 10
5558, 11
5559, 18
5560, 11
5561, 19
5562, 17
5563, 12
5564, 17
5565, 18
5566, 12
5567, 10
5568, 10
5569, 16
5570, 10
5571, 16
5572, 13
5573, 13
5574, 16
5575, 12
5576, 23
5577, 16
5578, 15
5579, 18
5580, 17
5581, 23
5582, 13
5583, 21
5584, 14
5585, 9
5586, 12
5587, 22
5588, 11
5589, 16
5590, 12
5591, 15
5592, 13
5593, 16
5594, 15
5595, 13
5596, 16
5597, 16
5598, 16
5599, 16
5600, 15
5601, 23
5602, 14
5603, 17
5604, 11
5605, 18
5606, 15
5607, 17
5608, 16
5609, 11
5610, 16
5611, 15
5612, 11
5613, 18
5614, 15
5615, 15
5616, 17
5617, 18
5618, 16
5619, 15
5620, 16
5621, 10
5622, 24
5623, 12
5624, 13
5625, 14
5626, 18
5627, 15
5628, 16
5629, 23
5630, 21
5631, 15
5632, 8
5633, 17
5634, 18
5635, 17
5636, 12
5637, 12
5638, 14
5639, 13
5640, 14
5641, 13
5642, 18
5643, 14
5644, 24
5645, 19
5646, 13
5647, 12
5648, 13
5649, 12
5650, 12
5651, 25
5652, 13
5653, 18
5654, 12
5655, 14
5656, 14
5657, 17
5658, 15
5659, 14
5660, 17
5661, 16
5662, 14
5663, 14
5664, 16
5665, 13
5666, 14
5667, 16
5668, 15
5669, 15
5670, 16
5671, 17
5672, 14
5673, 18
5674, 13
5675, 16
5676, 22
5677, 15
5678, 14
5679, 11
5680, 11
5681, 14
5682, 11
5683, 13
5684, 15
5685, 9
5686, 17
5687, 11
5688, 17
5689, 16
5690, 29
5691, 20
5692, 22
5693, 19
5694, 12
5695, 14
5696, 11
5697, 15
5698, 11
5699, 13
5700, 15
5701, 20
5702, 14
5703, 13
5704, 15
5705, 14
5706, 20
5707, 11
5708, 19
5709, 16
5710, 16
5711, 17
5712, 18
5713, 13
5714, 13
5715, 12
5716, 10
5717, 17
5718, 17
5719, 18
5720, 16
5721, 13
5722, 14
5723, 14
5724, 15
5725, 15
5726, 14
5727, 16
5728, 14
5729, 13
5730, 19
5731, 16
5732, 14
5733, 17
5734, 12
5735, 13
5736, 15
5737, 14
5738, 17
5739, 21
5740, 20
5741, 23
5742, 15
5743, 13
5744, 18
5745, 19
5746, 14
5747, 12
5748, 9
5749, 14
5750, 12
5751, 17
5752, 23
5753, 15
5754, 13
5755, 17
5756, 15
5757, 19
5758, 11
5759, 12
5760, 14
5761, 21
5762, 21
5763, 14
5764, 18
5765, 20
5766, 16
5767, 13
5768, 15
5769, 18
5770, 12
5771, 18
5772, 10
5773, 10
5774, 23
5775, 13
5776, 23
5777, 18
5778, 15
5779, 15
5780, 15
5781, 16
5782, 22
5783, 17
5784, 14
5785, 19
5786, 10
5787, 14
5788, 15
5789, 16
5790, 20
5791, 16
5792, 9
5793, 15
5794, 26
5795, 14
5796, 11
5797, 14
5798, 13
5799, 19
5800, 13
5801, 13
5802, 14
5803, 16
5804, 10
5805, 13
5806, 10
5807, 15
5808, 12
5809, 16
5810, 10
5811, 13
5812, 19
5813, 17
5814, 15
5815, 24
5816, 13
5817, 12
5818, 13
5819, 16
5820, 20
5821, 20
5822, 17
5823, 17
5824, 13
5825, 14
5826, 11
5827, 15
5828, 18
5829, 12
5830, 14
5831, 12
5832, 26
5833, 21
5834, 12
5835, 16
5836, 21
5837, 12
5838, 12
5839, 15
5840, 18
5841, 18
5842, 15
5843, 19
5844, 16
5845, 17
5846, 22
5847, 19
5848, 15
5849, 12
5850, 13
5851, 12
5852, 21
5853, 12
5854, 21
5855, 16
5856, 17
5857, 15
5858, 19
5859, 16
5860, 13
5861, 16
5862, 14
5863, 12
5864, 10
5865, 25
5866, 11
5867, 15
5868, 13
5869, 15
5870, 19
5871, 16
5872, 13
5873, 17
5874, 20
5875, 17
5876, 14
5877, 10
5878, 16
5879, 18
5880, 14
5881, 14
5882, 20
5883, 13
5884, 21
5885, 26
5886, 15
5887, 18
5888, 10
5889, 13
5890, 10
5891, 15
5892, 8
5893, 13
5894, 13
5895, 13
5896, 8
5897, 15
5898, 11
5899, 13
5900, 11
5901, 17
5902, 20
5903, 11
5904, 12
5905, 13
5906, 17
5907, 18
5908, 18
5909, 13
5910, 9
5911, 15
5912, 22
5913, 16
5914, 12
5915, 17
5916, 14
5917, 13
5918, 11
5919, 17
5920, 11
5921, 22
5922, 17
5923, 14
5924, 15
5925, 12
5926, 10
5927, 15
5928, 10
5929, 18
5930, 12
5931, 15
5932, 11
5933, 15
5934, 13
5935, 17
5936, 10
5937, 15
5938, 10
5939, 13
5940, 15
5941, 18
5942, 11
5943, 12
5944, 9
5945, 14
5946, 14
5947, 11
5948, 14
5949, 17
5950, 10
5951, 14
5952, 10
5953, 12
5954, 9
5955, 13
5956, 11
5957, 14
5958, 17
5959, 17
5960, 15
5961, 18
5962, 17
5963, 12
5964, 22
5965, 13
5966, 16
5967, 13
5968, 21
5969, 15
5970, 10
5971, 15
5972, 14
5973, 21
5974, 15
5975, 17
5976, 16
5977, 21
5978, 6
5979, 18
5980, 13
5981, 21
5982, 9
5983, 17
5984, 13
5985, 20
5986, 9
5987, 20
5988, 11
5989, 15
5990, 16
5991, 22
5992, 18
5993, 11
5994, 13
5995, 7
5996, 15
5997, 10
5998, 15
5999, 18
6000, 10
6001, 16
6002, 14
6003, 27
6004, 14
6005, 18
6006, 9
6007, 12
6008, 14
6009, 15
6010, 16
6011, 22
6012, 16
6013, 12
6014, 15
6015, 15
6016, 16
6017, 8
6018, 9
6019, 8
6020, 17
6021, 9
6022, 16
6023, 16
6024, 20
6025, 17
6026, 13
6027, 13
6028, 15
6029, 13
6030, 14
6031, 8
6032, 14
6033, 11
6034, 19
6035, 8
6036, 17
6037, 14
6038, 15
6039, 17
6040, 13
6041, 15
6042, 17
6043, 17
6044, 14
6045, 14
6046, 10
6047, 17
6048, 15
6049, 13
6050, 13
6051, 13
6052, 12
6053, 18
6054, 29
6055, 11
6056, 7
6057, 18
6058, 14
6059, 13
6060, 20
6061, 19
6062, 12
6063, 19
6064, 6
6065, 10
6066, 12
6067, 20
6068, 17
6069, 19
6070, 19
6071, 20
6072, 8
6073, 13
6074, 9
6075, 20
6076, 19
6077, 14
6078, 11
6079, 13
6080, 14
6081, 13
6082, 20
6083, 11
6084, 19
6085, 17
6086, 18
6087, 17
6088, 14
6089, 17
6090, 19
6091, 17
6092, 15
6093, 13
6094, 17
6095, 17
6096, 14
6097, 24
6098, 15
6099, 17
6100, 15
6101, 13
6102, 10
6103, 17
6104, 20
6105, 13
6106, 20
6107, 21
6108, 14
6109, 18
6110, 14
6111, 15
6112, 22
6113, 16
6114, 17
6115, 12
6116, 15
6117, 12
6118, 17
6119, 13
6120, 17
6121, 12
6122, 18
6123, 21
6124, 17
6125, 11
6126, 14
6127, 27
6128, 17
6129, 21
6130, 17
6131, 12
6132, 17
6133, 13
6134, 18
6135, 15
6136, 15
6137, 13
6138, 16
6139, 21
6140, 10
6141, 15
6142, 16
6143, 18
6144, 15
6145, 15
6146, 10
6147, 15
6148, 19
6149, 21
6150, 12
6151, 17
6152, 15
6153, 20
6154, 13
6155, 17
6156, 20
6157, 20
6158, 15
6159, 25
6160, 17
6161, 20
6162, 14
6163, 17
6164, 13
6165, 17
6166, 15
6167, 16
6168, 16
6169, 13
6170, 17
6171, 14
6172, 21
6173, 28
6174, 11
6175, 21
6176, 14
6177, 15
6178, 11
6179, 17
6180, 19
6181, 13
6182, 19
6183, 15
6184, 20
6185, 20
6186, 9
6187, 14
6188, 20
6189, 15
6190, 18
6191, 16
6192, 11
6193, 14
6194, 16
6195, 17
6196, 20
6197, 15
6198, 13
6199, 19
6200, 14
6201, 16
6202, 11
6203, 15
6204, 12
6205, 15
6206, 10
6207, 17
6208, 9
6209, 29
6210, 15
6211, 20
6212, 9
6213, 17
6214, 12
6215, 19
6216, 9
6217, 19
6218, 11
6219, 13
6220, 11
6221, 16
6222, 12
6223, 17
6224, 10
6225, 22
6226, 10
6227, 27
6228, 15
6229, 18
6230, 10
6231, 15
6232, 17
6233, 16
6234, 22
6235, 18
6236, 19
6237, 16
6238, 17
6239, 22
6240, 12
6241, 24
6242, 16
6243, 23
6244, 17
6245, 17
6246, 19
6247, 14
6248, 21
6249, 22
6250, 16
6251, 21
6252, 15
6253, 13
6254, 18
6255, 16
6256, 11
6257, 17
6258, 13
6259, 16
6260, 12
6261, 13
6262, 17
6263, 17
6264, 13
6265, 18
6266, 14
6267, 15
6268, 19
6269, 26
6270, 12
6271, 15
6272, 12
6273, 16
6274, 19
6275, 15
6276, 19
6277, 15
6278, 15
6279, 19
6280, 12
6281, 19
6282, 18
6283, 14
6284, 15
6285, 13
6286, 17
6287, 16
6288, 12
6289, 13
6290, 14
6291, 17
6292, 14
6293, 17
6294, 19
6295, 14
6296, 12
6297, 15
6298, 16
6299, 18
6300, 10
6301, 17
6302, 20
6303, 16
6304, 13
6305, 21
6306, 16
6307, 19
6308, 16
6309, 16
6310, 11
6311, 15
6312, 13
6313, 16
6314, 17
6315, 29
6316, 13
6317, 15
6318, 14
6319, 18
6320, 16
6321, 20
6322, 15
6323, 28
6324, 17
6325, 16
6326, 14
6327, 19
6328, 12
6329, 16
6330, 20
6331, 14
6332, 20
6333, 23
6334, 13
6335, 15
6336, 12
6337, 14
6338, 13
6339, 26
6340, 13
6341, 19
6342, 18
6343, 17
6344, 11
6345, 16
6346, 15
6347, 22
6348, 19
6349, 13
6350, 16
6351, 17
6352, 15
6353, 15
6354, 15
6355, 24
6356, 14
6357, 16
6358, 15
6359, 17
6360, 12
6361, 13
6362, 13
6363, 18
6364, 17
6365, 13
6366, 13
6367, 19
6368, 17
6369, 14
6370, 15
6371, 16
6372, 17
6373, 24
6374, 17
6375, 15
6376, 11
6377, 11
6378, 20
6379, 13
6380, 12
6381, 15
6382, 22
6383, 17
6384, 19
6385, 14
6386, 16
6387, 13
6388, 14
6389, 16
6390, 17
6391, 12
6392, 14
6393, 15
6394, 16
6395, 18
6396, 22
6397, 22
6398, 13
6399, 11
6400, 13
6401, 16
6402, 16
6403, 14
6404, 18
6405, 14
6406, 16
6407, 15
6408, 18
6409, 13
6410, 15
6411, 15
6412, 15
6413, 14
6414, 19
6415, 13
6416, 17
6417, 15
6418, 17
6419, 16
6420, 21
6421, 17
6422, 13
6423, 16
6424, 26
6425, 16
6426, 15
6427, 15
6428, 19
6429, 25
6430, 21
6431, 24
6432, 16
6433, 16
6434, 17
6435, 16
6436, 23
6437, 12
6438, 18
6439, 16
6440, 15
6441, 14
6442, 21
6443, 13
6444, 12
6445, 14
6446, 13
6447, 16
6448, 15
6449, 13
6450, 19
6451, 17
6452, 19
6453, 16
6454, 14
6455, 17
6456, 12
6457, 17
6458, 18
6459, 15
6460, 12
6461, 21
6462, 17
6463, 16
6464, 21
6465, 12
6466, 20
6467, 18
6468, 15
6469, 17
6470, 18
6471, 12
6472, 19
6473, 19
6474, 23
6475, 19
6476, 23
6477, 18
6478, 15
6479, 18
6480, 18
6481, 21
6482, 15
6483, 21
6484, 19
6485, 16
6486, 23
6487, 18
6488, 18
6489, 18
6490, 14
6491, 20
6492, 21
6493, 17
6494, 15
6495, 18
6496, 19
6497, 18
6498, 18
6499, 17
6500, 17
6501, 15
6502, 18
6503, 12
6504, 18
6505, 16
6506, 17
6507, 13
6508, 18
6509, 16
6510, 19
6511, 22
6512, 18
6513, 17
6514, 19
6515, 17
6516, 15
6517, 16
6518, 23
6519, 19
6520, 18
6521, 16
6522, 11
6523, 15
6524, 12
6525, 18
6526, 16
6527, 16
6528, 22
6529, 14
6530, 16
6531, 20
6532, 23
6533, 14
6534, 23
6535, 14
6536, 19
6537, 17
6538, 14
6539, 24
6540, 24
6541, 13
6542, 13
6543, 20
6544, 17
6545, 13
6546, 14
6547, 14
6548, 20
6549, 19
6550, 15
6551, 14
6552, 10
6553, 16
6554, 20
6555, 14
6556, 12
6557, 15
6558, 22
6559, 19
6560, 17
6561, 15
6562, 18
6563, 14
6564, 18
6565, 22
6566, 17
6567, 14
6568, 19
6569, 19
6570, 11
6571, 17
6572, 20
6573, 15
6574, 18
6575, 17
6576, 19
6577, 13
6578, 14
6579, 16
6580, 13
6581, 16
6582, 16
6583, 9
6584, 21
6585, 21
6586, 17
6587, 9
6588, 14
6589, 15
6590, 15
6591, 8
6592, 17
6593, 23
6594, 17
6595, 15
6596, 21
6597, 15
6598, 15
6599, 12
6600, 18
6601, 9
6602, 16
6603, 14
6604, 13
6605, 10
6606, 14
6607, 18
6608, 20
6609, 15
6610, 22
6611, 16
6612, 21
6613, 19
6614, 13
6615, 22
6616, 13
6617, 9
6618, 20
6619, 19
6620, 19
6621, 18
6622, 20
6623, 9
6624, 17
6625, 16
6626, 18
6627, 14
6628, 12
6629, 25
6630, 15
6631, 20
6632, 17
6633, 21
6634, 18
6635, 13
6636, 16
6637, 14
6638, 16
6639, 9
6640, 17
6641, 10
6642, 16
6643, 11
6644, 13
6645, 14
6646, 15
6647, 16
6648, 20
6649, 24
6650, 17
6651, 16
6652, 15
6653, 14
6654, 12
6655, 15
6656, 16
6657, 9
6658, 16
6659, 15
6660, 15
6661, 12
6662, 13
6663, 15
6664, 14
6665, 18
6666, 17
6667, 18
6668, 19
6669, 15
6670, 12
6671, 18
6672, 16
6673, 20
6674, 15
6675, 9
6676, 22
6677, 9
6678, 17
6679, 14
6680, 11
6681, 8
6682, 21
6683, 25
6684, 15
6685, 12
6686, 17
6687, 15
6688, 19
6689, 14
6690, 19
6691, 15
6692, 14
6693, 16
6694, 16
6695, 15
6696, 20
6697, 18
6698, 15
6699, 23
6700, 15
6701, 20
6702, 13
6703, 18
6704, 17
6705, 20
6706, 18
6707, 18
6708, 16
6709, 19
6710, 20
6711, 18
6712, 8
6713, 6
6714, 11
6715, 13
6716, 9
6717, 8
6718, 18
6719, 18
6720, 12
6721, 17
6722, 18
6723, 17
6724, 21
6725, 19
6726, 17
6727, 19
6728, 16
6729, 19
6730, 17
6731, 17
6732, 18
6733, 20
6734, 16
6735, 16
6736, 13
6737, 16
6738, 21
6739, 10
6740, 19
6741, 18
6742, 21
6743, 18
6744, 13
6745, 21
6746, 14
6747, 17
6748, 21
6749, 16
6750, 19
6751, 18
6752, 15
6753, 16
6754, 15
6755, 16
6756, 13
6757, 18
6758, 17
6759, 20
6760, 13
6761, 19
6762, 14
6763, 20
6764, 20
6765, 13
6766, 14
6767, 16
6768, 14
6769, 21
6770, 14
6771, 15
6772, 16
6773, 16
6774, 24
6775, 16
6776, 13
6777, 16
6778, 12
6779, 23
6780, 12
6781, 13
6782, 17
6783, 22
6784, 17
6785, 15
6786, 14
6787, 19
6788, 24
6789, 21
6790, 24
6791, 17
6792, 14
6793, 14
6794, 11
6795, 17
6796, 16
6797, 19
6798, 12
6799, 17
6800, 11
6801, 26
6802, 13
6803, 22
6804, 12
6805, 16
6806, 24
6807, 16
6808, 13
6809, 17
6810, 16
6811, 16
6812, 15
6813, 16
6814, 13
6815, 11
6816, 13
6817, 16
6818, 16
6819, 19
6820, 15
6821, 22
6822, 13
6823, 16
6824, 16
6825, 16
6826, 15
6827, 14
6828, 15
6829, 15
6830, 14
6831, 21
6832, 13
6833, 18
6834, 13
6835, 13
6836, 15
6837, 20
6838, 12
6839, 16
6840, 12
6841, 14
6842, 12
6843, 13
6844, 15
6845, 17
6846, 18
6847, 14
6848, 16
6849, 18
6850, 20
6851, 15
6852, 17
6853, 12
6854, 17
6855, 20
6856, 11
6857, 14
6858, 14
6859, 17
6860, 23
6861, 18
6862, 11
6863, 19
6864, 19
6865, 25
6866, 13
6867, 13
6868, 16
6869, 13
6870, 23
6871, 18
6872, 14
6873, 18
6874, 17
6875, 17
6876, 18
6877, 16
6878, 20
6879, 23
6880, 11
6881, 13
6882, 20
6883, 21
6884, 20
6885, 17
6886, 10
6887, 15
6888, 18
6889, 14
6890, 21
6891, 14
6892, 18
6893, 17
6894, 15
6895, 18
6896, 18
6897, 18
6898, 12
6899, 17
6900, 15
6901, 17
6902, 10
6903, 11
6904, 19
6905, 15
6906, 10
6907, 23
6908, 15
6909, 17
6910, 11
6911, 19
6912, 13
6913, 19
6914, 14
6915, 21
6916, 16
6917, 19
6918, 12
6919, 15
6920, 13
6921, 13
6922, 15
6923, 16
6924, 15
6925, 16
6926, 16
6927, 15
6928, 12
6929, 14
6930, 13
6931, 16
6932, 15
6933, 12
6934, 11
6935, 15
6936, 15
6937, 17
6938, 15
6939, 15
6940, 17
6941, 20
6942, 20
6943, 19
6944, 14
6945, 21
6946, 13
6947, 12
6948, 14
6949, 20
6950, 22
6951, 12
6952, 20
6953, 16
6954, 14
6955, 13
6956, 20
6957, 13
6958, 15
6959, 11
6960, 16
6961, 19
6962, 13
6963, 18
6964, 17
6965, 19
6966, 16
6967, 12
6968, 14
6969, 14
6970, 17
6971, 10
6972, 19
6973, 16
6974, 19
6975, 17
6976, 12
6977, 17
6978, 15
6979, 16
6980, 14
6981, 17
6982, 17
6983, 17
6984, 16
6985, 17
6986, 17
6987, 13
6988, 12
6989, 11
6990, 14
6991, 13
6992, 17
6993, 16
6994, 15
6995, 16
6996, 15
6997, 19
6998, 24
6999, 18
7000, 16
7001, 16
7002, 18
7003, 16
7004, 12
7005, 15
7006, 11
7007, 15
7008, 15
7009, 16
7010, 14
7011, 15
7012, 13
7013, 14
7014, 13
7015, 13
7016, 14
7017, 18
7018, 20
7019, 13
7020, 15
7021, 15
7022, 11
7023, 14
7024, 20
7025, 15
7026, 14
7027, 15
7028, 14
7029, 13
7030, 17
7031, 17
7032, 21
7033, 14
7034, 12
7035, 16
7036, 16
7037, 9
7038, 14
7039, 9
7040, 26
7041, 16
7042, 14
7043, 12
7044, 17
7045, 15
7046, 14
7047, 16
7048, 13
7049, 11
7050, 16
7051, 15
7052, 14
7053, 14
7054, 11
7055, 17
7056, 12
7057, 13
7058, 13
7059, 14
7060, 19
7061, 18
7062, 13
7063, 15
7064, 12
7065, 15
7066, 11
7067, 15
7068, 11
7069, 15
7070, 11
7071, 18
7072, 14
7073, 12
7074, 14
7075, 18
7076, 17
7077, 14
7078, 13
7079, 12
7080, 12
7081, 15
7082, 15
7083, 15
7084, 14
7085, 15
7086, 21
7087, 21
7088, 12
7089, 21
7090, 14
7091, 17
7092, 14
7093, 10
7094, 13
7095, 21
7096, 14
7097, 16
7098, 14
7099, 14
7100, 15
7101, 17
7102, 14
7103, 14
7104, 14
7105, 13
7106, 18
7107, 20
7108, 19
7109, 18
7110, 14
7111, 15
7112, 13
7113, 16
7114, 13
7115, 20
7116, 13
7117, 18
7118, 19
7119, 14
7120, 18
7121, 14
7122, 17
7123, 13
7124, 19
7125, 18
7126, 13
7127, 17
7128, 11
7129, 12
7130, 18
7131, 22
7132, 25
7133, 15
7134, 21
7135, 14
7136, 20
7137, 17
7138, 25
7139, 16
7140, 14
7141, 13
7142, 23
7143, 15
7144, 12
7145, 17
7146, 13
7147, 13
7148, 13
7149, 12
7150, 14
7151, 14
7152, 14
7153, 11
7154, 11
7155, 10
7156, 10
7157, 16
7158, 11
7159, 13
7160, 21
7161, 25
7162, 21
7163, 15
7164, 11
7165, 13
7166, 19
7167, 12
7168, 12
7169, 14
7170, 11
7171, 11
7172, 20
7173, 15
7174, 22
7175, 13
7176, 22
7177, 12
7178, 22
7179, 12
7180, 11
7181, 14
7182, 21
7183, 10
7184, 9
7185, 17
7186, 16
7187, 17
7188, 21
7189, 10
7190, 20
7191, 10
7192, 20
7193, 13
7194, 16
7195, 16
7196, 23
7197, 12
7198, 10
7199, 13
7200, 15
7201, 18
7202, 16
7203, 10
7204, 18
7205, 14
7206, 17
7207, 14
7208, 18
7209, 12
7210, 12
7211, 13
7212, 14
7213, 13
7214, 11
7215, 14
7216, 16
7217, 16
7218, 16
7219, 16
7220, 12
7221, 14
7222, 13
7223, 14
7224, 14
7225, 18
7226, 11
7227, 13
7228, 11
7229, 14
7230, 11
7231, 16
7232, 13
7233, 13
7234, 15
7235, 15
7236, 15
7237, 18
7238, 9
7239, 18
7240, 18
7241, 14
7242, 10
7243, 14
7244, 17
7245, 10
7246, 12
7247, 13
7248, 14
7249, 19
7250, 13
7251, 12
7252, 20
7253, 19
7254, 18
7255, 16
7256, 15
7257, 18
7258, 17
7259, 16
7260, 16
7261, 13
7262, 15
7263, 23
7264, 17
7265, 12
7266, 14
7267, 13
7268, 17
7269, 12
7270, 15
7271, 22
7272, 9
7273, 15
7274, 15
7275, 11
7276, 19
7277, 15
7278, 16
7279, 22
7280, 17
7281, 11
7282, 14
7283, 11
7284, 12
7285, 16
7286, 16
7287, 14
7288, 11
7289, 15
7290, 11
7291, 15
7292, 17
7293, 21
7294, 16
7295, 12
7296, 19
7297, 9
7298, 23
7299, 15
7300, 14
7301, 23
7302, 12
7303, 8
7304, 16
7305, 8
7306, 15
7307, 13
7308, 17
7309, 17
7310, 13
7311, 13
7312, 13
7313, 17
7314, 17
7315, 8
7316, 22
7317, 18
7318, 12
7319, 16
7320, 16
7321, 15
7322, 12
7323, 10
7324, 17
7325, 14
7326, 12
7327, 17
7328, 15
7329, 17
7330, 16
7331, 16
7332, 12
7333, 24
7334, 8
7335, 17
7336, 17
7337, 20
7338, 14
7339, 16
7340, 12
7341, 10
7342, 8
7343, 19
7344, 8
7345, 19
7346, 17
7347, 18
7348, 16
7349, 22
7350, 6
7351, 13
7352, 15
7353, 20
7354, 18
7355, 13
7356, 10
7357, 17
7358, 18
7359, 14
7360, 18
7361, 18
7362, 22
7363, 20
7364, 17
7365, 27
7366, 9
7367, 20
7368, 11
7369, 16
7370, 13
7371, 16
7372, 18
7373, 21
7374, 14
7375, 16
7376, 10
7377, 19
7378, 10
7379, 19
7380, 13
7381, 13
7382, 20
7383, 28
7384, 15
7385, 16
7386, 20
7387, 28
7388, 14
7389, 12
7390, 9
7391, 22
7392, 11
7393, 18
7394, 11
7395, 14
7396, 16
7397, 16
7398, 16
7399, 13
7400, 12
7401, 11
7402, 14
7403, 19
7404, 19
7405, 23
7406, 15
7407, 16
7408, 19
7409, 11
7410, 9
7411, 13
7412, 9
7413, 23
7414, 12
7415, 10
7416, 15
7417, 11
7418, 7
7419, 16
7420, 15
7421, 12
7422, 13
7423, 16
7424, 18
7425, 15
7426, 12
7427, 18
7428, 11
7429, 19
7430, 20
7431, 15
7432, 13
7433, 16
7434, 19
7435, 15
7436, 22
7437, 22
7438, 17
7439, 17
7440, 17
7441, 12
7442, 13
7443, 18
7444, 10
7445, 14
7446, 23
7447, 13
7448, 9
7449, 20
7450, 12
7451, 20
7452, 11
7453, 21
7454, 9
7455, 22
7456, 26
7457, 16
7458, 19
7459, 13
7460, 9
7461, 23
7462, 11
7463, 18
7464, 17
7465, 13
7466, 9
7467, 21
7468, 16
7469, 11
7470, 11
7471, 14
7472, 26
7473, 21
7474, 12
7475, 18
7476, 9
7477, 21
7478, 10
7479, 21
7480, 11
7481, 26
7482, 14
7483, 26
7484, 14
7485, 19
7486, 10
7487, 19
7488, 9
7489, 16
7490, 13
7491, 25
7492, 20
7493, 25
7494, 16
7495, 14
7496, 9
7497, 17
7498, 9
7499, 23
7500, 16
7501, 16
7502, 11
7503, 19
7504, 12
7505, 22
7506, 12
7507, 15
7508, 20
7509, 20
7510, 11
7511, 19
7512, 15
7513, 17
7514, 15
7515, 13
7516, 17
7517, 15
7518, 13
7519, 20
7520, 19
7521, 15
7522, 10
7523, 17
7524, 12
7525, 22
7526, 18
7527, 16
7528, 17
7529, 22
7530, 15
7531, 15
7532, 15
7533, 13
7534, 20
7535, 16
7536, 15
7537, 20
7538, 14
7539, 14
7540, 15
7541, 15
7542, 10
7543, 23
7544, 14
7545, 13
7546, 14
7547, 19
7548, 14
7549, 28
7550, 18
7551, 15
7552, 18
7553, 17
7554, 15
7555, 14
7556, 15
7557, 15
7558, 13
7559, 16
7560, 16
7561, 20
7562, 16
7563, 17
7564, 17
7565, 21
7566, 10
7567, 16
7568, 10
7569, 20
7570, 13
7571, 12
7572, 11
7573, 18
7574, 17
7575, 13
7576, 14
7577, 13
7578, 17
7579, 15
7580, 16
7581, 21
7582, 16
7583, 20
7584, 18
7585, 14
7586, 18
7587, 17
7588, 15
7589, 10
7590, 17
7591, 10
7592, 17
7593, 18
7594, 25
7595, 9
7596, 20
7597, 9
7598, 19
7599, 16
7600, 11
7601, 11
7602, 22
7603, 13
7604, 20
7605, 16
7606, 16
7607, 13
7608, 13
7609, 19
7610, 11
7611, 12
7612, 12
7613, 12
7614, 12
7615, 18
7616, 12
7617, 17
7618, 11
7619, 13
7620, 16
7621, 14
7622, 23
7623, 18
7624, 16
7625, 20
7626, 15
7627, 12
7628, 12
7629, 12
7630, 15
7631, 21
7632, 12
7633, 12
7634, 11
7635, 11
7636, 23
7637, 17
7638, 16
7639, 19
7640, 17
7641, 15
7642, 15
7643, 14
7644, 11
7645, 17
7646, 21
7647, 18
7648, 25
7649, 22
7650, 15
7651, 15
7652, 22
7653, 15
7654, 22
7655, 10
7656, 14
7657, 20
7658, 22
7659, 14
7660, 26
7661, 13
7662, 19
7663, 13
7664, 18
7665, 14
7666, 21
7667, 14
7668, 24
7669, 23
7670, 21
7671, 15
7672, 18
7673, 15
7674, 21
7675, 13
7676, 17
7677, 16
7678, 13
7679, 16
7680, 23
7681, 16
7682, 13
7683, 13
7684, 20
7685, 15
7686, 11
7687, 14
7688, 18
7689, 18
7690, 13
7691, 17
7692, 14
7693, 10
7694, 11
7695, 18
7696, 17
7697, 17
7698, 10
7699, 23
7700, 17
7701, 18
7702, 12
7703, 24
7704, 15
7705, 13
7706, 17
7707, 18
7708, 20
7709, 22
7710, 25
7711, 15
7712, 16
7713, 18
7714, 27
7715, 18
7716, 15
7717, 17
7718, 19
7719, 16
7720, 16
7721, 12
7722, 16
7723, 20
7724, 22
7725, 18
7726, 19
7727, 23
7728, 24
7729, 17
7730, 18
7731, 13
7732, 12
7733, 10
7734, 17
7735, 15
7736, 14
7737, 20
7738, 15
7739, 15
7740, 18
7741, 15
7742, 16
7743, 20
7744, 14
7745, 14
7746, 16
7747, 21
7748, 21
7749, 19
7750, 26
7751, 15
7752, 18
7753, 15
7754, 19
7755, 22
7756, 19
7757, 13
7758, 15
7759, 15
7760, 24
7761, 13
7762, 18
7763, 15
7764, 15
7765, 17
7766, 14
7767, 23
7768, 19
7769, 19
7770, 21
7771, 20
7772, 23
7773, 10
7774, 24
7775, 10
7776, 16
7777, 11
7778, 15
7779, 11
7780, 18
7781, 10
7782, 19
7783, 13
7784, 18
7785, 16
7786, 14
7787, 16
7788, 19
7789, 20
7790, 18
7791, 12
7792, 16
7793, 12
7794, 15
7795, 13
7796, 15
7797, 19
7798, 15
7799, 10
7800, 12
7801, 26
7802, 22
7803, 22
7804, 20
7805, 17
7806, 17
7807, 19
7808, 17
7809, 19
7810, 17
7811, 17
7812, 16
7813, 20
7814, 13
7815, 21
7816, 17
7817, 15
7818, 15
7819, 15
7820, 12
7821, 10
7822, 15
7823, 24
7824, 17
7825, 24
7826, 12
7827, 12
7828, 18
7829, 15
7830, 16
7831, 9
7832, 14
7833, 17
7834, 15
7835, 13
7836, 13
7837, 9
7838, 16
7839, 13
7840, 14
7841, 25
7842, 22
7843, 15
7844, 15
7845, 15
7846, 16
7847, 10
7848, 18
7849, 15
7850, 14
7851, 25
7852, 22
7853, 14
7854, 16
7855, 25
7856, 15
7857, 19
7858, 18
7859, 23
7860, 19
7861, 13
7862, 17
7863, 12
7864, 12
7865, 14
7866, 19
7867, 22
7868, 13
7869, 15
7870, 18
7871, 15
7872, 14
7873, 14
7874, 14
7875, 10
7876, 17
7877, 14
7878, 16
7879, 22
7880, 14
7881, 20
7882, 14
7883, 21
7884, 20
7885, 22
7886, 14
7887, 16
7888, 17
7889, 14
7890, 24
7891, 22
7892, 12
7893, 10
7894, 14
7895, 9
7896, 14
7897, 19
7898, 12
7899, 15
7900, 18
7901, 20
7902, 12
7903, 21
7904, 20
7905, 18
7906, 26
7907, 17
7908, 11
7909, 19
7910, 14
7911, 17
7912, 23
7913, 19
7914, 19
7915, 17
7916, 19
7917, 8
7918, 12
7919, 23
7920, 27
7921, 12
7922, 16
7923, 12
7924, 17
7925, 24
7926, 20
7927, 11
7928, 17
7929, 13
7930, 11
7931, 13
7932, 19
7933, 20
7934, 11
7935, 13
7936, 21
7937, 12
7938, 13
7939, 14
7940, 27
7941, 18
7942, 13
7943, 19
7944, 19
7945, 14
7946, 19
7947, 15
7948, 18
7949, 18
7950, 16
7951, 21
7952, 25
7953, 20
7954, 20
7955, 18
7956, 25
7957, 10
7958, 25
7959, 14
7960, 24
7961, 13
7962, 16
7963, 19
7964, 10
7965, 13
7966, 17
7967, 13
7968, 16
7969, 16
7970, 11
7971, 17
7972, 17
7973, 10
7974, 15
7975, 8
7976, 17
7977, 9
7978, 25
7979, 16
7980, 11
7981, 14
7982, 14
7983, 11
7984, 16
7985, 14
7986, 19
7987, 16
7988, 19
7989, 15
7990, 19
7991, 21
7992, 26
7993, 23
7994, 20
7995, 23
7996, 25
7997, 18
7998, 28
7999, 15
8000, 18
8001, 16
8002, 15
8003, 16
8004, 19
8005, 15
8006, 18
8007, 22
8008, 23
8009, 17
8010, 18
8011, 26
8012, 18
8013, 22
8014, 24
8015, 18
8016, 20
8017, 22
8018, 16
8019, 15
8020, 8
8021, 17
8022, 14
8023, 17
8024, 24
8025, 23
8026, 25
8027, 16
8028, 24
8029, 16
8030, 20
8031, 20
8032, 17
8033, 14
8034, 11
8035, 20
8036, 23
8037, 12
8038, 15
8039, 18
8040, 18
8041, 20
8042, 23
8043, 25
8044, 20
8045, 12
8046, 21
8047, 13
8048, 21
8049, 16
8050, 19
8051, 22
8052, 15
8053, 15
8054, 18
8055, 15
8056, 25
8057, 15
8058, 18
8059, 18
8060, 17
8061, 17
8062, 18
8063, 13
8064, 13
8065, 16
8066, 9
8067, 19
8068, 15
8069, 18
8070, 18
8071, 12
8072, 13
8073, 9
8074, 14
8075, 13
8076, 13
8077, 17
8078, 17
8079, 16
8080, 13
8081, 20
8082, 21
8083, 20
8084, 14
8085, 22
8086, 17
8087, 16
8088, 12
8089, 18
8090, 13
8091, 16
8092, 18
8093, 24
8094, 18
8095, 16
8096, 13
8097, 18
8098, 10
8099, 19
8100, 17
8101, 19
8102, 22
8103, 23
8104, 15
8105, 15
8106, 17
8107, 18
8108, 11
8109, 11
8110, 17
8111, 22
8112, 19
8113, 24
8114, 17
8115, 14
8116, 11
8117, 17
8118, 16
8119, 17
8120, 11
8121, 13
8122, 19
8123, 20
8124, 17
8125, 12
8126, 14
8127, 12
8128, 13
8129, 17
8130, 13
8131, 19
8132, 16
8133, 11
8134, 15
8135, 16
8136, 13
8137, 16
8138, 13
8139, 16
8140, 18
8141, 17
8142, 16
8143, 18
8144, 19
8145, 23
8146, 19
8147, 14
8148, 19
8149, 19
8150, 23
8151, 19
8152, 18
8153, 19
8154, 15
8155, 14
8156, 15
8157, 15
8158, 22
8159, 23
8160, 21
8161, 22
8162, 21
8163, 17
8164, 22
8165, 22
8166, 21
8167, 20
8168, 12
8169, 15
8170, 10
8171, 15
8172, 9
8173, 20
8174, 15
8175, 16
8176, 9
8177, 21
8178, 14
8179, 19
8180, 15
8181, 19
8182, 20
8183, 14
8184, 18
8185, 22
8186, 11
8187, 8
8188, 19
8189, 15
8190, 20
8191, 9
8192, 15
8193, 22
8194, 18
8195, 25
8196, 14
8197, 18
8198, 12
8199, 24
8200, 13
8201, 16
8202, 9
8203, 14
8204, 9
8205, 16
8206, 13
8207, 15
8208, 21
8209, 18
8210, 15
8211, 15
8212, 13
8213, 18
8214, 16
8215, 22
8216, 13
8217, 14
8218, 11
8219, 15
8220, 12
8221, 18
8222, 23
8223, 16
8224, 14
8225, 18
8226, 12
8227, 15
8228, 18
8229, 19
8230, 14
8231, 17
8232, 13
8233, 20
8234, 10
8235, 10
8236, 18
8237, 11
8238, 22
8239, 18
8240, 9
8241, 18
8242, 20
8243, 12
8244, 15
8245, 18
8246, 15
8247, 16
8248, 16
8249, 21
8250, 15
8251, 20
8252, 10
8253, 14
8254, 15
8255, 17
8256, 10
8257, 14
8258, 22
8259, 13
8260, 19
8261, 22
8262, 9
8263, 17
8264, 9
8265, 18
8266, 10
8267, 13
8268, 11
8269, 16
8270, 17
8271, 14
8272, 18
8273, 19
8274, 19
8275, 20
8276, 21
8277, 20
8278, 11
8279, 19
8280, 13
8281, 13
8282, 18
8283, 15
8284, 15
8285, 19
8286, 10
8287, 16
8288, 10
8289, 11
8290, 18
8291, 16
8292, 10
8293, 16
8294, 13
8295, 20
8296, 21
8297, 17
8298, 12
8299, 17
8300, 13
8301, 15
8302, 12
8303, 14
8304, 17
8305, 12
8306, 25
8307, 16
8308, 21
8309, 16
8310, 15
8311, 11
8312, 11
8313, 19
8314, 11
8315, 23
8316, 15
8317, 19
8318, 11
8319, 11
8320, 14
8321, 24
8322, 14
8323, 12
8324, 15
8325, 16
8326, 12
8327, 23
8328, 19
8329, 12
8330, 12
8331, 13
8332, 9
8333, 14
8334, 10
8335, 19
8336, 16
8337, 16
8338, 9
8339, 24
8340, 15
8341, 15
8342, 19
8343, 24
8344, 14
8345, 17
8346, 21
8347, 19
8348, 17
8349, 19
8350, 14
8351, 13
8352, 14
8353, 16
8354, 14
8355, 13
8356, 18
8357, 13
8358, 8
8359, 17
8360, 15
8361, 13
8362, 15
8363, 19
8364, 14
8365, 19
8366, 15
8367, 26
8368, 9
8369, 14
8370, 12
8371, 13
8372, 19
8373, 18
8374, 22
8375, 19
8376, 16
8377, 15
8378, 21
8379, 14
8380, 13
8381, 14
8382, 12
8383, 19
8384, 20
8385, 15
8386, 18
8387, 21
8388, 12
8389, 14
8390, 21
8391, 14
8392, 15
8393, 25
8394, 15
8395, 14
8396, 14
8397, 15
8398, 17
8399, 13
8400, 18
8401, 12
8402, 22
8403, 16
8404, 17
8405, 21
8406, 19
8407, 23
8408, 14
8409, 16
8410, 14
8411, 21
8412, 14
8413, 20
8414, 19
8415, 13
8416, 24
8417, 15
8418, 20
8419, 19
8420, 13
8421, 16
8422, 19
8423, 15
8424, 23
8425, 13
8426, 15
8427, 17
8428, 13
8429, 13
8430, 17
8431, 16
8432, 16
8433, 16
8434, 24
8435, 19
8436, 14
8437, 11
8438, 12
8439, 18
8440, 14
8441, 16
8442, 15
8443, 14
8444, 12
8445, 18
8446, 16
8447, 21
8448, 17
8449, 16
8450, 12
8451, 18
8452, 18
8453, 11
8454, 16
8455, 21
8456, 13
8457, 18
8458, 12
8459, 19
8460, 18
8461, 17
8462, 22
8463, 11
8464, 16
8465, 17
8466, 14
8467, 24
8468, 14
8469, 20
8470, 18
8471, 14
8472, 13
8473, 14
8474, 12
8475, 18
8476, 17
8477, 13
8478, 18
8479, 12
8480, 16
8481, 19
8482, 13
8483, 19
8484, 13
8485, 15
8486, 18
8487, 17
8488, 21
8489, 17
8490, 13
8491, 9
8492, 19
8493, 15
8494, 11
8495, 15
8496, 17
8497, 12
8498, 20
8499, 18
8500, 14
8501, 19
8502, 14
8503, 20
8504, 10
8505, 14
8506, 16
8507, 16
8508, 13
8509, 21
8510, 14
8511, 15
8512, 14
8513, 16
8514, 17
8515, 21
8516, 11
8517, 15
8518, 20
8519, 16
8520, 18
8521, 15
8522, 13
8523, 10
8524, 19
8525, 12
8526, 18
8527, 13
8528, 9
8529, 12
8530, 18
8531, 17
8532, 18
8533, 13
8534, 13
8535, 13
8536, 14
8537, 12
8538, 12
8539, 13
8540, 13
8541, 13
8542, 18
8543, 12
8544, 13
8545, 19
8546, 14
8547, 17
8548, 15
8549, 18
8550, 17
8551, 12
8552, 13
8553, 16
8554, 17
8555, 11
8556, 18
8557, 13
8558, 30
8559, 21
8560, 10
8561, 17
8562, 15
8563, 16
8564, 21
8565, 15
8566, 21
8567, 14
8568, 16
8569, 11
8570, 10
8571, 12
8572, 10
8573, 18
8574, 16
8575, 19
8576, 16
8577, 18
8578, 14
8579, 21
8580, 15
8581, 14
8582, 15
8583, 16
8584, 14
8585, 16
8586, 14
8587, 10
8588, 14
8589, 14
8590, 10
8591, 11
8592, 15
8593, 14
8594, 15
8595, 13
8596, 18
8597, 14
8598, 17
8599, 12
8600, 14
8601, 17
8602, 15
8603, 11
8604, 15
8605, 19
8606, 16
8607, 18
8608, 15
8609, 15
8610, 14
8611, 14
8612, 14
8613, 16
8614, 21
8615, 16
8616, 14
8617, 15
8618, 14
8619, 11
8620, 13
8621, 12
8622, 16
8623, 15
8624, 20
8625, 15
8626, 20
8627, 17
8628, 15
8629, 15
8630, 22
8631, 18
8632, 14
8633, 15
8634, 17
8635, 11
8636, 21
8637, 19
8638, 9
8639, 18
8640, 14
8641, 15
8642, 16
8643, 19
8644, 17
8645, 20
8646, 13
8647, 13
8648, 16
8649, 16
8650, 17
8651, 17
8652, 20
8653, 14
8654, 15
8655, 16
8656, 18
8657, 17
8658, 15
8659, 19
8660, 14
8661, 18
8662, 15
8663, 17
8664, 18
8665, 15
8666, 18
8667, 16
8668, 20
8669, 16
8670, 15
8671, 12
8672, 17
8673, 14
8674, 16
8675, 17
8676, 17
8677, 22
8678, 18
8679, 13
8680, 16
8681, 13
8682, 15
8683, 18
8684, 17
8685, 14
8686, 15
8687, 21
8688, 12
8689, 14
8690, 16
8691, 10
8692, 14
8693, 16
8694, 18
8695, 10
8696, 14
8697, 17
8698, 12
8699, 9
8700, 20
8701, 15
8702, 13
8703, 18
8704, 12
8705, 16
8706, 10
8707, 16
8708, 14
8709, 12
8710, 13
8711, 18
8712, 14
8713, 16
8714, 13
8715, 11
8716, 11
8717, 17
8718, 17
8719, 22
8720, 16
8721, 16
8722, 16
8723, 22
8724, 15
8725, 16
8726, 11
8727, 16
8728, 10
8729, 16
8730, 14
8731, 14
8732, 19
8733, 14
8734, 11
8735, 22
8736, 12
8737, 15
8738, 18
8739, 15
8740, 18
8741, 14
8742, 12
8743, 15
8744, 15
8745, 16
8746, 17
8747, 16
8748, 11
8749, 12
8750, 19
8751, 10
8752, 19
8753, 20
8754, 16
8755, 22
8756, 13
8757, 17
8758, 19
8759, 15
8760, 13
8761, 17
8762, 21
8763, 17
8764, 19
8765, 22
8766, 17
8767, 12
8768, 20
8769, 19
8770, 21
8771, 13
8772, 20
8773, 16
8774, 13
8775, 18
8776, 14
8777, 12
8778, 15
8779, 18
8780, 13
8781, 12
8782, 22
8783, 22
8784, 18
8785, 16
8786, 19
8787, 17
8788, 15
8789, 16
8790, 15
8791, 23
8792, 15
8793, 18
8794, 15
8795, 17
8796, 14
8797, 19
8798, 20
8799, 15
8800, 16
8801, 17
8802, 16
8803, 14
8804, 13
8805, 12
8806, 17
8807, 17
8808, 17
8809, 12
8810, 14
8811, 17
8812, 18
8813, 19
8814, 16
8815, 26
8816, 14
8817, 11
8818, 14
8819, 15
8820, 13
8821, 11
8822, 17
8823, 16
8824, 14
8825, 12
8826, 19
8827, 19
8828, 14
8829, 16
8830, 16
8831, 13
8832, 12
8833, 14
8834, 16
8835, 10
8836, 18
8837, 23
8838, 15
8839, 18
8840, 17
8841, 11
8842, 18
8843, 11
8844, 18
8845, 23
8846, 18
8847, 17
8848, 19
8849, 12
8850, 16
8851, 16
8852, 15
8853, 16
8854, 19
8855, 21
8856, 18
8857, 13
8858, 16
8859, 14
8860, 13
8861, 14
8862, 12
8863, 15
8864, 12
8865, 16
8866, 12
8867, 15
8868, 18
8869, 19
8870, 10
8871, 20
8872, 16
8873, 16
8874, 17
8875, 14
8876, 12
8877, 22
8878, 19
8879, 14
8880, 12
8881, 18
8882, 12
8883, 18
8884, 13
8885, 19
8886, 13
8887, 20
8888, 14
8889, 21
8890, 19
8891, 18
8892, 14
8893, 17
8894, 12
8895, 17
8896, 17
8897, 22
8898, 13
8899, 20
8900, 10
8901, 17
8902, 19
8903, 16
8904, 11
8905, 15
8906, 11
8907, 14
8908, 19
8909, 20
8910, 17
8911, 16
8912, 12
8913, 18
8914, 22
8915, 22
8916, 14
8917, 19
8918, 12
8919, 16
8920, 11
8921, 19
8922, 11
8923, 12
8924, 8
8925, 21
8926, 10
8927, 21
8928, 21
8929, 19
8930, 24
8931, 13
8932, 14
8933, 19
8934, 14
8935, 14
8936, 14
8937, 15
8938, 12
8939, 14
8940, 15
8941, 15
8942, 16
8943, 15
8944, 19
8945, 15
8946, 15
8947, 15
8948, 15
8949, 14
8950, 15
8951, 13
8952, 17
8953, 16
8954, 14
8955, 14
8956, 19
8957, 16
8958, 14
8959, 25
8960, 22
8961, 19
8962, 21
8963, 12
8964, 12
8965, 13
8966, 16
8967, 20
8968, 15
8969, 14
8970, 23
8971, 19
8972, 17
8973, 21
8974, 18
8975, 18
8976, 13
8977, 24
8978, 21
8979, 12
8980, 13
8981, 12
8982, 16
8983, 18
8984, 16
8985, 16
8986, 14
8987, 16
8988, 15
8989, 14
8990, 11
8991, 15
8992, 12
8993, 13
8994, 11
8995, 14
8996, 10
8997, 16
8998, 17
8999, 13
9000, 16
9001, 13
9002, 14
9003, 14
9004, 17
9005, 15
9006, 13
9007, 17
9008, 12
9009, 18
9010, 18
9011, 20
9012, 14
9013, 14
9014, 17
9015, 12
9016, 21
9017, 17
9018, 14
9019, 18
9020, 22
9021, 17
9022, 15
9023, 19
9024, 13
9025, 16
9026, 14
9027, 12
9028, 14
9029, 10
9030, 21
9031, 17
9032, 12
9033, 11
9034, 17
9035, 19
9036, 16
9037, 17
9038, 17
9039, 16
9040, 18
9041, 11
9042, 20
9043, 16
9044, 16
9045, 22
9046, 15
9047, 21
9048, 15
9049, 16
9050, 15
9051, 18
9052, 17
9053, 14
9054, 25
9055, 19
9056, 17
9057, 20
9058, 17
9059, 14
9060, 14
9061, 18
9062, 14
9063, 13
9064, 18
9065, 19
9066, 15
9067, 17
9068, 16
9069, 13
9070, 22
9071, 11
9072, 19
9073, 18
9074, 17
9075, 13
9076, 12
9077, 11
9078, 18
9079, 22
9080, 21
9081, 16
9082, 16
9083, 14
9084, 13
9085, 15
9086, 12
9087, 14
9088, 16
9089, 11
9090, 15
9091, 20
9092, 20
9093, 18
9094, 13
9095, 18
9096, 16
9097, 11
9098, 19
9099, 15
9100, 20
9101, 13
9102, 17
9103, 20
9104, 18
9105, 20
9106, 17
9107, 16
9108, 19
9109, 15
9110, 11
9111, 13
9112, 18
9113, 10
9114, 17
9115, 15
9116, 17
9117, 14
9118, 18
9119, 15
9120, 18
9121, 17
9122, 19
9123, 21
9124, 15
9125, 20
9126, 16
9127, 17
9128, 18
9129, 21
9130, 20
9131, 15
9132, 15
9133, 24
9134, 17
9135, 25
9136, 18
9137, 12
9138, 17
9139, 11
9140, 11
9141, 11
9142, 12
9143, 12
9144, 21
9145, 19
9146, 15
9147, 21
9148, 22
9149, 16
9150, 18
9151, 20
9152, 15
9153, 13
9154, 17
9155, 12
9156, 17
9157, 11
9158, 12
9159, 13
9160, 18
9161, 14
9162, 15
9163, 10
9164, 15
9165, 21
9166, 18
9167, 10
9168, 25
9169, 14
9170, 19
9171, 15
9172, 18
9173, 14
9174, 16
9175, 13
9176, 23
9177, 14
9178, 18
9179, 14
9180, 14
9181, 14
9182, 17
9183, 20
9184, 21
9185, 13
9186, 17
9187, 14
9188, 22
9189, 13
9190, 17
9191, 14
9192, 20
9193, 20
9194, 19
9195, 22
9196, 16
9197, 12
9198, 15
9199, 21
9200, 17
9201, 14
9202, 16
9203, 15
9204, 9
9205, 22
9206, 8
9207, 17
9208, 14
9209, 17
9210, 14
9211, 15
9212, 16
9213, 15
9214, 16
9215, 16
9216, 8
9217, 14
9218, 19
9219, 18
9220, 19
9221, 18
9222, 18
9223, 17
9224, 17
9225, 10
9226, 10
9227, 18
9228, 10
9229, 22
9230, 15
9231, 18
9232, 15
9233, 15
9234, 14
9235, 10
9236, 20
9237, 18
9238, 17
9239, 20
9240, 13
9241, 21
9242, 17
9243, 21
9244, 15
9245, 17
9246, 18
9247, 13
9248, 11
9249, 15
9250, 13
9251, 14
9252, 23
9253, 19
9254, 12
9255, 21
9256, 11
9257, 15
9258, 18
9259, 15
9260, 14
9261, 15
9262, 17
9263, 17
9264, 18
9265, 15
9266, 19
9267, 22
9268, 14
9269, 12
9270, 14
9271, 12
9272, 11
9273, 14
9274, 17
9275, 20
9276, 19
9277, 17
9278, 22
9279, 16
9280, 12
9281, 12
9282, 19
9283, 12
9284, 16
9285, 15
9286, 8
9287, 12
9288, 16
9289, 14
9290, 21
9291, 22
9292, 21
9293, 14
9294, 12
9295, 19
9296, 13
9297, 19
9298, 16
9299, 20
9300, 10
9301, 20
9302, 12
9303, 18
9304, 23
9305, 18
9306, 10
9307, 11
9308, 15
9309, 16
9310, 24
9311, 14
9312, 19
9313, 12
9314, 17
9315, 15
9316, 20
9317, 19
9318, 15
9319, 13
9320, 10
9321, 18
9322, 9
9323, 18
9324, 9
9325, 13
9326, 20
9327, 14
9328, 13
9329, 20
9330, 21
9331, 11
9332, 17
9333, 13
9334, 14
9335, 11
9336, 13
9337, 13
9338, 11
9339, 16
9340, 16
9341, 19
9342, 21
9343, 13
9344, 13
9345, 12
9346, 14
9347, 20
9348, 11
9349, 17
9350, 20
9351, 15
9352, 7
9353, 14
9354, 11
9355, 14
9356, 14
9357, 16
9358, 14
9359, 18
9360, 11
9361, 14
9362, 21
9363, 21
9364, 17
9365, 17
9366, 18
9367, 16
9368, 14
9369, 12
9370, 13
9371, 20
9372, 12
9373, 12
9374, 15
9375, 12
9376, 13
9377, 13
9378, 15
9379, 16
9380, 13
9381, 16
9382, 20
9383, 12
9384, 14
9385, 14
9386, 12
9387, 13
9388, 12
9389, 15
9390, 12
9391, 12
9392, 7
9393, 15
9394, 14
9395, 21
9396, 13
9397, 20
9398, 13
9399, 19
9400, 15
9401, 13
9402, 14
9403, 13
9404, 16
9405, 14
9406, 10
9407, 18
9408, 18
9409, 11
9410, 12
9411, 14
9412, 15
9413, 18
9414, 15
9415, 22
9416, 18
9417, 16
9418, 16
9419, 13
9420, 11
9421, 17
9422, 15
9423, 13
9424, 11
9425, 13
9426, 9
9427, 14
9428, 12
9429, 21
9430, 9
9431, 17
9432, 22
9433, 13
9434, 16
9435, 14
9436, 17
9437, 11
9438, 15
9439, 15
9440, 20
9441, 18
9442, 16
9443, 14
9444, 17
9445, 13
9446, 15
9447, 14
9448, 16
9449, 13
9450, 16
9451, 16
9452, 16
9453, 16
9454, 20
9455, 14
9456, 24
9457, 16
9458, 13
9459, 19
9460, 13
9461, 20
9462, 13
9463, 14
9464, 11
9465, 13
9466, 19
9467, 23
9468, 14
9469, 16
9470, 16
9471, 20
9472, 13
9473, 13
9474, 13
9475, 21
9476, 16
9477, 11
9478, 14
9479, 16
9480, 15
9481, 10
9482, 15
9483, 10
9484, 15
9485, 10
9486, 15
9487, 21
9488, 24
9489, 13
9490, 15
9491, 10
9492, 14
9493, 29
9494, 14
9495, 15
9496, 18
9497, 14
9498, 18
9499, 18
9500, 13
9501, 16
9502, 21
9503, 19
9504, 15
9505, 21
9506, 15
9507, 23
9508, 13
9509, 23
9510, 18
9511, 10
9512, 10
9513, 17
9514, 15
9515, 24
9516, 11
9517, 22
9518, 12
9519, 15
9520, 13
9521, 21
9522, 13
9523, 16
9524, 12
9525, 20
9526, 13
9527, 19
9528, 12
9529, 15
9530, 16
9531, 10
9532, 27
9533, 15
9534, 12
9535, 20
9536, 16
9537, 18
9538, 17
9539, 10
9540, 14
9541, 17
9542, 13
9543, 12
9544, 12
9545, 12
9546, 12
9547, 19
9548, 14
9549, 19
9550, 26
9551, 12
9552, 14
9553, 16
9554, 15
9555, 18
9556, 17
9557, 23
9558, 11
9559, 18
9560, 14
9561, 13
9562, 14
9563, 15
9564, 11
9565, 13
9566, 14
9567, 10
9568, 12
9569, 17
9570, 13
9571, 17
9572, 12
9573, 12
9574, 15
9575, 18
9576, 15
9577, 13
9578, 15
9579, 20
9580, 14
9581, 14
9582, 16
9583, 15
9584, 15
9585, 13
9586, 12
9587, 20
9588, 11
9589, 14
9590, 13
9591, 15
9592, 13
9593, 14
9594, 13
9595, 17
9596, 23
9597, 12
9598, 12
9599, 16
9600, 11
9601, 21
9602, 15
9603, 17
9604, 14
9605, 23
9606, 14
9607, 16
9608, 15
9609, 21
9610, 12
9611, 13
9612, 13
9613, 16
9614, 13
9615, 14
9616, 13
9617, 17
9618, 20
9619, 21
9620, 17
9621, 12
9622, 14
9623, 10
9624, 10
9625, 12
9626, 11
9627, 18
9628, 15
9629, 14
9630, 16
9631, 11
9632, 16
9633, 23
9634, 26
9635, 18
9636, 14
9637, 19
9638, 14
9639, 18
9640, 18
9641, 15
9642, 16
9643, 19
9644, 16
9645, 17
9646, 11
9647, 11
9648, 11
9649, 16
9650, 16
9651, 19
9652, 17
9653, 14
9654, 11
9655, 19
9656, 18
9657, 20
9658, 10
9659, 19
9660, 11
9661, 20
9662, 16
9663, 9
9664, 24
9665, 15
9666, 10
9667, 19
9668, 15
9669, 15
9670, 17
9671, 14
9672, 18
9673, 10
9674, 15
9675, 13
9676, 9
9677, 20
9678, 17
9679, 15
9680, 11
9681, 14
9682, 9
9683, 18
9684, 19
9685, 8
9686, 18
9687, 21
9688, 18
9689, 12
9690, 12
9691, 18
9692, 13
9693, 22
9694, 15
9695, 16
9696, 12
9697, 17
9698, 14
9699, 14
9700, 12
9701, 15
9702, 9
9703, 15
9704, 16
9705, 16
9706, 16
9707, 16
9708, 17
9709, 18
9710, 14
9711, 15
9712, 12
9713, 14
9714, 15
9715, 14
9716, 10
9717, 14
9718, 14
9719, 15
9720, 13
9721, 15
9722, 14
9723, 13
9724, 14
9725, 14
9726, 16
9727, 15
9728, 16
9729, 21
9730, 15
9731, 14
9732, 17
9733, 23
9734, 13
9735, 22
9736, 15
9737, 20
9738, 23
9739, 17
9740, 8
9741, 14
9742, 8
9743, 21
9744, 14
9745, 21
9746, 17
9747, 15
9748, 14
9749, 18
9750, 16
9751, 18
9752, 10
9753, 16
9754, 7
9755, 11
9756, 15
9757, 16
9758, 17
9759, 14
9760, 11
9761, 18
9762, 11
9763, 14
9764, 13
9765, 15
9766, 12
9767, 15
9768, 13
9769, 14
9770, 11
9771, 16
9772, 23
9773, 16
9774, 15
9775, 15
9776, 12
9777, 14
9778, 11
9779, 24
9780, 15
9781, 18
9782, 16
9783, 16
9784, 15
9785, 16
9786, 11
9787, 12
9788, 17
9789, 16
9790, 14
9791, 17
9792, 10
9793, 24
9794, 13
9795, 25
9796, 14
9797, 16
9798, 16
9799, 13
9800, 11
9801, 15
9802, 16
9803, 14
9804, 11
9805, 15
9806, 11
9807, 12
9808, 17
9809, 20
9810, 16
9811, 15
9812, 15
9813, 15
9814, 12
9815, 16
9816, 18
9817, 12
9818, 13
9819, 18
9820, 14
9821, 19
9822, 21
9823, 19
9824, 13
9825, 17
9826, 17
9827, 15
9828, 19
9829, 22
9830, 20
9831, 14
9832, 19
9833, 16
9834, 12
9835, 20
9836, 13
9837, 16
9838, 15
9839, 15
9840, 21
9841, 19
9842, 15
9843, 16
9844, 14
9845, 11
9846, 20
9847, 19
9848, 14
9849, 16
9850, 13
9851, 15
9852, 15
9853, 17
9854, 20
9855, 16
9856, 18
9857, 17
9858, 15
9859, 17
9860, 16
9861, 18
9862, 21
9863, 16
9864, 12
9865, 13
9866, 19
9867, 13
9868, 19
9869, 12
9870, 19
9871, 15
9872, 12
9873, 22
9874, 11
9875, 12
9876, 13
9877, 14
9878, 20
9879, 15
9880, 14
9881, 12
9882, 13
9883, 13
9884, 17
9885, 11
9886, 14
9887, 16
9888, 12
9889, 13
9890, 11
9891, 13
9892, 17
9893, 10
9894, 14
9895, 16
9896, 14
9897, 18
9898, 15
9899, 14
9900, 18
9901, 13
9902, 15
9903, 16
9904, 11
9905, 29
9906, 16
9907, 12
9908, 12
9909, 12
9910, 11
9911, 15
9912, 17
9913, 20
9914, 13
9915, 14
9916, 20
9917, 11
9918, 12
9919, 19
9920, 13
9921, 14
9922, 14
9923, 11
9924, 13
9925, 19
9926, 15
9927, 12
9928, 22
9929, 24
9930, 12
9931, 12
9932, 18
9933, 13
9934, 14
9935, 16
9936, 17
9937, 21
9938, 14
9939, 14
9940, 12
9941, 14
9942, 16
9943, 15
9944, 18
9945, 11
9946, 14
9947, 16
9948, 14
9949, 17
9950, 15
9951, 19
9952, 17
9953, 17
9954, 15
9955, 19
9956, 17
9957, 19
9958, 14
9959, 14
9960, 17
9961, 20
9962, 14
9963, 18
9964, 20
9965, 10
9966, 14
9967, 18
9968, 15
9969, 10
9970, 14
9971, 10
9972, 19
9973, 17
9974, 11
9975, 15
9976, 16
9977, 8
9978, 17
9979, 15
9980, 11
9981, 12
9982, 12
9983, 16
9984, 19
9985, 12
9986, 13
9987, 27
9988, 19
9989, 12
9990, 18
9991, 13
9992, 19
9993, 14
9994, 15
9995, 13
9996, 16
9997, 15
9998, 13
9999, 15
10000, 21
10001, 16
