iter, nrecombs
0, 3
1, 3
2, 6
3, 6
4, 6
5, 6
6, 4
7, 4
8, 5
9, 4
10, 5
11, 5
12, 5
13, 5
14, 6
15, 5
16, 5
17, 3
18, 3
19, 3
20, 3
21, 3
22, 4
23, 4
24, 4
25, 5
26, 6
27, 6
28, 4
29, 6
30, 5
31, 5
32, 5
33, 4
34, 4
35, 4
36, 4
37, 4
38, 3
39, 3
40, 1
41, 1
42, 2
43, 2
44, 2
45, 2
46, 2
47, 2
48, 2
49, 2
50, 2
51, 2
52, 4
53, 5
54, 5
55, 4
56, 4
57, 4
58, 4
59, 4
60, 4
61, 3
62, 3
63, 3
64, 4
65, 4
66, 4
67, 4
68, 4
69, 4
70, 5
71, 3
72, 3
73, 3
74, 3
75, 3
76, 4
77, 3
78, 3
79, 3
80, 3
81, 2
82, 4
83, 4
84, 4
85, 4
86, 2
87, 2
88, 3
89, 3
90, 3
91, 3
92, 3
93, 3
94, 5
95, 6
96, 3
97, 3
98, 3
99, 3
100, 3
101, 4
102, 6
103, 5
104, 5
105, 3
106, 4
107, 4
108, 4
109, 3
110, 3
111, 3
112, 3
113, 3
114, 3
115, 1
116, 1
117, 1
118, 1
119, 1
120, 2
121, 2
122, 3
123, 3
124, 3
125, 3
126, 3
127, 3
128, 4
129, 4
130, 3
131, 5
132, 3
133, 3
134, 4
135, 4
136, 4
137, 5
138, 5
139, 5
140, 4
141, 4
142, 4
143, 2
144, 2
145, 2
146, 4
147, 4
148, 4
149, 4
150, 4
151, 4
152, 4
153, 4
154, 2
155, 6
156, 3
157, 3
158, 4
159, 5
160, 2
161, 2
162, 2
163, 6
164, 4
165, 2
166, 2
167, 2
168, 2
169, 2
170, 2
171, 2
172, 2
173, 2
174, 2
175, 3
176, 2
177, 2
178, 2
179, 3
180, 5
181, 5
182, 4
183, 4
184, 4
185, 4
186, 5
187, 3
188, 3
189, 3
190, 3
191, 3
192, 3
193, 3
194, 2
195, 4
196, 4
197, 4
198, 4
199, 4
200, 4
201, 3
202, 3
203, 7
204, 7
205, 5
206, 4
207, 2
208, 2
209, 2
210, 6
211, 6
212, 5
213, 5
214, 3
215, 5
216, 3
217, 3
218, 2
219, 3
220, 4
221, 4
222, 4
223, 4
224, 4
225, 4
226, 3
227, 4
228, 5
229, 5
230, 5
231, 5
232, 4
233, 4
234, 3
235, 3
236, 3
237, 4
238, 4
239, 4
240, 4
241, 4
242, 5
243, 3
244, 3
245, 3
246, 5
247, 5
248, 5
249, 3
250, 5
251, 5
252, 5
253, 5
254, 8
255, 9
256, 4
257, 4
258, 4
259, 4
260, 4
261, 4
262, 4
263, 3
264, 3
265, 3
266, 3
267, 3
268, 3
269, 3
270, 3
271, 3
272, 6
273, 5
274, 5
275, 5
276, 5
277, 4
278, 7
279, 7
280, 7
281, 7
282, 3
283, 3
284, 3
285, 3
286, 3
287, 3
288, 3
289, 3
290, 3
291, 3
292, 3
293, 3
294, 4
295, 5
296, 4
297, 4
298, 4
299, 3
300, 3
301, 3
302, 3
303, 3
304, 3
305, 3
306, 1
307, 1
308, 1
309, 1
310, 1
311, 1
312, 2
313, 2
314, 3
315, 5
316, 5
317, 3
318, 3
319, 4
320, 4
321, 4
322, 4
323, 4
324, 5
325, 7
326, 5
327, 4
328, 3
329, 5
330, 3
331, 4
332, 3
333, 3
334, 3
335, 3
336, 3
337, 3
338, 3
339, 2
340, 2
341, 2
342, 3
343, 3
344, 3
345, 3
346, 5
347, 3
348, 2
349, 2
350, 2
351, 2
352, 2
353, 2
354, 2
355, 2
356, 2
357, 4
358, 4
359, 4
360, 4
361, 4
362, 2
363, 2
364, 2
365, 2
366, 2
367, 2
368, 4
369, 2
370, 6
371, 6
372, 6
373, 6
374, 6
375, 4
376, 4
377, 4
378, 5
379, 5
380, 5
381, 5
382, 5
383, 5
384, 5
385, 3
386, 3
387, 3
388, 3
389, 3
390, 4
391, 3
392, 3
393, 2
394, 4
395, 5
396, 4
397, 4
398, 4
399, 1
400, 2
401, 2
402, 2
403, 2
404, 2
405, 4
406, 4
407, 5
408, 5
409, 2
410, 2
411, 2
412, 2
413, 2
414, 1
415, 5
416, 4
417, 4
418, 2
419, 3
420, 3
421, 2
422, 2
423, 4
424, 4
425, 4
426, 4
427, 4
428, 4
429, 4
430, 4
431, 4
432, 4
433, 4
434, 4
435, 4
436, 4
437, 2
438, 2
439, 3
440, 3
441, 4
442, 3
443, 3
444, 3
445, 3
446, 3
447, 3
448, 4
449, 3
450, 3
451, 3
452, 4
453, 4
454, 4
455, 4
456, 2
457, 4
458, 3
459, 5
460, 5
461, 5
462, 5
463, 5
464, 5
465, 5
466, 4
467, 4
468, 4
469, 2
470, 2
471, 2
472, 3
473, 2
474, 2
475, 3
476, 4
477, 4
478, 4
479, 4
480, 7
481, 4
482, 2
483, 2
484, 2
485, 3
486, 3
487, 5
488, 5
489, 5
490, 5
491, 5
492, 5
493, 5
494, 5
495, 5
496, 5
497, 3
498, 2
499, 2
500, 3
501, 2
502, 2
503, 2
504, 2
505, 2
506, 2
507, 2
508, 2
509, 2
510, 2
511, 2
512, 2
513, 2
514, 2
515, 2
516, 1
517, 1
518, 4
519, 4
520, 3
521, 3
522, 3
523, 3
524, 3
525, 3
526, 3
527, 2
528, 2
529, 2
530, 2
531, 1
532, 1
533, 3
534, 2
535, 2
536, 2
537, 2
538, 4
539, 3
540, 2
541, 2
542, 3
543, 3
544, 3
545, 3
546, 3
547, 3
548, 2
549, 2
550, 3
551, 3
552, 3
553, 4
554, 4
555, 2
556, 2
557, 2
558, 5
559, 6
560, 3
561, 1
562, 1
563, 3
564, 1
565, 1
566, 2
567, 2
568, 2
569, 2
570, 3
571, 1
572, 1
573, 1
574, 1
575, 1
576, 1
577, 2
578, 3
579, 3
580, 3
581, 5
582, 4
583, 4
584, 4
585, 4
586, 4
587, 3
588, 3
589, 3
590, 3
591, 3
592, 3
593, 3
594, 3
595, 3
596, 3
597, 3
598, 3
599, 3
600, 3
601, 4
602, 5
603, 5
604, 1
605, 2
606, 2
607, 2
608, 6
609, 6
610, 6
611, 6
612, 6
613, 3
614, 1
615, 1
616, 2
617, 2
618, 2
619, 2
620, 2
621, 4
622, 4
623, 4
624, 4
625, 5
626, 4
627, 4
628, 4
629, 3
630, 1
631, 4
632, 2
633, 2
634, 2
635, 5
636, 4
637, 4
638, 4
639, 4
640, 4
641, 3
642, 2
643, 2
644, 3
645, 3
646, 3
647, 3
648, 2
649, 5
650, 5
651, 3
652, 3
653, 2
654, 3
655, 3
656, 3
657, 3
658, 3
659, 3
660, 3
661, 3
662, 3
663, 3
664, 3
665, 3
666, 4
667, 4
668, 4
669, 4
670, 4
671, 4
672, 4
673, 3
674, 3
675, 3
676, 3
677, 2
678, 3
679, 3
680, 3
681, 5
682, 2
683, 2
684, 2
685, 5
686, 5
687, 5
688, 3
689, 3
690, 3
691, 4
692, 9
693, 9
694, 9
695, 5
696, 5
697, 5
698, 5
699, 4
700, 3
701, 3
702, 3
703, 3
704, 3
705, 4
706, 3
707, 3
708, 3
709, 2
710, 2
711, 2
712, 2
713, 2
714, 2
715, 3
716, 2
717, 2
718, 2
719, 2
720, 5
721, 2
722, 2
723, 2
724, 2
725, 5
726, 2
727, 3
728, 5
729, 4
730, 7
731, 4
732, 3
733, 2
734, 2
735, 2
736, 2
737, 2
738, 5
739, 6
740, 6
741, 6
742, 2
743, 2
744, 2
745, 3
746, 3
747, 3
748, 3
749, 3
750, 3
751, 4
752, 4
753, 3
754, 2
755, 2
756, 1
757, 1
758, 1
759, 1
760, 3
761, 1
762, 3
763, 5
764, 5
765, 4
766, 2
767, 4
768, 4
769, 1
770, 1
771, 1
772, 2
773, 3
774, 7
775, 3
776, 3
777, 3
778, 3
779, 3
780, 3
781, 3
782, 3
783, 3
784, 3
785, 3
786, 6
787, 5
788, 5
789, 6
790, 6
791, 6
792, 7
793, 7
794, 7
795, 7
796, 4
797, 4
798, 6
799, 6
800, 6
801, 7
802, 4
803, 2
804, 2
805, 3
806, 3
807, 3
808, 3
809, 3
810, 4
811, 3
812, 2
813, 2
814, 2
815, 2
816, 2
817, 2
818, 2
819, 3
820, 5
821, 5
822, 5
823, 4
824, 4
825, 4
826, 5
827, 5
828, 4
829, 4
830, 4
831, 4
832, 3
833, 3
834, 3
835, 3
836, 3
837, 3
838, 2
839, 2
840, 3
841, 5
842, 3
843, 3
844, 3
845, 3
846, 3
847, 3
848, 7
849, 7
850, 5
851, 4
852, 4
853, 4
854, 5
855, 5
856, 2
857, 2
858, 2
859, 2
860, 2
861, 2
862, 2
863, 4
864, 5
865, 4
866, 4
867, 4
868, 4
869, 4
870, 5
871, 5
872, 3
873, 3
874, 4
875, 4
876, 4
877, 4
878, 3
879, 2
880, 3
881, 3
882, 3
883, 3
884, 3
885, 2
886, 2
887, 2
888, 2
889, 2
890, 2
891, 2
892, 1
893, 2
894, 1
895, 1
896, 1
897, 3
898, 1
899, 4
900, 1
901, 3
902, 3
903, 3
904, 3
905, 2
906, 3
907, 3
908, 3
909, 6
910, 6
911, 5
912, 7
913, 7
914, 2
915, 2
916, 3
917, 3
918, 3
919, 5
920, 2
921, 4
922, 2
923, 2
924, 2
925, 4
926, 4
927, 4
928, 3
929, 3
930, 2
931, 3
932, 3
933, 3
934, 5
935, 5
936, 5
937, 3
938, 3
939, 5
940, 5
941, 5
942, 5
943, 6
944, 6
945, 6
946, 4
947, 4
948, 4
949, 2
950, 3
951, 3
952, 3
953, 3
954, 3
955, 3
956, 3
957, 4
958, 4
959, 4
960, 4
961, 3
962, 3
963, 3
964, 4
965, 4
966, 1
967, 2
968, 3
969, 3
970, 2
971, 3
972, 5
973, 6
974, 6
975, 3
976, 4
977, 4
978, 7
979, 5
980, 5
981, 5
982, 5
983, 5
984, 3
985, 3
986, 3
987, 3
988, 1
989, 1
990, 1
991, 1
992, 1
993, 1
994, 1
995, 1
996, 1
997, 2
998, 2
999, 6
1000, 5
1001, 1
1002, 1
1003, 3
1004, 3
1005, 3
1006, 2
1007, 3
1008, 4
1009, 2
1010, 2
1011, 5
1012, 5
1013, 5
1014, 5
1015, 5
1016, 5
1017, 5
1018, 5
1019, 3
1020, 3
1021, 3
1022, 3
1023, 3
1024, 3
1025, 3
1026, 2
1027, 2
1028, 2
1029, 3
1030, 3
1031, 3
1032, 3
1033, 3
1034, 4
1035, 4
1036, 4
1037, 2
1038, 3
1039, 3
1040, 5
1041, 7
1042, 7
1043, 7
1044, 5
1045, 5
1046, 5
1047, 4
1048, 4
1049, 4
1050, 4
1051, 4
1052, 4
1053, 5
1054, 5
1055, 6
1056, 4
1057, 4
1058, 4
1059, 4
1060, 4
1061, 3
1062, 3
1063, 5
1064, 4
1065, 4
1066, 3
1067, 3
1068, 5
1069, 3
1070, 4
1071, 4
1072, 6
1073, 4
1074, 5
1075, 4
1076, 5
1077, 5
1078, 4
1079, 4
1080, 3
1081, 5
1082, 5
1083, 2
1084, 4
1085, 5
1086, 5
1087, 5
1088, 5
1089, 4
1090, 5
1091, 5
1092, 5
1093, 3
1094, 3
1095, 3
1096, 2
1097, 2
1098, 3
1099, 2
1100, 2
1101, 1
1102, 2
1103, 2
1104, 2
1105, 6
1106, 6
1107, 5
1108, 3
1109, 2
1110, 2
1111, 2
1112, 2
1113, 2
1114, 3
1115, 2
1116, 2
1117, 3
1118, 3
1119, 3
1120, 3
1121, 2
1122, 2
1123, 2
1124, 2
1125, 5
1126, 5
1127, 5
1128, 5
1129, 5
1130, 5
1131, 3
1132, 4
1133, 3
1134, 3
1135, 2
1136, 1
1137, 1
1138, 1
1139, 2
1140, 2
1141, 2
1142, 2
1143, 2
1144, 2
1145, 2
1146, 6
1147, 4
1148, 3
1149, 3
1150, 3
1151, 3
1152, 3
1153, 7
1154, 7
1155, 7
1156, 7
1157, 4
1158, 3
1159, 3
1160, 3
1161, 3
1162, 3
1163, 3
1164, 4
1165, 2
1166, 2
1167, 4
1168, 5
1169, 5
1170, 5
1171, 5
1172, 5
1173, 4
1174, 4
1175, 3
1176, 3
1177, 4
1178, 4
1179, 4
1180, 4
1181, 4
1182, 5
1183, 5
1184, 5
1185, 5
1186, 5
1187, 6
1188, 6
1189, 3
1190, 3
1191, 5
1192, 5
1193, 5
1194, 5
1195, 5
1196, 5
1197, 5
1198, 2
1199, 4
1200, 1
1201, 1
1202, 2
1203, 2
1204, 5
1205, 4
1206, 4
1207, 4
1208, 4
1209, 3
1210, 3
1211, 4
1212, 4
1213, 3
1214, 5
1215, 5
1216, 5
1217, 5
1218, 5
1219, 6
1220, 6
1221, 4
1222, 4
1223, 3
1224, 3
1225, 6
1226, 6
1227, 2
1228, 2
1229, 2
1230, 2
1231, 4
1232, 3
1233, 3
1234, 3
1235, 4
1236, 4
1237, 3
1238, 2
1239, 3
1240, 3
1241, 3
1242, 4
1243, 3
1244, 5
1245, 5
1246, 3
1247, 2
1248, 2
1249, 2
1250, 4
1251, 4
1252, 4
1253, 6
1254, 6
1255, 6
1256, 6
1257, 6
1258, 3
1259, 3
1260, 5
1261, 5
1262, 5
1263, 5
1264, 6
1265, 5
1266, 6
1267, 5
1268, 3
1269, 3
1270, 5
1271, 5
1272, 5
1273, 5
1274, 3
1275, 3
1276, 3
1277, 5
1278, 6
1279, 3
1280, 2
1281, 1
1282, 3
1283, 3
1284, 3
1285, 3
1286, 3
1287, 4
1288, 4
1289, 4
1290, 4
1291, 4
1292, 4
1293, 2
1294, 2
1295, 2
1296, 3
1297, 3
1298, 6
1299, 2
1300, 2
1301, 2
1302, 3
1303, 4
1304, 4
1305, 4
1306, 4
1307, 5
1308, 1
1309, 1
1310, 1
1311, 3
1312, 5
1313, 4
1314, 4
1315, 4
1316, 4
1317, 4
1318, 3
1319, 3
1320, 4
1321, 4
1322, 4
1323, 5
1324, 5
1325, 2
1326, 4
1327, 1
1328, 1
1329, 1
1330, 1
1331, 1
1332, 2
1333, 1
1334, 1
1335, 1
1336, 1
1337, 3
1338, 4
1339, 5
1340, 5
1341, 5
1342, 2
1343, 2
1344, 2
1345, 2
1346, 2
1347, 2
1348, 2
1349, 2
1350, 4
1351, 3
1352, 3
1353, 4
1354, 5
1355, 4
1356, 4
1357, 3
1358, 3
1359, 4
1360, 4
1361, 4
1362, 4
1363, 3
1364, 3
1365, 3
1366, 6
1367, 6
1368, 2
1369, 3
1370, 4
1371, 4
1372, 4
1373, 4
1374, 4
1375, 4
1376, 4
1377, 4
1378, 4
1379, 2
1380, 2
1381, 4
1382, 2
1383, 2
1384, 2
1385, 2
1386, 3
1387, 4
1388, 2
1389, 2
1390, 2
1391, 2
1392, 2
1393, 2
1394, 2
1395, 3
1396, 3
1397, 2
1398, 2
1399, 2
1400, 2
1401, 2
1402, 2
1403, 3
1404, 2
1405, 2
1406, 2
1407, 4
1408, 4
1409, 6
1410, 6
1411, 6
1412, 2
1413, 2
1414, 2
1415, 2
1416, 2
1417, 2
1418, 2
1419, 2
1420, 4
1421, 4
1422, 5
1423, 5
1424, 5
1425, 5
1426, 5
1427, 5
1428, 3
1429, 3
1430, 3
1431, 3
1432, 2
1433, 2
1434, 2
1435, 2
1436, 2
1437, 2
1438, 2
1439, 2
1440, 2
1441, 3
1442, 2
1443, 2
1444, 2
1445, 1
1446, 1
1447, 1
1448, 3
1449, 3
1450, 4
1451, 4
1452, 6
1453, 4
1454, 5
1455, 4
1456, 3
1457, 3
1458, 4
1459, 5
1460, 5
1461, 5
1462, 5
1463, 5
1464, 5
1465, 4
1466, 4
1467, 3
1468, 4
1469, 5
1470, 4
1471, 4
1472, 6
1473, 3
1474, 3
1475, 4
1476, 4
1477, 4
1478, 5
1479, 5
1480, 5
1481, 3
1482, 5
1483, 3
1484, 3
1485, 3
1486, 5
1487, 5
1488, 4
1489, 4
1490, 3
1491, 5
1492, 5
1493, 5
1494, 4
1495, 4
1496, 5
1497, 4
1498, 4
1499, 4
1500, 4
1501, 4
1502, 3
1503, 3
1504, 3
1505, 3
1506, 5
1507, 5
1508, 4
1509, 4
1510, 4
1511, 4
1512, 4
1513, 6
1514, 6
1515, 6
1516, 6
1517, 6
1518, 6
1519, 6
1520, 5
1521, 5
1522, 5
1523, 5
1524, 5
1525, 4
1526, 3
1527, 2
1528, 4
1529, 2
1530, 2
1531, 2
1532, 2
1533, 2
1534, 2
1535, 2
1536, 3
1537, 3
1538, 3
1539, 3
1540, 4
1541, 3
1542, 4
1543, 6
1544, 6
1545, 6
1546, 6
1547, 3
1548, 5
1549, 3
1550, 4
1551, 4
1552, 4
1553, 4
1554, 3
1555, 3
1556, 3
1557, 3
1558, 3
1559, 3
1560, 3
1561, 3
1562, 5
1563, 5
1564, 5
1565, 6
1566, 1
1567, 1
1568, 5
1569, 5
1570, 4
1571, 4
1572, 2
1573, 4
1574, 4
1575, 5
1576, 5
1577, 5
1578, 5
1579, 5
1580, 5
1581, 5
1582, 5
1583, 5
1584, 7
1585, 6
1586, 4
1587, 4
1588, 3
1589, 3
1590, 3
1591, 3
1592, 2
1593, 2
1594, 2
1595, 2
1596, 3
1597, 3
1598, 4
1599, 6
1600, 5
1601, 4
1602, 4
1603, 4
1604, 4
1605, 3
1606, 3
1607, 4
1608, 4
1609, 3
1610, 3
1611, 3
1612, 3
1613, 2
1614, 4
1615, 2
1616, 5
1617, 5
1618, 3
1619, 3
1620, 3
1621, 3
1622, 3
1623, 5
1624, 5
1625, 5
1626, 5
1627, 5
1628, 5
1629, 5
1630, 5
1631, 4
1632, 4
1633, 7
1634, 7
1635, 7
1636, 7
1637, 2
1638, 3
1639, 4
1640, 4
1641, 4
1642, 4
1643, 4
1644, 4
1645, 4
1646, 2
1647, 4
1648, 4
1649, 4
1650, 4
1651, 4
1652, 3
1653, 3
1654, 3
1655, 2
1656, 2
1657, 3
1658, 4
1659, 4
1660, 4
1661, 4
1662, 3
1663, 3
1664, 3
1665, 5
1666, 5
1667, 2
1668, 3
1669, 4
1670, 3
1671, 3
1672, 5
1673, 2
1674, 2
1675, 2
1676, 2
1677, 1
1678, 2
1679, 2
1680, 3
1681, 3
1682, 2
1683, 2
1684, 4
1685, 5
1686, 2
1687, 3
1688, 4
1689, 4
1690, 4
1691, 3
1692, 2
1693, 2
1694, 2
1695, 4
1696, 5
1697, 5
1698, 5
1699, 4
1700, 5
1701, 5
1702, 1
1703, 1
1704, 2
1705, 2
1706, 2
1707, 2
1708, 2
1709, 3
1710, 1
1711, 3
1712, 3
1713, 3
1714, 4
1715, 4
1716, 4
1717, 2
1718, 2
1719, 2
1720, 2
1721, 1
1722, 1
1723, 1
1724, 3
1725, 3
1726, 5
1727, 3
1728, 2
1729, 2
1730, 2
1731, 2
1732, 2
1733, 2
1734, 2
1735, 1
1736, 1
1737, 1
1738, 1
1739, 1
1740, 1
1741, 1
1742, 1
1743, 2
1744, 2
1745, 2
1746, 2
1747, 2
1748, 2
1749, 3
1750, 1
1751, 2
1752, 2
1753, 2
1754, 6
1755, 2
1756, 2
1757, 2
1758, 5
1759, 3
1760, 3
1761, 3
1762, 3
1763, 1
1764, 3
1765, 3
1766, 3
1767, 1
1768, 5
1769, 3
1770, 5
1771, 3
1772, 3
1773, 4
1774, 5
1775, 4
1776, 4
1777, 4
1778, 4
1779, 4
1780, 4
1781, 6
1782, 6
1783, 6
1784, 6
1785, 5
1786, 3
1787, 3
1788, 3
1789, 2
1790, 2
1791, 3
1792, 3
1793, 3
1794, 4
1795, 4
1796, 5
1797, 3
1798, 3
1799, 3
1800, 3
1801, 3
1802, 3
1803, 2
1804, 3
1805, 2
1806, 4
1807, 2
1808, 3
1809, 3
1810, 3
1811, 5
1812, 5
1813, 5
1814, 4
1815, 4
1816, 4
1817, 2
1818, 2
1819, 3
1820, 3
1821, 3
1822, 3
1823, 1
1824, 1
1825, 1
1826, 2
1827, 2
1828, 2
1829, 2
1830, 2
1831, 4
1832, 1
1833, 1
1834, 1
1835, 3
1836, 3
1837, 6
1838, 4
1839, 4
1840, 4
1841, 4
1842, 7
1843, 7
1844, 7
1845, 7
1846, 6
1847, 6
1848, 6
1849, 6
1850, 4
1851, 4
1852, 4
1853, 4
1854, 3
1855, 3
1856, 4
1857, 5
1858, 4
1859, 3
1860, 3
1861, 3
1862, 5
1863, 5
1864, 3
1865, 5
1866, 4
1867, 3
1868, 2
1869, 1
1870, 1
1871, 1
1872, 1
1873, 1
1874, 1
1875, 3
1876, 3
1877, 2
1878, 2
1879, 2
1880, 2
1881, 3
1882, 3
1883, 3
1884, 3
1885, 1
1886, 1
1887, 1
1888, 2
1889, 2
1890, 2
1891, 2
1892, 2
1893, 2
1894, 5
1895, 6
1896, 2
1897, 4
1898, 4
1899, 4
1900, 5
1901, 5
1902, 6
1903, 6
1904, 5
1905, 5
1906, 5
1907, 5
1908, 1
1909, 2
1910, 4
1911, 3
1912, 3
1913, 3
1914, 3
1915, 2
1916, 2
1917, 2
1918, 2
1919, 4
1920, 4
1921, 4
1922, 4
1923, 1
1924, 1
1925, 6
1926, 6
1927, 6
1928, 3
1929, 3
1930, 4
1931, 3
1932, 4
1933, 4
1934, 10
1935, 9
1936, 9
1937, 6
1938, 7
1939, 7
1940, 5
1941, 6
1942, 6
1943, 5
1944, 4
1945, 4
1946, 4
1947, 4
1948, 3
1949, 3
1950, 4
1951, 4
1952, 4
1953, 4
1954, 5
1955, 2
1956, 2
1957, 2
1958, 3
1959, 4
1960, 4
1961, 4
1962, 5
1963, 4
1964, 4
1965, 4
1966, 4
1967, 4
1968, 3
1969, 2
1970, 3
1971, 4
1972, 5
1973, 5
1974, 5
1975, 4
1976, 4
1977, 4
1978, 4
1979, 3
1980, 3
1981, 4
1982, 3
1983, 1
1984, 1
1985, 1
1986, 2
1987, 2
1988, 2
1989, 4
1990, 3
1991, 1
1992, 5
1993, 6
1994, 6
1995, 6
1996, 6
1997, 6
1998, 5
1999, 4
2000, 4
2001, 4
2002, 4
2003, 4
2004, 4
2005, 2
2006, 5
2007, 3
2008, 4
2009, 4
2010, 4
2011, 5
2012, 4
2013, 4
2014, 4
2015, 5
2016, 5
2017, 5
2018, 8
2019, 4
2020, 5
2021, 4
2022, 4
2023, 4
2024, 5
2025, 5
2026, 5
2027, 4
2028, 4
2029, 4
2030, 5
2031, 4
2032, 3
2033, 1
2034, 1
2035, 1
2036, 1
2037, 3
2038, 3
2039, 1
2040, 2
2041, 2
2042, 2
2043, 2
2044, 2
2045, 3
2046, 2
2047, 3
2048, 3
2049, 3
2050, 3
2051, 3
2052, 5
2053, 5
2054, 5
2055, 4
2056, 3
2057, 2
2058, 3
2059, 3
2060, 3
2061, 3
2062, 3
2063, 2
2064, 2
2065, 2
2066, 2
2067, 1
2068, 1
2069, 2
2070, 3
2071, 3
2072, 3
2073, 3
2074, 3
2075, 2
2076, 2
2077, 2
2078, 2
2079, 3
2080, 3
2081, 3
2082, 3
2083, 3
2084, 6
2085, 3
2086, 3
2087, 6
2088, 6
2089, 6
2090, 6
2091, 4
2092, 5
2093, 2
2094, 1
2095, 1
2096, 1
2097, 3
2098, 3
2099, 3
2100, 3
2101, 3
2102, 3
2103, 5
2104, 6
2105, 2
2106, 4
2107, 4
2108, 4
2109, 4
2110, 4
2111, 4
2112, 4
2113, 4
2114, 2
2115, 2
2116, 3
2117, 3
2118, 3
2119, 5
2120, 3
2121, 3
2122, 3
2123, 4
2124, 4
2125, 5
2126, 5
2127, 6
2128, 6
2129, 5
2130, 5
2131, 3
2132, 3
2133, 2
2134, 2
2135, 2
2136, 2
2137, 2
2138, 2
2139, 1
2140, 1
2141, 3
2142, 2
2143, 1
2144, 3
2145, 3
2146, 2
2147, 3
2148, 3
2149, 3
2150, 3
2151, 1
2152, 3
2153, 3
2154, 3
2155, 3
2156, 2
2157, 2
2158, 1
2159, 1
2160, 3
2161, 3
2162, 4
2163, 4
2164, 4
2165, 3
2166, 3
2167, 2
2168, 2
2169, 4
2170, 4
2171, 3
2172, 3
2173, 2
2174, 3
2175, 3
2176, 3
2177, 3
2178, 2
2179, 2
2180, 2
2181, 3
2182, 3
2183, 6
2184, 6
2185, 7
2186, 3
2187, 3
2188, 6
2189, 4
2190, 4
2191, 4
2192, 4
2193, 6
2194, 6
2195, 6
2196, 6
2197, 5
2198, 5
2199, 5
2200, 5
2201, 5
2202, 5
2203, 5
2204, 5
2205, 3
2206, 1
2207, 1
2208, 1
2209, 3
2210, 3
2211, 5
2212, 5
2213, 3
2214, 3
2215, 2
2216, 5
2217, 3
2218, 3
2219, 3
2220, 5
2221, 2
2222, 2
2223, 3
2224, 3
2225, 3
2226, 3
2227, 4
2228, 4
2229, 4
2230, 4
2231, 4
2232, 4
2233, 3
2234, 4
2235, 4
2236, 4
2237, 4
2238, 4
2239, 4
2240, 4
2241, 4
2242, 4
2243, 4
2244, 4
2245, 4
2246, 3
2247, 2
2248, 6
2249, 6
2250, 6
2251, 3
2252, 3
2253, 3
2254, 3
2255, 3
2256, 3
2257, 3
2258, 3
2259, 3
2260, 6
2261, 7
2262, 3
2263, 3
2264, 5
2265, 3
2266, 2
2267, 2
2268, 4
2269, 4
2270, 4
2271, 3
2272, 3
2273, 3
2274, 2
2275, 2
2276, 2
2277, 1
2278, 4
2279, 5
2280, 8
2281, 8
2282, 5
2283, 3
2284, 3
2285, 4
2286, 4
2287, 4
2288, 5
2289, 4
2290, 3
2291, 4
2292, 4
2293, 2
2294, 2
2295, 4
2296, 4
2297, 4
2298, 5
2299, 5
2300, 1
2301, 1
2302, 2
2303, 3
2304, 3
2305, 3
2306, 3
2307, 2
2308, 4
2309, 3
2310, 2
2311, 4
2312, 4
2313, 4
2314, 2
2315, 2
2316, 2
2317, 3
2318, 3
2319, 3
2320, 6
2321, 6
2322, 3
2323, 5
2324, 5
2325, 5
2326, 4
2327, 4
2328, 2
2329, 2
2330, 2
2331, 2
2332, 2
2333, 3
2334, 3
2335, 4
2336, 4
2337, 2
2338, 2
2339, 5
2340, 5
2341, 5
2342, 5
2343, 4
2344, 4
2345, 4
2346, 4
2347, 4
2348, 5
2349, 3
2350, 3
2351, 3
2352, 3
2353, 3
2354, 3
2355, 3
2356, 3
2357, 3
2358, 3
2359, 3
2360, 5
2361, 6
2362, 6
2363, 6
2364, 6
2365, 6
2366, 6
2367, 1
2368, 3
2369, 4
2370, 2
2371, 3
2372, 6
2373, 5
2374, 6
2375, 6
2376, 6
2377, 7
2378, 6
2379, 7
2380, 7
2381, 7
2382, 6
2383, 6
2384, 2
2385, 6
2386, 7
2387, 4
2388, 1
2389, 2
2390, 2
2391, 3
2392, 3
2393, 3
2394, 3
2395, 3
2396, 4
2397, 5
2398, 4
2399, 4
2400, 4
2401, 4
2402, 6
2403, 6
2404, 3
2405, 3
2406, 3
2407, 3
2408, 2
2409, 3
2410, 3
2411, 3
2412, 4
2413, 4
2414, 3
2415, 3
2416, 3
2417, 3
2418, 3
2419, 3
2420, 5
2421, 4
2422, 4
2423, 4
2424, 3
2425, 3
2426, 3
2427, 3
2428, 2
2429, 2
2430, 3
2431, 3
2432, 3
2433, 3
2434, 5
2435, 5
2436, 4
2437, 4
2438, 3
2439, 5
2440, 5
2441, 5
2442, 5
2443, 5
2444, 4
2445, 4
2446, 4
2447, 3
2448, 4
2449, 4
2450, 4
2451, 4
2452, 4
2453, 4
2454, 4
2455, 4
2456, 4
2457, 2
2458, 2
2459, 5
2460, 3
2461, 3
2462, 3
2463, 3
2464, 3
2465, 2
2466, 2
2467, 1
2468, 7
2469, 4
2470, 4
2471, 4
2472, 2
2473, 1
2474, 3
2475, 5
2476, 4
2477, 3
2478, 3
2479, 3
2480, 3
2481, 3
2482, 3
2483, 3
2484, 2
2485, 2
2486, 2
2487, 2
2488, 2
2489, 2
2490, 2
2491, 2
2492, 2
2493, 2
2494, 2
2495, 2
2496, 3
2497, 3
2498, 3
2499, 3
2500, 3
2501, 3
2502, 3
2503, 8
2504, 5
2505, 5
2506, 5
2507, 4
2508, 4
2509, 4
2510, 4
2511, 4
2512, 5
2513, 5
2514, 5
2515, 4
2516, 3
2517, 3
2518, 3
2519, 3
2520, 4
2521, 4
2522, 5
2523, 5
2524, 4
2525, 4
2526, 1
2527, 2
2528, 6
2529, 5
2530, 5
2531, 4
2532, 4
2533, 4
2534, 4
2535, 4
2536, 2
2537, 2
2538, 2
2539, 5
2540, 8
2541, 6
2542, 3
2543, 3
2544, 4
2545, 1
2546, 1
2547, 1
2548, 1
2549, 3
2550, 2
2551, 3
2552, 2
2553, 5
2554, 5
2555, 5
2556, 5
2557, 6
2558, 4
2559, 3
2560, 3
2561, 3
2562, 5
2563, 5
2564, 2
2565, 3
2566, 3
2567, 3
2568, 3
2569, 3
2570, 3
2571, 4
2572, 4
2573, 4
2574, 4
2575, 3
2576, 3
2577, 3
2578, 3
2579, 4
2580, 4
2581, 4
2582, 2
2583, 2
2584, 3
2585, 3
2586, 3
2587, 3
2588, 3
2589, 3
2590, 5
2591, 5
2592, 3
2593, 3
2594, 2
2595, 1
2596, 2
2597, 2
2598, 2
2599, 2
2600, 2
2601, 2
2602, 2
2603, 3
2604, 3
2605, 2
2606, 2
2607, 2
2608, 2
2609, 3
2610, 5
2611, 5
2612, 5
2613, 5
2614, 5
2615, 5
2616, 5
2617, 5
2618, 5
2619, 5
2620, 1
2621, 4
2622, 4
2623, 1
2624, 3
2625, 2
2626, 2
2627, 2
2628, 5
2629, 5
2630, 1
2631, 1
2632, 2
2633, 3
2634, 3
2635, 4
2636, 3
2637, 3
2638, 3
2639, 2
2640, 3
2641, 4
2642, 4
2643, 4
2644, 4
2645, 6
2646, 4
2647, 5
2648, 2
2649, 2
2650, 2
2651, 4
2652, 5
2653, 5
2654, 5
2655, 1
2656, 1
2657, 4
2658, 4
2659, 4
2660, 4
2661, 4
2662, 4
2663, 1
2664, 1
2665, 4
2666, 4
2667, 4
2668, 2
2669, 3
2670, 3
2671, 3
2672, 3
2673, 3
2674, 6
2675, 5
2676, 5
2677, 5
2678, 3
2679, 3
2680, 3
2681, 3
2682, 3
2683, 3
2684, 1
2685, 1
2686, 1
2687, 1
2688, 1
2689, 2
2690, 1
2691, 1
2692, 3
2693, 3
2694, 6
2695, 4
2696, 4
2697, 4
2698, 6
2699, 5
2700, 5
2701, 5
2702, 5
2703, 4
2704, 4
2705, 4
2706, 4
2707, 3
2708, 2
2709, 3
2710, 3
2711, 3
2712, 4
2713, 2
2714, 4
2715, 4
2716, 4
2717, 4
2718, 4
2719, 2
2720, 2
2721, 3
2722, 3
2723, 3
2724, 3
2725, 3
2726, 4
2727, 4
2728, 3
2729, 3
2730, 4
2731, 4
2732, 5
2733, 5
2734, 7
2735, 7
2736, 7
2737, 7
2738, 7
2739, 7
2740, 3
2741, 4
2742, 2
2743, 2
2744, 3
2745, 3
2746, 3
2747, 3
2748, 3
2749, 4
2750, 3
2751, 3
2752, 3
2753, 3
2754, 4
2755, 2
2756, 2
2757, 2
2758, 2
2759, 3
2760, 2
2761, 2
2762, 2
2763, 2
2764, 2
2765, 2
2766, 2
2767, 5
2768, 5
2769, 5
2770, 4
2771, 4
2772, 4
2773, 4
2774, 5
2775, 5
2776, 4
2777, 3
2778, 3
2779, 3
2780, 3
2781, 3
2782, 3
2783, 2
2784, 2
2785, 2
2786, 2
2787, 2
2788, 5
2789, 5
2790, 5
2791, 5
2792, 4
2793, 4
2794, 4
2795, 3
2796, 5
2797, 5
2798, 4
2799, 2
2800, 5
2801, 5
2802, 5
2803, 5
2804, 5
2805, 2
2806, 2
2807, 5
2808, 4
2809, 4
2810, 5
2811, 5
2812, 5
2813, 6
2814, 6
2815, 7
2816, 7
2817, 7
2818, 7
2819, 2
2820, 2
2821, 2
2822, 2
2823, 2
2824, 3
2825, 3
2826, 3
2827, 3
2828, 4
2829, 3
2830, 3
2831, 3
2832, 3
2833, 3
2834, 4
2835, 5
2836, 5
2837, 5
2838, 5
2839, 5
2840, 5
2841, 8
2842, 8
2843, 9
2844, 3
2845, 3
2846, 3
2847, 3
2848, 4
2849, 3
2850, 5
2851, 5
2852, 6
2853, 6
2854, 6
2855, 7
2856, 8
2857, 6
2858, 7
2859, 4
2860, 5
2861, 4
2862, 4
2863, 4
2864, 6
2865, 4
2866, 4
2867, 4
2868, 4
2869, 4
2870, 4
2871, 4
2872, 4
2873, 4
2874, 4
2875, 1
2876, 2
2877, 4
2878, 4
2879, 4
2880, 4
2881, 4
2882, 4
2883, 4
2884, 4
2885, 4
2886, 2
2887, 2
2888, 2
2889, 1
2890, 1
2891, 2
2892, 2
2893, 2
2894, 2
2895, 2
2896, 2
2897, 2
2898, 4
2899, 4
2900, 4
2901, 4
2902, 4
2903, 4
2904, 4
2905, 4
2906, 4
2907, 4
2908, 7
2909, 7
2910, 7
2911, 7
2912, 6
2913, 6
2914, 6
2915, 6
2916, 6
2917, 6
2918, 2
2919, 3
2920, 3
2921, 4
2922, 2
2923, 5
2924, 5
2925, 3
2926, 4
2927, 4
2928, 4
2929, 4
2930, 4
2931, 2
2932, 3
2933, 3
2934, 3
2935, 3
2936, 3
2937, 3
2938, 4
2939, 3
2940, 3
2941, 3
2942, 2
2943, 2
2944, 3
2945, 3
2946, 4
2947, 2
2948, 2
2949, 3
2950, 3
2951, 2
2952, 2
2953, 2
2954, 2
2955, 2
2956, 2
2957, 2
2958, 2
2959, 2
2960, 3
2961, 3
2962, 3
2963, 2
2964, 2
2965, 2
2966, 5
2967, 3
2968, 3
2969, 2
2970, 2
2971, 2
2972, 2
2973, 2
2974, 1
2975, 1
2976, 1
2977, 1
2978, 3
2979, 3
2980, 3
2981, 4
2982, 3
2983, 3
2984, 3
2985, 3
2986, 4
2987, 4
2988, 5
2989, 4
2990, 4
2991, 4
2992, 3
2993, 6
2994, 5
2995, 5
2996, 1
2997, 1
2998, 1
2999, 3
3000, 3
3001, 2
3002, 4
3003, 4
3004, 4
3005, 4
3006, 4
3007, 4
3008, 3
3009, 3
3010, 3
3011, 3
3012, 3
3013, 3
3014, 3
3015, 2
3016, 6
3017, 6
3018, 2
3019, 2
3020, 7
3021, 4
3022, 5
3023, 5
3024, 4
3025, 2
3026, 1
3027, 1
3028, 2
3029, 2
3030, 1
3031, 1
3032, 4
3033, 3
3034, 3
3035, 3
3036, 3
3037, 3
3038, 4
3039, 4
3040, 6
3041, 6
3042, 4
3043, 3
3044, 4
3045, 4
3046, 4
3047, 2
3048, 1
3049, 2
3050, 2
3051, 2
3052, 2
3053, 2
3054, 1
3055, 3
3056, 3
3057, 3
3058, 3
3059, 3
3060, 3
3061, 2
3062, 2
3063, 3
3064, 3
3065, 3
3066, 2
3067, 3
3068, 2
3069, 2
3070, 2
3071, 3
3072, 3
3073, 2
3074, 2
3075, 3
3076, 4
3077, 3
3078, 3
3079, 5
3080, 5
3081, 5
3082, 4
3083, 5
3084, 4
3085, 4
3086, 4
3087, 3
3088, 3
3089, 3
3090, 6
3091, 7
3092, 6
3093, 5
3094, 5
3095, 3
3096, 3
3097, 2
3098, 2
3099, 2
3100, 2
3101, 2
3102, 4
3103, 4
3104, 4
3105, 4
3106, 4
3107, 4
3108, 4
3109, 4
3110, 5
3111, 5
3112, 6
3113, 6
3114, 6
3115, 8
3116, 8
3117, 8
3118, 3
3119, 4
3120, 4
3121, 6
3122, 6
3123, 6
3124, 6
3125, 8
3126, 5
3127, 4
3128, 4
3129, 4
3130, 3
3131, 1
3132, 1
3133, 1
3134, 1
3135, 1
3136, 3
3137, 3
3138, 3
3139, 3
3140, 1
3141, 1
3142, 1
3143, 1
3144, 2
3145, 4
3146, 4
3147, 1
3148, 1
3149, 1
3150, 1
3151, 2
3152, 4
3153, 3
3154, 3
3155, 3
3156, 3
3157, 2
3158, 2
3159, 4
3160, 4
3161, 5
3162, 4
3163, 3
3164, 3
3165, 3
3166, 3
3167, 3
3168, 3
3169, 3
3170, 2
3171, 2
3172, 2
3173, 7
3174, 4
3175, 3
3176, 3
3177, 3
3178, 5
3179, 5
3180, 2
3181, 2
3182, 5
3183, 5
3184, 5
3185, 5
3186, 5
3187, 4
3188, 1
3189, 2
3190, 2
3191, 2
3192, 4
3193, 3
3194, 3
3195, 1
3196, 3
3197, 3
3198, 3
3199, 4
3200, 4
3201, 4
3202, 1
3203, 6
3204, 4
3205, 3
3206, 3
3207, 3
3208, 3
3209, 4
3210, 4
3211, 4
3212, 5
3213, 5
3214, 5
3215, 3
3216, 3
3217, 3
3218, 5
3219, 5
3220, 5
3221, 4
3222, 4
3223, 4
3224, 3
3225, 5
3226, 5
3227, 5
3228, 5
3229, 5
3230, 2
3231, 2
3232, 4
3233, 4
3234, 4
3235, 4
3236, 3
3237, 3
3238, 3
3239, 2
3240, 4
3241, 2
3242, 2
3243, 2
3244, 2
3245, 2
3246, 1
3247, 2
3248, 2
3249, 2
3250, 1
3251, 3
3252, 3
3253, 3
3254, 3
3255, 3
3256, 2
3257, 2
3258, 5
3259, 5
3260, 3
3261, 7
3262, 3
3263, 3
3264, 3
3265, 3
3266, 3
3267, 3
3268, 3
3269, 3
3270, 3
3271, 4
3272, 2
3273, 5
3274, 6
3275, 5
3276, 4
3277, 7
3278, 3
3279, 3
3280, 3
3281, 3
3282, 3
3283, 3
3284, 5
3285, 5
3286, 5
3287, 3
3288, 3
3289, 3
3290, 2
3291, 4
3292, 3
3293, 3
3294, 2
3295, 2
3296, 2
3297, 2
3298, 2
3299, 2
3300, 1
3301, 3
3302, 3
3303, 3
3304, 3
3305, 2
3306, 2
3307, 1
3308, 1
3309, 1
3310, 1
3311, 1
3312, 3
3313, 3
3314, 2
3315, 2
3316, 2
3317, 2
3318, 2
3319, 6
3320, 7
3321, 6
3322, 6
3323, 5
3324, 6
3325, 6
3326, 6
3327, 6
3328, 3
3329, 3
3330, 3
3331, 4
3332, 6
3333, 6
3334, 6
3335, 3
3336, 2
3337, 2
3338, 3
3339, 4
3340, 4
3341, 5
3342, 5
3343, 4
3344, 5
3345, 4
3346, 3
3347, 2
3348, 2
3349, 5
3350, 4
3351, 6
3352, 6
3353, 5
3354, 4
3355, 4
3356, 5
3357, 5
3358, 4
3359, 3
3360, 3
3361, 3
3362, 3
3363, 3
3364, 3
3365, 3
3366, 2
3367, 3
3368, 4
3369, 4
3370, 3
3371, 3
3372, 3
3373, 3
3374, 3
3375, 4
3376, 4
3377, 4
3378, 4
3379, 4
3380, 4
3381, 4
3382, 2
3383, 2
3384, 2
3385, 2
3386, 2
3387, 2
3388, 3
3389, 3
3390, 3
3391, 3
3392, 3
3393, 3
3394, 3
3395, 3
3396, 3
3397, 3
3398, 3
3399, 4
3400, 3
3401, 3
3402, 3
3403, 3
3404, 3
3405, 3
3406, 3
3407, 3
3408, 5
3409, 4
3410, 4
3411, 4
3412, 3
3413, 3
3414, 3
3415, 4
3416, 3
3417, 6
3418, 3
3419, 2
3420, 2
3421, 3
3422, 3
3423, 3
3424, 3
3425, 3
3426, 4
3427, 4
3428, 2
3429, 1
3430, 3
3431, 2
3432, 3
3433, 3
3434, 3
3435, 4
3436, 3
3437, 5
3438, 5
3439, 2
3440, 6
3441, 6
3442, 6
3443, 6
3444, 2
3445, 4
3446, 4
3447, 4
3448, 4
3449, 4
3450, 4
3451, 4
3452, 4
3453, 4
3454, 4
3455, 1
3456, 1
3457, 1
3458, 4
3459, 4
3460, 4
3461, 3
3462, 3
3463, 3
3464, 4
3465, 4
3466, 4
3467, 4
3468, 4
3469, 4
3470, 4
3471, 4
3472, 4
3473, 6
3474, 2
3475, 2
3476, 1
3477, 1
3478, 1
3479, 1
3480, 2
3481, 2
3482, 2
3483, 2
3484, 3
3485, 4
3486, 1
3487, 1
3488, 5
3489, 5
3490, 5
3491, 5
3492, 3
3493, 4
3494, 3
3495, 4
3496, 4
3497, 4
3498, 4
3499, 4
3500, 4
3501, 4
3502, 7
3503, 8
3504, 8
3505, 8
3506, 8
3507, 5
3508, 9
3509, 3
3510, 2
3511, 2
3512, 2
3513, 3
3514, 3
3515, 2
3516, 3
3517, 2
3518, 2
3519, 2
3520, 2
3521, 4
3522, 4
3523, 4
3524, 3
3525, 4
3526, 4
3527, 6
3528, 6
3529, 4
3530, 5
3531, 5
3532, 5
3533, 6
3534, 6
3535, 6
3536, 5
3537, 4
3538, 3
3539, 1
3540, 5
3541, 4
3542, 4
3543, 4
3544, 5
3545, 1
3546, 2
3547, 2
3548, 2
3549, 3
3550, 6
3551, 5
3552, 2
3553, 2
3554, 2
3555, 2
3556, 2
3557, 6
3558, 2
3559, 6
3560, 2
3561, 2
3562, 1
3563, 1
3564, 1
3565, 1
3566, 1
3567, 1
3568, 1
3569, 1
3570, 1
3571, 1
3572, 2
3573, 2
3574, 3
3575, 3
3576, 3
3577, 3
3578, 3
3579, 2
3580, 2
3581, 1
3582, 1
3583, 2
3584, 3
3585, 3
3586, 2
3587, 2
3588, 3
3589, 3
3590, 3
3591, 4
3592, 4
3593, 3
3594, 2
3595, 2
3596, 3
3597, 3
3598, 2
3599, 4
3600, 3
3601, 3
3602, 2
3603, 1
3604, 3
3605, 3
3606, 3
3607, 3
3608, 3
3609, 3
3610, 3
3611, 4
3612, 2
3613, 2
3614, 2
3615, 4
3616, 4
3617, 4
3618, 6
3619, 6
3620, 6
3621, 6
3622, 5
3623, 5
3624, 5
3625, 5
3626, 6
3627, 6
3628, 4
3629, 4
3630, 6
3631, 7
3632, 3
3633, 3
3634, 3
3635, 3
3636, 3
3637, 3
3638, 6
3639, 5
3640, 5
3641, 5
3642, 5
3643, 5
3644, 5
3645, 5
3646, 3
3647, 4
3648, 3
3649, 3
3650, 3
3651, 6
3652, 3
3653, 4
3654, 6
3655, 4
3656, 4
3657, 3
3658, 7
3659, 8
3660, 5
3661, 9
3662, 9
3663, 9
3664, 9
3665, 9
3666, 3
3667, 3
3668, 3
3669, 1
3670, 1
3671, 2
3672, 2
3673, 3
3674, 3
3675, 3
3676, 3
3677, 2
3678, 2
3679, 2
3680, 2
3681, 4
3682, 4
3683, 3
3684, 4
3685, 4
3686, 4
3687, 3
3688, 2
3689, 2
3690, 4
3691, 7
3692, 2
3693, 2
3694, 3
3695, 3
3696, 3
3697, 5
3698, 2
3699, 5
3700, 5
3701, 5
3702, 3
3703, 3
3704, 2
3705, 4
3706, 1
3707, 1
3708, 2
3709, 4
3710, 6
3711, 6
3712, 5
3713, 5
3714, 5
3715, 4
3716, 4
3717, 3
3718, 4
3719, 2
3720, 2
3721, 2
3722, 2
3723, 2
3724, 2
3725, 2
3726, 2
3727, 2
3728, 2
3729, 2
3730, 2
3731, 2
3732, 2
3733, 2
3734, 2
3735, 5
3736, 5
3737, 5
3738, 7
3739, 7
3740, 7
3741, 7
3742, 7
3743, 6
3744, 6
3745, 4
3746, 4
3747, 4
3748, 4
3749, 4
3750, 4
3751, 4
3752, 4
3753, 4
3754, 7
3755, 7
3756, 4
3757, 3
3758, 4
3759, 3
3760, 4
3761, 4
3762, 4
3763, 4
3764, 4
3765, 4
3766, 3
3767, 4
3768, 4
3769, 4
3770, 4
3771, 3
3772, 2
3773, 4
3774, 4
3775, 4
3776, 3
3777, 3
3778, 3
3779, 1
3780, 3
3781, 3
3782, 2
3783, 5
3784, 3
3785, 3
3786, 4
3787, 3
3788, 4
3789, 7
3790, 7
3791, 4
3792, 4
3793, 4
3794, 3
3795, 3
3796, 3
3797, 5
3798, 5
3799, 5
3800, 5
3801, 6
3802, 6
3803, 5
3804, 6
3805, 3
3806, 3
3807, 2
3808, 2
3809, 2
3810, 3
3811, 3
3812, 1
3813, 2
3814, 2
3815, 2
3816, 3
3817, 3
3818, 3
3819, 2
3820, 2
3821, 2
3822, 2
3823, 4
3824, 4
3825, 4
3826, 4
3827, 4
3828, 1
3829, 2
3830, 2
3831, 2
3832, 2
3833, 2
3834, 5
3835, 5
3836, 5
3837, 5
3838, 3
3839, 6
3840, 6
3841, 3
3842, 4
3843, 4
3844, 4
3845, 1
3846, 2
3847, 2
3848, 2
3849, 2
3850, 2
3851, 2
3852, 2
3853, 2
3854, 4
3855, 5
3856, 5
3857, 6
3858, 6
3859, 6
3860, 6
3861, 6
3862, 5
3863, 5
3864, 5
3865, 2
3866, 2
3867, 4
3868, 4
3869, 3
3870, 3
3871, 4
3872, 4
3873, 5
3874, 5
3875, 5
3876, 5
3877, 5
3878, 6
3879, 5
3880, 5
3881, 6
3882, 7
3883, 6
3884, 6
3885, 6
3886, 2
3887, 2
3888, 2
3889, 2
3890, 2
3891, 3
3892, 3
3893, 4
3894, 3
3895, 3
3896, 3
3897, 3
3898, 3
3899, 4
3900, 4
3901, 4
3902, 5
3903, 5
3904, 3
3905, 3
3906, 4
3907, 3
3908, 3
3909, 3
3910, 3
3911, 3
3912, 5
3913, 5
3914, 5
3915, 5
3916, 5
3917, 4
3918, 3
3919, 5
3920, 3
3921, 5
3922, 5
3923, 5
3924, 3
3925, 3
3926, 2
3927, 3
3928, 3
3929, 4
3930, 2
3931, 1
3932, 1
3933, 1
3934, 1
3935, 1
3936, 2
3937, 2
3938, 2
3939, 3
3940, 3
3941, 2
3942, 2
3943, 2
3944, 2
3945, 4
3946, 1
3947, 1
3948, 1
3949, 3
3950, 2
3951, 5
3952, 8
3953, 8
3954, 4
3955, 4
3956, 4
3957, 1
3958, 1
3959, 1
3960, 1
3961, 1
3962, 4
3963, 4
3964, 4
3965, 4
3966, 1
3967, 1
3968, 1
3969, 1
3970, 1
3971, 3
3972, 2
3973, 1
3974, 3
3975, 3
3976, 3
3977, 2
3978, 3
3979, 2
3980, 2
3981, 2
3982, 3
3983, 5
3984, 4
3985, 2
3986, 2
3987, 2
3988, 2
3989, 2
3990, 5
3991, 6
3992, 5
3993, 5
3994, 5
3995, 7
3996, 3
3997, 3
3998, 3
3999, 4
4000, 4
4001, 4
4002, 4
4003, 4
4004, 4
4005, 4
4006, 4
4007, 4
4008, 4
4009, 4
4010, 4
4011, 4
4012, 4
4013, 4
4014, 3
4015, 3
4016, 3
4017, 2
4018, 3
4019, 3
4020, 4
4021, 4
4022, 4
4023, 2
4024, 2
4025, 4
4026, 2
4027, 2
4028, 2
4029, 2
4030, 5
4031, 4
4032, 5
4033, 5
4034, 5
4035, 2
4036, 2
4037, 5
4038, 3
4039, 3
4040, 3
4041, 5
4042, 5
4043, 5
4044, 5
4045, 5
4046, 5
4047, 1
4048, 1
4049, 1
4050, 3
4051, 6
4052, 6
4053, 3
4054, 3
4055, 3
4056, 3
4057, 3
4058, 3
4059, 3
4060, 3
4061, 3
4062, 4
4063, 4
4064, 4
4065, 4
4066, 1
4067, 3
4068, 6
4069, 2
4070, 3
4071, 4
4072, 5
4073, 7
4074, 5
4075, 5
4076, 5
4077, 7
4078, 7
4079, 7
4080, 6
4081, 6
4082, 6
4083, 7
4084, 5
4085, 3
4086, 3
4087, 3
4088, 3
4089, 3
4090, 3
4091, 3
4092, 3
4093, 1
4094, 2
4095, 2
4096, 2
4097, 2
4098, 2
4099, 2
4100, 2
4101, 3
4102, 4
4103, 4
4104, 4
4105, 4
4106, 4
4107, 2
4108, 2
4109, 2
4110, 2
4111, 2
4112, 2
4113, 2
4114, 2
4115, 1
4116, 1
4117, 2
4118, 7
4119, 3
4120, 3
4121, 3
4122, 3
4123, 3
4124, 3
4125, 3
4126, 4
4127, 4
4128, 2
4129, 5
4130, 5
4131, 5
4132, 5
4133, 6
4134, 6
4135, 6
4136, 3
4137, 3
4138, 4
4139, 8
4140, 8
4141, 8
4142, 8
4143, 7
4144, 7
4145, 2
4146, 5
4147, 4
4148, 3
4149, 7
4150, 6
4151, 4
4152, 5
4153, 2
4154, 2
4155, 2
4156, 2
4157, 2
4158, 4
4159, 4
4160, 4
4161, 3
4162, 3
4163, 1
4164, 1
4165, 1
4166, 1
4167, 1
4168, 2
4169, 4
4170, 4
4171, 2
4172, 2
4173, 2
4174, 3
4175, 3
4176, 3
4177, 4
4178, 3
4179, 2
4180, 2
4181, 2
4182, 2
4183, 2
4184, 3
4185, 3
4186, 3
4187, 3
4188, 3
4189, 3
4190, 2
4191, 2
4192, 3
4193, 3
4194, 4
4195, 4
4196, 4
4197, 4
4198, 4
4199, 5
4200, 5
4201, 5
4202, 4
4203, 4
4204, 4
4205, 3
4206, 3
4207, 4
4208, 4
4209, 4
4210, 3
4211, 3
4212, 4
4213, 3
4214, 3
4215, 2
4216, 2
4217, 2
4218, 2
4219, 4
4220, 4
4221, 5
4222, 5
4223, 5
4224, 7
4225, 7
4226, 7
4227, 4
4228, 3
4229, 3
4230, 3
4231, 4
4232, 4
4233, 1
4234, 2
4235, 2
4236, 2
4237, 2
4238, 2
4239, 2
4240, 2
4241, 2
4242, 2
4243, 1
4244, 3
4245, 2
4246, 2
4247, 2
4248, 2
4249, 2
4250, 2
4251, 3
4252, 4
4253, 4
4254, 4
4255, 4
4256, 4
4257, 3
4258, 3
4259, 4
4260, 4
4261, 4
4262, 4
4263, 3
4264, 3
4265, 3
4266, 3
4267, 3
4268, 3
4269, 5
4270, 5
4271, 4
4272, 3
4273, 4
4274, 4
4275, 5
4276, 4
4277, 6
4278, 4
4279, 4
4280, 4
4281, 4
4282, 3
4283, 3
4284, 2
4285, 3
4286, 3
4287, 3
4288, 3
4289, 3
4290, 5
4291, 5
4292, 4
4293, 4
4294, 4
4295, 4
4296, 4
4297, 4
4298, 4
4299, 4
4300, 4
4301, 4
4302, 3
4303, 3
4304, 3
4305, 5
4306, 5
4307, 5
4308, 5
4309, 3
4310, 3
4311, 3
4312, 5
4313, 2
4314, 2
4315, 3
4316, 1
4317, 2
4318, 2
4319, 3
4320, 6
4321, 6
4322, 8
4323, 5
4324, 5
4325, 5
4326, 3
4327, 3
4328, 3
4329, 2
4330, 2
4331, 2
4332, 2
4333, 2
4334, 2
4335, 2
4336, 2
4337, 3
4338, 3
4339, 3
4340, 3
4341, 2
4342, 2
4343, 2
4344, 2
4345, 2
4346, 2
4347, 2
4348, 2
4349, 2
4350, 2
4351, 4
4352, 4
4353, 4
4354, 5
4355, 3
4356, 4
4357, 4
4358, 4
4359, 4
4360, 5
4361, 5
4362, 5
4363, 5
4364, 2
4365, 2
4366, 4
4367, 4
4368, 3
4369, 3
4370, 3
4371, 3
4372, 2
4373, 2
4374, 2
4375, 1
4376, 1
4377, 3
4378, 3
4379, 3
4380, 3
4381, 3
4382, 4
4383, 4
4384, 3
4385, 3
4386, 3
4387, 2
4388, 2
4389, 2
4390, 2
4391, 4
4392, 4
4393, 2
4394, 2
4395, 2
4396, 2
4397, 3
4398, 4
4399, 4
4400, 5
4401, 3
4402, 3
4403, 3
4404, 3
4405, 3
4406, 2
4407, 2
4408, 5
4409, 5
4410, 3
4411, 3
4412, 3
4413, 3
4414, 2
4415, 2
4416, 2
4417, 2
4418, 3
4419, 8
4420, 8
4421, 8
4422, 3
4423, 2
4424, 3
4425, 4
4426, 4
4427, 3
4428, 3
4429, 8
4430, 4
4431, 4
4432, 4
4433, 4
4434, 4
4435, 4
4436, 5
4437, 4
4438, 4
4439, 4
4440, 4
4441, 4
4442, 4
4443, 4
4444, 4
4445, 4
4446, 4
4447, 2
4448, 2
4449, 2
4450, 5
4451, 5
4452, 2
4453, 3
4454, 3
4455, 3
4456, 3
4457, 4
4458, 3
4459, 3
4460, 2
4461, 2
4462, 2
4463, 3
4464, 2
4465, 2
4466, 2
4467, 2
4468, 5
4469, 6
4470, 6
4471, 6
4472, 6
4473, 4
4474, 4
4475, 5
4476, 5
4477, 5
4478, 5
4479, 5
4480, 5
4481, 9
4482, 9
4483, 4
4484, 4
4485, 3
4486, 3
4487, 4
4488, 4
4489, 6
4490, 8
4491, 7
4492, 7
4493, 3
4494, 3
4495, 3
4496, 3
4497, 3
4498, 3
4499, 2
4500, 1
4501, 3
4502, 3
4503, 3
4504, 3
4505, 3
4506, 2
4507, 2
4508, 3
4509, 4
4510, 4
4511, 4
4512, 1
4513, 2
4514, 2
4515, 2
4516, 2
4517, 2
4518, 2
4519, 2
4520, 3
4521, 3
4522, 2
4523, 2
4524, 1
4525, 2
4526, 2
4527, 2
4528, 2
4529, 2
4530, 2
4531, 5
4532, 5
4533, 5
4534, 4
4535, 6
4536, 6
4537, 4
4538, 4
4539, 4
4540, 4
4541, 4
4542, 3
4543, 2
4544, 3
4545, 3
4546, 1
4547, 1
4548, 1
4549, 2
4550, 2
4551, 2
4552, 2
4553, 4
4554, 7
4555, 6
4556, 6
4557, 6
4558, 4
4559, 2
4560, 3
4561, 2
4562, 2
4563, 2
4564, 2
4565, 2
4566, 2
4567, 2
4568, 5
4569, 4
4570, 4
4571, 4
4572, 4
4573, 2
4574, 1
4575, 1
4576, 2
4577, 3
4578, 3
4579, 2
4580, 5
4581, 5
4582, 2
4583, 3
4584, 5
4585, 5
4586, 4
4587, 4
4588, 4
4589, 4
4590, 3
4591, 2
4592, 2
4593, 6
4594, 2
4595, 4
4596, 2
4597, 2
4598, 2
4599, 1
4600, 1
4601, 2
4602, 2
4603, 1
4604, 2
4605, 2
4606, 5
4607, 3
4608, 2
4609, 2
4610, 2
4611, 2
4612, 1
4613, 2
4614, 4
4615, 4
4616, 4
4617, 4
4618, 4
4619, 3
4620, 3
4621, 3
4622, 5
4623, 4
4624, 4
4625, 3
4626, 3
4627, 5
4628, 5
4629, 5
4630, 5
4631, 5
4632, 5
4633, 6
4634, 6
4635, 6
4636, 4
4637, 4
4638, 4
4639, 2
4640, 2
4641, 2
4642, 1
4643, 1
4644, 8
4645, 2
4646, 4
4647, 5
4648, 4
4649, 3
4650, 1
4651, 3
4652, 3
4653, 7
4654, 3
4655, 2
4656, 2
4657, 2
4658, 2
4659, 2
4660, 3
4661, 3
4662, 9
4663, 8
4664, 5
4665, 5
4666, 5
4667, 3
4668, 4
4669, 1
4670, 1
4671, 3
4672, 3
4673, 2
4674, 2
4675, 2
4676, 2
4677, 2
4678, 2
4679, 2
4680, 3
4681, 5
4682, 5
4683, 3
4684, 3
4685, 3
4686, 3
4687, 3
4688, 6
4689, 3
4690, 2
4691, 4
4692, 6
4693, 5
4694, 5
4695, 5
4696, 5
4697, 4
4698, 5
4699, 4
4700, 4
4701, 4
4702, 4
4703, 5
4704, 4
4705, 3
4706, 1
4707, 6
4708, 6
4709, 1
4710, 2
4711, 2
4712, 3
4713, 3
4714, 4
4715, 5
4716, 4
4717, 4
4718, 4
4719, 4
4720, 4
4721, 3
4722, 3
4723, 3
4724, 4
4725, 4
4726, 4
4727, 3
4728, 2
4729, 2
4730, 2
4731, 2
4732, 3
4733, 4
4734, 2
4735, 3
4736, 4
4737, 4
4738, 2
4739, 3
4740, 4
4741, 5
4742, 4
4743, 3
4744, 4
4745, 5
4746, 4
4747, 2
4748, 1
4749, 3
4750, 3
4751, 2
4752, 1
4753, 4
4754, 3
4755, 3
4756, 3
4757, 3
4758, 2
4759, 2
4760, 2
4761, 2
4762, 2
4763, 3
4764, 3
4765, 3
4766, 3
4767, 3
4768, 3
4769, 3
4770, 3
4771, 2
4772, 3
4773, 5
4774, 5
4775, 6
4776, 7
4777, 5
4778, 5
4779, 4
4780, 4
4781, 4
4782, 4
4783, 4
4784, 4
4785, 4
4786, 3
4787, 3
4788, 4
4789, 4
4790, 4
4791, 1
4792, 4
4793, 4
4794, 4
4795, 2
4796, 4
4797, 4
4798, 5
4799, 4
4800, 4
4801, 4
4802, 4
4803, 4
4804, 4
4805, 4
4806, 4
4807, 4
4808, 4
4809, 7
4810, 5
4811, 5
4812, 5
4813, 5
4814, 6
4815, 2
4816, 2
4817, 2
4818, 4
4819, 4
4820, 3
4821, 3
4822, 3
4823, 3
4824, 3
4825, 4
4826, 4
4827, 5
4828, 5
4829, 5
4830, 6
4831, 4
4832, 4
4833, 5
4834, 4
4835, 7
4836, 7
4837, 7
4838, 7
4839, 4
4840, 4
4841, 5
4842, 5
4843, 5
4844, 5
4845, 3
4846, 3
4847, 3
4848, 3
4849, 3
4850, 5
4851, 3
4852, 3
4853, 3
4854, 3
4855, 4
4856, 1
4857, 1
4858, 3
4859, 3
4860, 5
4861, 5
4862, 5
4863, 5
4864, 5
4865, 3
4866, 3
4867, 3
4868, 5
4869, 4
4870, 4
4871, 3
4872, 3
4873, 3
4874, 3
4875, 2
4876, 3
4877, 2
4878, 3
4879, 1
4880, 1
4881, 1
4882, 1
4883, 1
4884, 2
4885, 2
4886, 2
4887, 2
4888, 2
4889, 1
4890, 3
4891, 3
4892, 4
4893, 2
4894, 2
4895, 2
4896, 3
4897, 5
4898, 4
4899, 4
4900, 4
4901, 4
4902, 1
4903, 1
4904, 1
4905, 1
4906, 1
4907, 1
4908, 1
4909, 1
4910, 1
4911, 3
4912, 3
4913, 3
4914, 4
4915, 4
4916, 4
4917, 4
4918, 4
4919, 4
4920, 4
4921, 4
4922, 4
4923, 4
4924, 4
4925, 2
4926, 2
4927, 2
4928, 2
4929, 1
4930, 1
4931, 1
4932, 4
4933, 3
4934, 3
4935, 3
4936, 3
4937, 3
4938, 3
4939, 3
4940, 3
4941, 4
4942, 1
4943, 3
4944, 3
4945, 3
4946, 3
4947, 3
4948, 4
4949, 4
4950, 2
4951, 2
4952, 2
4953, 1
4954, 1
4955, 1
4956, 1
4957, 1
4958, 2
4959, 3
4960, 2
4961, 2
4962, 2
4963, 2
4964, 1
4965, 2
4966, 2
4967, 2
4968, 2
4969, 2
4970, 5
4971, 4
4972, 6
4973, 4
4974, 4
4975, 4
4976, 4
4977, 5
4978, 6
4979, 3
4980, 3
4981, 3
4982, 4
4983, 4
4984, 2
4985, 5
4986, 2
4987, 5
4988, 2
4989, 1
4990, 2
4991, 2
4992, 2
4993, 3
4994, 3
4995, 8
4996, 3
4997, 3
4998, 3
4999, 3
5000, 3
5001, 3
5002, 5
5003, 4
5004, 3
5005, 6
5006, 5
5007, 5
5008, 6
5009, 4
5010, 4
5011, 4
5012, 4
5013, 5
5014, 5
5015, 3
5016, 3
5017, 5
5018, 5
5019, 5
5020, 5
5021, 4
5022, 4
5023, 9
5024, 6
5025, 6
5026, 2
5027, 4
5028, 4
5029, 4
5030, 4
5031, 2
5032, 2
5033, 3
5034, 3
5035, 3
5036, 4
5037, 4
5038, 4
5039, 4
5040, 4
5041, 5
5042, 4
5043, 4
5044, 4
5045, 4
5046, 2
5047, 4
5048, 5
5049, 6
5050, 6
5051, 6
5052, 1
5053, 1
5054, 1
5055, 1
5056, 2
5057, 3
5058, 3
5059, 4
5060, 4
5061, 4
5062, 4
5063, 5
5064, 5
5065, 5
5066, 5
5067, 4
5068, 4
5069, 5
5070, 5
5071, 5
5072, 5
5073, 4
5074, 4
5075, 5
5076, 5
5077, 4
5078, 2
5079, 3
5080, 3
5081, 3
5082, 3
5083, 3
5084, 3
5085, 3
5086, 3
5087, 6
5088, 4
5089, 3
5090, 2
5091, 2
5092, 2
5093, 2
5094, 3
5095, 3
5096, 3
5097, 3
5098, 3
5099, 3
5100, 2
5101, 2
5102, 2
5103, 2
5104, 2
5105, 2
5106, 3
5107, 3
5108, 4
5109, 3
5110, 3
5111, 3
5112, 4
5113, 4
5114, 2
5115, 5
5116, 5
5117, 2
5118, 2
5119, 2
5120, 2
5121, 1
5122, 4
5123, 5
5124, 5
5125, 4
5126, 4
5127, 6
5128, 6
5129, 2
5130, 4
5131, 4
5132, 1
5133, 3
5134, 3
5135, 3
5136, 2
5137, 2
5138, 2
5139, 1
5140, 1
5141, 4
5142, 4
5143, 1
5144, 1
5145, 1
5146, 3
5147, 4
5148, 5
5149, 5
5150, 5
5151, 3
5152, 2
5153, 4
5154, 3
5155, 3
5156, 3
5157, 3
5158, 3
5159, 3
5160, 3
5161, 3
5162, 5
5163, 5
5164, 5
5165, 6
5166, 4
5167, 3
5168, 2
5169, 5
5170, 3
5171, 4
5172, 4
5173, 4
5174, 4
5175, 4
5176, 7
5177, 7
5178, 5
5179, 4
5180, 4
5181, 3
5182, 3
5183, 3
5184, 3
5185, 3
5186, 3
5187, 3
5188, 3
5189, 2
5190, 4
5191, 4
5192, 6
5193, 5
5194, 5
5195, 5
5196, 5
5197, 5
5198, 5
5199, 5
5200, 5
5201, 5
5202, 4
5203, 4
5204, 2
5205, 2
5206, 3
5207, 3
5208, 3
5209, 2
5210, 6
5211, 7
5212, 6
5213, 5
5214, 5
5215, 6
5216, 6
5217, 7
5218, 6
5219, 6
5220, 6
5221, 6
5222, 5
5223, 5
5224, 5
5225, 5
5226, 2
5227, 2
5228, 2
5229, 2
5230, 4
5231, 3
5232, 3
5233, 3
5234, 4
5235, 4
5236, 4
5237, 4
5238, 3
5239, 4
5240, 4
5241, 6
5242, 7
5243, 6
5244, 7
5245, 8
5246, 7
5247, 6
5248, 2
5249, 3
5250, 6
5251, 6
5252, 3
5253, 4
5254, 4
5255, 4
5256, 2
5257, 2
5258, 2
5259, 2
5260, 2
5261, 2
5262, 2
5263, 5
5264, 6
5265, 7
5266, 4
5267, 4
5268, 3
5269, 3
5270, 3
5271, 4
5272, 4
5273, 4
5274, 1
5275, 3
5276, 3
5277, 3
5278, 3
5279, 1
5280, 1
5281, 2
5282, 2
5283, 2
5284, 2
5285, 2
5286, 2
5287, 2
5288, 3
5289, 3
5290, 3
5291, 3
5292, 3
5293, 4
5294, 4
5295, 4
5296, 3
5297, 3
5298, 3
5299, 5
5300, 5
5301, 5
5302, 5
5303, 5
5304, 4
5305, 4
5306, 8
5307, 4
5308, 4
5309, 4
5310, 4
5311, 3
5312, 3
5313, 4
5314, 3
5315, 2
5316, 2
5317, 4
5318, 4
5319, 4
5320, 2
5321, 5
5322, 4
5323, 4
5324, 1
5325, 1
5326, 1
5327, 2
5328, 2
5329, 3
5330, 3
5331, 4
5332, 4
5333, 4
5334, 1
5335, 4
5336, 4
5337, 3
5338, 3
5339, 5
5340, 5
5341, 5
5342, 3
5343, 2
5344, 2
5345, 2
5346, 3
5347, 3
5348, 3
5349, 3
5350, 4
5351, 4
5352, 4
5353, 4
5354, 2
5355, 2
5356, 2
5357, 2
5358, 4
5359, 4
5360, 4
5361, 4
5362, 3
5363, 3
5364, 3
5365, 3
5366, 4
5367, 2
5368, 2
5369, 6
5370, 4
5371, 3
5372, 3
5373, 4
5374, 1
5375, 1
5376, 1
5377, 4
5378, 4
5379, 3
5380, 3
5381, 3
5382, 3
5383, 3
5384, 1
5385, 5
5386, 5
5387, 5
5388, 5
5389, 5
5390, 5
5391, 5
5392, 5
5393, 5
5394, 5
5395, 5
5396, 5
5397, 3
5398, 3
5399, 3
5400, 3
5401, 3
5402, 3
5403, 4
5404, 4
5405, 4
5406, 4
5407, 4
5408, 3
5409, 3
5410, 3
5411, 3
5412, 5
5413, 5
5414, 5
5415, 5
5416, 5
5417, 3
5418, 2
5419, 2
5420, 2
5421, 1
5422, 4
5423, 4
5424, 4
5425, 2
5426, 5
5427, 3
5428, 3
5429, 3
5430, 3
5431, 2
5432, 3
5433, 3
5434, 3
5435, 3
5436, 3
5437, 3
5438, 3
5439, 3
5440, 3
5441, 3
5442, 6
5443, 6
5444, 6
5445, 3
5446, 1
5447, 3
5448, 3
5449, 3
5450, 3
5451, 2
5452, 2
5453, 2
5454, 4
5455, 4
5456, 5
5457, 6
5458, 6
5459, 6
5460, 3
5461, 3
5462, 2
5463, 2
5464, 2
5465, 2
5466, 2
5467, 2
5468, 2
5469, 1
5470, 1
5471, 1
5472, 1
5473, 1
5474, 3
5475, 5
5476, 4
5477, 2
5478, 2
5479, 3
5480, 3
5481, 3
5482, 2
5483, 2
5484, 2
5485, 2
5486, 2
5487, 2
5488, 2
5489, 2
5490, 1
5491, 1
5492, 2
5493, 2
5494, 7
5495, 5
5496, 5
5497, 5
5498, 5
5499, 5
5500, 4
5501, 4
5502, 4
5503, 4
5504, 7
5505, 7
5506, 6
5507, 2
5508, 1
5509, 1
5510, 1
5511, 2
5512, 2
5513, 2
5514, 3
5515, 3
5516, 8
5517, 8
5518, 5
5519, 4
5520, 3
5521, 4
5522, 2
5523, 2
5524, 2
5525, 2
5526, 2
5527, 4
5528, 7
5529, 7
5530, 7
5531, 7
5532, 8
5533, 4
5534, 6
5535, 6
5536, 7
5537, 2
5538, 3
5539, 3
5540, 2
5541, 4
5542, 5
5543, 5
5544, 2
5545, 4
5546, 4
5547, 4
5548, 4
5549, 4
5550, 3
5551, 3
5552, 3
5553, 6
5554, 7
5555, 6
5556, 5
5557, 1
5558, 4
5559, 4
5560, 3
5561, 4
5562, 5
5563, 5
5564, 3
5565, 4
5566, 3
5567, 3
5568, 3
5569, 5
5570, 5
5571, 5
5572, 4
5573, 4
5574, 4
5575, 4
5576, 4
5577, 4
5578, 3
5579, 3
5580, 5
5581, 4
5582, 4
5583, 4
5584, 4
5585, 5
5586, 3
5587, 2
5588, 2
5589, 2
5590, 2
5591, 2
5592, 2
5593, 4
5594, 4
5595, 5
5596, 5
5597, 5
5598, 5
5599, 3
5600, 4
5601, 5
5602, 4
5603, 4
5604, 3
5605, 3
5606, 3
5607, 4
5608, 4
5609, 4
5610, 1
5611, 1
5612, 1
5613, 3
5614, 3
5615, 3
5616, 3
5617, 3
5618, 2
5619, 2
5620, 4
5621, 2
5622, 2
5623, 2
5624, 2
5625, 2
5626, 5
5627, 5
5628, 4
5629, 3
5630, 5
5631, 5
5632, 3
5633, 5
5634, 5
5635, 4
5636, 3
5637, 3
5638, 5
5639, 5
5640, 3
5641, 3
5642, 2
5643, 4
5644, 4
5645, 2
5646, 3
5647, 1
5648, 1
5649, 1
5650, 2
5651, 2
5652, 2
5653, 2
5654, 2
5655, 1
5656, 1
5657, 2
5658, 1
5659, 1
5660, 1
5661, 1
5662, 1
5663, 1
5664, 1
5665, 2
5666, 2
5667, 1
5668, 2
5669, 5
5670, 5
5671, 4
5672, 2
5673, 2
5674, 3
5675, 3
5676, 2
5677, 5
5678, 5
5679, 5
5680, 5
5681, 5
5682, 5
5683, 5
5684, 5
5685, 5
5686, 5
5687, 5
5688, 5
5689, 5
5690, 6
5691, 6
5692, 3
5693, 4
5694, 4
5695, 4
5696, 4
5697, 3
5698, 3
5699, 3
5700, 3
5701, 6
5702, 5
5703, 4
5704, 4
5705, 4
5706, 6
5707, 6
5708, 5
5709, 5
5710, 2
5711, 2
5712, 2
5713, 4
5714, 4
5715, 4
5716, 4
5717, 4
5718, 4
5719, 3
5720, 4
5721, 4
5722, 2
5723, 3
5724, 2
5725, 2
5726, 2
5727, 2
5728, 3
5729, 3
5730, 3
5731, 3
5732, 8
5733, 8
5734, 5
5735, 4
5736, 4
5737, 4
5738, 4
5739, 6
5740, 6
5741, 7
5742, 4
5743, 4
5744, 3
5745, 5
5746, 5
5747, 5
5748, 4
5749, 2
5750, 3
5751, 5
5752, 5
5753, 5
5754, 3
5755, 3
5756, 3
5757, 3
5758, 3
5759, 3
5760, 2
5761, 2
5762, 3
5763, 6
5764, 3
5765, 3
5766, 2
5767, 2
5768, 2
5769, 2
5770, 2
5771, 3
5772, 3
5773, 3
5774, 3
5775, 3
5776, 3
5777, 4
5778, 2
5779, 1
5780, 2
5781, 1
5782, 1
5783, 2
5784, 2
5785, 2
5786, 4
5787, 5
5788, 4
5789, 4
5790, 3
5791, 3
5792, 5
5793, 8
5794, 8
5795, 2
5796, 2
5797, 3
5798, 3
5799, 4
5800, 2
5801, 3
5802, 3
5803, 5
5804, 3
5805, 4
5806, 4
5807, 4
5808, 3
5809, 3
5810, 3
5811, 3
5812, 3
5813, 2
5814, 9
5815, 4
5816, 6
5817, 4
5818, 4
5819, 5
5820, 5
5821, 4
5822, 3
5823, 1
5824, 4
5825, 3
5826, 3
5827, 3
5828, 3
5829, 3
5830, 2
5831, 3
5832, 2
5833, 2
5834, 2
5835, 2
5836, 2
5837, 2
5838, 2
5839, 2
5840, 4
5841, 3
5842, 3
5843, 3
5844, 3
5845, 1
5846, 2
5847, 3
5848, 3
5849, 2
5850, 2
5851, 4
5852, 1
5853, 1
5854, 2
5855, 2
5856, 2
5857, 3
5858, 6
5859, 6
5860, 6
5861, 2
5862, 2
5863, 4
5864, 3
5865, 3
5866, 3
5867, 4
5868, 5
5869, 5
5870, 5
5871, 5
5872, 4
5873, 4
5874, 4
5875, 2
5876, 2
5877, 2
5878, 5
5879, 2
5880, 2
5881, 2
5882, 3
5883, 4
5884, 4
5885, 4
5886, 5
5887, 5
5888, 5
5889, 3
5890, 3
5891, 3
5892, 6
5893, 6
5894, 6
5895, 7
5896, 7
5897, 7
5898, 7
5899, 6
5900, 6
5901, 6
5902, 4
5903, 4
5904, 5
5905, 4
5906, 4
5907, 6
5908, 5
5909, 5
5910, 7
5911, 7
5912, 7
5913, 6
5914, 6
5915, 6
5916, 3
5917, 3
5918, 3
5919, 4
5920, 4
5921, 3
5922, 2
5923, 2
5924, 2
5925, 2
5926, 2
5927, 2
5928, 3
5929, 4
5930, 3
5931, 3
5932, 4
5933, 4
5934, 4
5935, 4
5936, 4
5937, 4
5938, 3
5939, 3
5940, 3
5941, 3
5942, 3
5943, 3
5944, 3
5945, 6
5946, 6
5947, 4
5948, 3
5949, 3
5950, 3
5951, 3
5952, 6
5953, 6
5954, 2
5955, 5
5956, 5
5957, 4
5958, 1
5959, 1
5960, 1
5961, 1
5962, 1
5963, 1
5964, 1
5965, 3
5966, 3
5967, 3
5968, 4
5969, 2
5970, 2
5971, 2
5972, 2
5973, 2
5974, 4
5975, 4
5976, 4
5977, 4
5978, 2
5979, 3
5980, 1
5981, 2
5982, 2
5983, 2
5984, 2
5985, 2
5986, 4
5987, 4
5988, 4
5989, 3
5990, 3
5991, 3
5992, 3
5993, 3
5994, 3
5995, 3
5996, 3
5997, 3
5998, 4
5999, 4
6000, 4
6001, 3
6002, 3
6003, 4
6004, 4
6005, 4
6006, 6
6007, 3
6008, 3
6009, 3
6010, 2
6011, 3
6012, 3
6013, 3
6014, 2
6015, 2
6016, 2
6017, 2
6018, 1
6019, 1
6020, 2
6021, 2
6022, 2
6023, 3
6024, 4
6025, 4
6026, 4
6027, 4
6028, 3
6029, 6
6030, 3
6031, 3
6032, 4
6033, 4
6034, 4
6035, 3
6036, 3
6037, 3
6038, 2
6039, 1
6040, 1
6041, 1
6042, 4
6043, 4
6044, 3
6045, 3
6046, 3
6047, 3
6048, 3
6049, 4
6050, 5
6051, 3
6052, 2
6053, 2
6054, 5
6055, 5
6056, 5
6057, 6
6058, 6
6059, 6
6060, 2
6061, 2
6062, 2
6063, 3
6064, 3
6065, 2
6066, 2
6067, 2
6068, 2
6069, 2
6070, 4
6071, 4
6072, 2
6073, 2
6074, 3
6075, 3
6076, 2
6077, 3
6078, 3
6079, 3
6080, 2
6081, 2
6082, 3
6083, 3
6084, 3
6085, 3
6086, 3
6087, 2
6088, 1
6089, 5
6090, 4
6091, 5
6092, 4
6093, 3
6094, 1
6095, 1
6096, 1
6097, 1
6098, 2
6099, 2
6100, 2
6101, 3
6102, 2
6103, 2
6104, 2
6105, 2
6106, 2
6107, 3
6108, 3
6109, 3
6110, 2
6111, 4
6112, 4
6113, 2
6114, 2
6115, 3
6116, 3
6117, 3
6118, 3
6119, 3
6120, 2
6121, 1
6122, 3
6123, 6
6124, 5
6125, 1
6126, 1
6127, 5
6128, 5
6129, 3
6130, 3
6131, 4
6132, 3
6133, 3
6134, 2
6135, 2
6136, 2
6137, 2
6138, 2
6139, 2
6140, 2
6141, 2
6142, 2
6143, 2
6144, 2
6145, 2
6146, 2
6147, 3
6148, 3
6149, 2
6150, 3
6151, 3
6152, 3
6153, 3
6154, 3
6155, 2
6156, 3
6157, 2
6158, 3
6159, 3
6160, 3
6161, 3
6162, 4
6163, 4
6164, 4
6165, 4
6166, 5
6167, 6
6168, 5
6169, 5
6170, 4
6171, 4
6172, 7
6173, 4
6174, 4
6175, 5
6176, 2
6177, 3
6178, 7
6179, 4
6180, 4
6181, 4
6182, 3
6183, 3
6184, 3
6185, 3
6186, 3
6187, 4
6188, 4
6189, 3
6190, 2
6191, 2
6192, 2
6193, 2
6194, 2
6195, 4
6196, 4
6197, 4
6198, 4
6199, 4
6200, 4
6201, 4
6202, 4
6203, 4
6204, 4
6205, 4
6206, 4
6207, 4
6208, 4
6209, 4
6210, 4
6211, 4
6212, 2
6213, 2
6214, 2
6215, 2
6216, 4
6217, 4
6218, 4
6219, 4
6220, 4
6221, 2
6222, 2
6223, 3
6224, 2
6225, 2
6226, 3
6227, 3
6228, 3
6229, 3
6230, 3
6231, 3
6232, 2
6233, 2
6234, 2
6235, 2
6236, 2
6237, 2
6238, 3
6239, 2
6240, 2
6241, 5
6242, 2
6243, 3
6244, 2
6245, 2
6246, 7
6247, 7
6248, 5
6249, 5
6250, 4
6251, 3
6252, 4
6253, 5
6254, 7
6255, 6
6256, 3
6257, 3
6258, 3
6259, 2
6260, 5
6261, 5
6262, 2
6263, 2
6264, 2
6265, 1
6266, 1
6267, 5
6268, 5
6269, 3
6270, 3
6271, 3
6272, 3
6273, 3
6274, 3
6275, 3
6276, 2
6277, 4
6278, 4
6279, 4
6280, 5
6281, 6
6282, 5
6283, 5
6284, 7
6285, 3
6286, 1
6287, 1
6288, 2
6289, 2
6290, 3
6291, 3
6292, 3
6293, 3
6294, 3
6295, 3
6296, 2
6297, 2
6298, 2
6299, 2
6300, 2
6301, 2
6302, 2
6303, 5
6304, 5
6305, 5
6306, 4
6307, 4
6308, 4
6309, 2
6310, 1
6311, 1
6312, 1
6313, 1
6314, 1
6315, 1
6316, 1
6317, 3
6318, 3
6319, 2
6320, 4
6321, 4
6322, 4
6323, 4
6324, 3
6325, 3
6326, 3
6327, 3
6328, 3
6329, 2
6330, 2
6331, 3
6332, 3
6333, 3
6334, 3
6335, 2
6336, 3
6337, 3
6338, 3
6339, 4
6340, 3
6341, 3
6342, 3
6343, 3
6344, 3
6345, 3
6346, 2
6347, 2
6348, 2
6349, 2
6350, 4
6351, 3
6352, 2
6353, 2
6354, 3
6355, 3
6356, 3
6357, 3
6358, 3
6359, 3
6360, 3
6361, 3
6362, 2
6363, 2
6364, 1
6365, 1
6366, 1
6367, 2
6368, 3
6369, 3
6370, 4
6371, 2
6372, 5
6373, 4
6374, 4
6375, 3
6376, 3
6377, 3
6378, 4
6379, 5
6380, 5
6381, 5
6382, 5
6383, 3
6384, 3
6385, 3
6386, 3
6387, 2
6388, 3
6389, 3
6390, 2
6391, 2
6392, 2
6393, 4
6394, 4
6395, 5
6396, 4
6397, 4
6398, 8
6399, 2
6400, 2
6401, 2
6402, 2
6403, 2
6404, 2
6405, 2
6406, 2
6407, 4
6408, 4
6409, 2
6410, 2
6411, 4
6412, 4
6413, 4
6414, 3
6415, 3
6416, 3
6417, 3
6418, 5
6419, 5
6420, 5
6421, 5
6422, 5
6423, 4
6424, 4
6425, 5
6426, 5
6427, 5
6428, 5
6429, 2
6430, 2
6431, 2
6432, 2
6433, 4
6434, 4
6435, 3
6436, 3
6437, 3
6438, 3
6439, 3
6440, 3
6441, 3
6442, 4
6443, 4
6444, 2
6445, 1
6446, 1
6447, 1
6448, 2
6449, 2
6450, 2
6451, 1
6452, 2
6453, 2
6454, 2
6455, 5
6456, 5
6457, 4
6458, 3
6459, 2
6460, 7
6461, 3
6462, 2
6463, 2
6464, 2
6465, 2
6466, 3
6467, 3
6468, 2
6469, 4
6470, 4
6471, 4
6472, 6
6473, 6
6474, 6
6475, 5
6476, 3
6477, 3
6478, 2
6479, 3
6480, 3
6481, 2
6482, 2
6483, 2
6484, 3
6485, 3
6486, 3
6487, 2
6488, 2
6489, 5
6490, 5
6491, 2
6492, 3
6493, 3
6494, 3
6495, 3
6496, 3
6497, 5
6498, 2
6499, 2
6500, 3
6501, 3
6502, 4
6503, 4
6504, 4
6505, 4
6506, 4
6507, 4
6508, 4
6509, 3
6510, 4
6511, 6
6512, 6
6513, 7
6514, 4
6515, 5
6516, 4
6517, 5
6518, 5
6519, 7
6520, 6
6521, 6
6522, 5
6523, 5
6524, 1
6525, 3
6526, 3
6527, 3
6528, 3
6529, 1
6530, 4
6531, 1
6532, 3
6533, 6
6534, 2
6535, 2
6536, 2
6537, 2
6538, 2
6539, 5
6540, 7
6541, 2
6542, 2
6543, 2
6544, 6
6545, 8
6546, 6
6547, 6
6548, 3
6549, 3
6550, 3
6551, 3
6552, 3
6553, 3
6554, 3
6555, 2
6556, 2
6557, 2
6558, 2
6559, 2
6560, 2
6561, 4
6562, 5
6563, 5
6564, 5
6565, 5
6566, 5
6567, 4
6568, 4
6569, 4
6570, 4
6571, 4
6572, 4
6573, 4
6574, 4
6575, 6
6576, 6
6577, 6
6578, 2
6579, 2
6580, 2
6581, 2
6582, 5
6583, 3
6584, 3
6585, 2
6586, 7
6587, 7
6588, 7
6589, 2
6590, 3
6591, 2
6592, 2
6593, 3
6594, 6
6595, 6
6596, 5
6597, 4
6598, 4
6599, 4
6600, 3
6601, 4
6602, 4
6603, 4
6604, 4
6605, 4
6606, 6
6607, 6
6608, 6
6609, 6
6610, 5
6611, 2
6612, 2
6613, 2
6614, 2
6615, 2
6616, 3
6617, 2
6618, 3
6619, 2
6620, 5
6621, 4
6622, 4
6623, 4
6624, 4
6625, 4
6626, 4
6627, 4
6628, 3
6629, 2
6630, 2
6631, 2
6632, 2
6633, 2
6634, 2
6635, 2
6636, 3
6637, 3
6638, 3
6639, 3
6640, 1
6641, 1
6642, 3
6643, 2
6644, 1
6645, 2
6646, 2
6647, 2
6648, 2
6649, 3
6650, 3
6651, 3
6652, 4
6653, 4
6654, 4
6655, 4
6656, 4
6657, 2
6658, 5
6659, 5
6660, 4
6661, 2
6662, 2
6663, 2
6664, 2
6665, 2
6666, 2
6667, 2
6668, 2
6669, 2
6670, 2
6671, 2
6672, 1
6673, 1
6674, 3
6675, 4
6676, 4
6677, 3
6678, 4
6679, 4
6680, 4
6681, 7
6682, 3
6683, 3
6684, 3
6685, 3
6686, 3
6687, 3
6688, 3
6689, 3
6690, 3
6691, 3
6692, 4
6693, 2
6694, 3
6695, 3
6696, 2
6697, 1
6698, 2
6699, 2
6700, 2
6701, 2
6702, 3
6703, 3
6704, 3
6705, 3
6706, 5
6707, 4
6708, 2
6709, 2
6710, 2
6711, 2
6712, 9
6713, 3
6714, 3
6715, 3
6716, 6
6717, 4
6718, 4
6719, 1
6720, 1
6721, 1
6722, 4
6723, 5
6724, 5
6725, 5
6726, 5
6727, 5
6728, 5
6729, 5
6730, 5
6731, 4
6732, 4
6733, 4
6734, 3
6735, 2
6736, 2
6737, 2
6738, 2
6739, 3
6740, 3
6741, 3
6742, 4
6743, 4
6744, 4
6745, 3
6746, 3
6747, 4
6748, 4
6749, 4
6750, 4
6751, 4
6752, 4
6753, 4
6754, 3
6755, 3
6756, 3
6757, 3
6758, 3
6759, 3
6760, 4
6761, 4
6762, 4
6763, 4
6764, 5
6765, 5
6766, 5
6767, 5
6768, 3
6769, 3
6770, 3
6771, 3
6772, 5
6773, 5
6774, 3
6775, 3
6776, 3
6777, 3
6778, 2
6779, 2
6780, 2
6781, 2
6782, 2
6783, 2
6784, 5
6785, 2
6786, 2
6787, 2
6788, 1
6789, 5
6790, 5
6791, 6
6792, 6
6793, 6
6794, 6
6795, 5
6796, 7
6797, 7
6798, 8
6799, 1
6800, 1
6801, 5
6802, 4
6803, 2
6804, 2
6805, 3
6806, 3
6807, 3
6808, 3
6809, 4
6810, 5
6811, 6
6812, 6
6813, 6
6814, 6
6815, 3
6816, 2
6817, 2
6818, 2
6819, 3
6820, 3
6821, 3
6822, 3
6823, 3
6824, 3
6825, 2
6826, 2
6827, 2
6828, 2
6829, 2
6830, 2
6831, 3
6832, 3
6833, 3
6834, 3
6835, 3
6836, 3
6837, 3
6838, 3
6839, 4
6840, 2
6841, 5
6842, 5
6843, 2
6844, 4
6845, 6
6846, 5
6847, 5
6848, 5
6849, 3
6850, 3
6851, 3
6852, 2
6853, 3
6854, 3
6855, 2
6856, 4
6857, 4
6858, 3
6859, 3
6860, 3
6861, 4
6862, 4
6863, 4
6864, 3
6865, 2
6866, 4
6867, 3
6868, 3
6869, 3
6870, 2
6871, 2
6872, 4
6873, 4
6874, 3
6875, 3
6876, 3
6877, 3
6878, 2
6879, 3
6880, 3
6881, 3
6882, 2
6883, 2
6884, 4
6885, 6
6886, 3
6887, 3
6888, 3
6889, 3
6890, 3
6891, 3
6892, 2
6893, 2
6894, 3
6895, 3
6896, 4
6897, 4
6898, 2
6899, 5
6900, 5
6901, 5
6902, 5
6903, 5
6904, 5
6905, 5
6906, 5
6907, 5
6908, 6
6909, 4
6910, 4
6911, 4
6912, 4
6913, 2
6914, 1
6915, 2
6916, 2
6917, 4
6918, 5
6919, 5
6920, 3
6921, 3
6922, 3
6923, 3
6924, 3
6925, 6
6926, 4
6927, 4
6928, 4
6929, 4
6930, 4
6931, 4
6932, 4
6933, 4
6934, 6
6935, 4
6936, 3
6937, 3
6938, 3
6939, 3
6940, 3
6941, 3
6942, 6
6943, 6
6944, 6
6945, 5
6946, 5
6947, 5
6948, 4
6949, 3
6950, 2
6951, 2
6952, 4
6953, 5
6954, 5
6955, 4
6956, 4
6957, 5
6958, 5
6959, 5
6960, 5
6961, 6
6962, 2
6963, 2
6964, 2
6965, 2
6966, 2
6967, 1
6968, 4
6969, 5
6970, 1
6971, 1
6972, 1
6973, 1
6974, 2
6975, 2
6976, 2
6977, 4
6978, 5
6979, 3
6980, 1
6981, 4
6982, 3
6983, 3
6984, 3
6985, 3
6986, 4
6987, 4
6988, 4
6989, 4
6990, 3
6991, 3
6992, 4
6993, 3
6994, 3
6995, 3
6996, 4
6997, 5
6998, 6
6999, 4
7000, 4
7001, 3
7002, 5
7003, 5
7004, 3
7005, 4
7006, 4
7007, 4
7008, 4
7009, 6
7010, 6
7011, 3
7012, 3
7013, 4
7014, 4
7015, 3
7016, 3
7017, 2
7018, 2
7019, 2
7020, 2
7021, 2
7022, 2
7023, 2
7024, 1
7025, 2
7026, 1
7027, 1
7028, 2
7029, 2
7030, 2
7031, 3
7032, 3
7033, 3
7034, 3
7035, 3
7036, 3
7037, 2
7038, 3
7039, 3
7040, 3
7041, 1
7042, 2
7043, 3
7044, 3
7045, 3
7046, 3
7047, 3
7048, 3
7049, 3
7050, 3
7051, 4
7052, 4
7053, 7
7054, 7
7055, 7
7056, 3
7057, 3
7058, 7
7059, 6
7060, 6
7061, 6
7062, 6
7063, 3
7064, 1
7065, 1
7066, 1
7067, 2
7068, 2
7069, 3
7070, 4
7071, 3
7072, 1
7073, 2
7074, 5
7075, 5
7076, 4
7077, 4
7078, 1
7079, 3
7080, 2
7081, 2
7082, 2
7083, 2
7084, 2
7085, 2
7086, 2
7087, 1
7088, 1
7089, 3
7090, 3
7091, 3
7092, 2
7093, 1
7094, 1
7095, 1
7096, 2
7097, 2
7098, 2
7099, 2
7100, 4
7101, 4
7102, 3
7103, 4
7104, 4
7105, 4
7106, 4
7107, 4
7108, 4
7109, 2
7110, 1
7111, 1
7112, 1
7113, 4
7114, 4
7115, 4
7116, 5
7117, 5
7118, 5
7119, 5
7120, 5
7121, 5
7122, 5
7123, 4
7124, 7
7125, 7
7126, 6
7127, 6
7128, 6
7129, 6
7130, 6
7131, 6
7132, 6
7133, 6
7134, 2
7135, 2
7136, 2
7137, 3
7138, 3
7139, 3
7140, 3
7141, 3
7142, 3
7143, 1
7144, 1
7145, 1
7146, 1
7147, 1
7148, 2
7149, 1
7150, 1
7151, 1
7152, 1
7153, 2
7154, 2
7155, 2
7156, 2
7157, 2
7158, 2
7159, 5
7160, 2
7161, 2
7162, 2
7163, 3
7164, 2
7165, 2
7166, 2
7167, 2
7168, 3
7169, 2
7170, 2
7171, 1
7172, 1
7173, 1
7174, 1
7175, 1
7176, 1
7177, 2
7178, 2
7179, 2
7180, 2
7181, 3
7182, 5
7183, 5
7184, 5
7185, 5
7186, 4
7187, 4
7188, 4
7189, 4
7190, 3
7191, 4
7192, 3
7193, 3
7194, 3
7195, 3
7196, 3
7197, 3
7198, 5
7199, 5
7200, 5
7201, 5
7202, 5
7203, 5
7204, 4
7205, 3
7206, 3
7207, 4
7208, 4
7209, 4
7210, 4
7211, 2
7212, 2
7213, 2
7214, 2
7215, 2
7216, 2
7217, 2
7218, 1
7219, 4
7220, 3
7221, 4
7222, 4
7223, 4
7224, 3
7225, 3
7226, 5
7227, 5
7228, 6
7229, 6
7230, 6
7231, 4
7232, 3
7233, 3
7234, 2
7235, 2
7236, 4
7237, 4
7238, 5
7239, 5
7240, 2
7241, 2
7242, 2
7243, 2
7244, 3
7245, 3
7246, 4
7247, 2
7248, 2
7249, 2
7250, 3
7251, 7
7252, 4
7253, 5
7254, 5
7255, 5
7256, 4
7257, 4
7258, 3
7259, 8
7260, 8
7261, 7
7262, 5
7263, 4
7264, 6
7265, 6
7266, 3
7267, 2
7268, 2
7269, 2
7270, 2
7271, 2
7272, 2
7273, 2
7274, 3
7275, 3
7276, 3
7277, 2
7278, 2
7279, 9
7280, 5
7281, 5
7282, 2
7283, 2
7284, 3
7285, 2
7286, 6
7287, 6
7288, 4
7289, 4
7290, 4
7291, 3
7292, 3
7293, 3
7294, 4
7295, 5
7296, 5
7297, 5
7298, 5
7299, 5
7300, 5
7301, 5
7302, 5
7303, 3
7304, 3
7305, 3
7306, 4
7307, 4
7308, 4
7309, 3
7310, 3
7311, 4
7312, 7
7313, 7
7314, 6
7315, 3
7316, 3
7317, 2
7318, 2
7319, 2
7320, 2
7321, 4
7322, 3
7323, 3
7324, 3
7325, 4
7326, 4
7327, 4
7328, 7
7329, 8
7330, 7
7331, 5
7332, 5
7333, 5
7334, 3
7335, 3
7336, 3
7337, 2
7338, 2
7339, 2
7340, 2
7341, 6
7342, 3
7343, 3
7344, 3
7345, 3
7346, 2
7347, 3
7348, 3
7349, 3
7350, 3
7351, 3
7352, 2
7353, 2
7354, 2
7355, 2
7356, 1
7357, 2
7358, 5
7359, 5
7360, 5
7361, 2
7362, 2
7363, 1
7364, 1
7365, 1
7366, 1
7367, 1
7368, 1
7369, 2
7370, 2
7371, 2
7372, 2
7373, 2
7374, 2
7375, 3
7376, 2
7377, 2
7378, 4
7379, 5
7380, 3
7381, 3
7382, 3
7383, 3
7384, 5
7385, 1
7386, 1
7387, 5
7388, 5
7389, 5
7390, 2
7391, 2
7392, 2
7393, 2
7394, 7
7395, 7
7396, 4
7397, 2
7398, 2
7399, 5
7400, 5
7401, 3
7402, 2
7403, 2
7404, 2
7405, 5
7406, 6
7407, 2
7408, 3
7409, 3
7410, 3
7411, 3
7412, 3
7413, 3
7414, 3
7415, 3
7416, 2
7417, 2
7418, 3
7419, 2
7420, 2
7421, 2
7422, 3
7423, 2
7424, 2
7425, 2
7426, 2
7427, 2
7428, 5
7429, 4
7430, 4
7431, 3
7432, 3
7433, 2
7434, 3
7435, 5
7436, 6
7437, 6
7438, 3
7439, 4
7440, 6
7441, 6
7442, 6
7443, 3
7444, 3
7445, 3
7446, 3
7447, 3
7448, 3
7449, 3
7450, 3
7451, 3
7452, 3
7453, 3
7454, 4
7455, 5
7456, 5
7457, 5
7458, 3
7459, 3
7460, 3
7461, 5
7462, 5
7463, 5
7464, 8
7465, 4
7466, 4
7467, 4
7468, 3
7469, 4
7470, 4
7471, 3
7472, 2
7473, 4
7474, 4
7475, 4
7476, 4
7477, 4
7478, 5
7479, 4
7480, 4
7481, 4
7482, 4
7483, 3
7484, 3
7485, 5
7486, 5
7487, 5
7488, 5
7489, 5
7490, 3
7491, 3
7492, 3
7493, 3
7494, 3
7495, 2
7496, 4
7497, 4
7498, 3
7499, 4
7500, 3
7501, 6
7502, 6
7503, 6
7504, 6
7505, 6
7506, 3
7507, 3
7508, 3
7509, 2
7510, 2
7511, 2
7512, 2
7513, 2
7514, 2
7515, 3
7516, 3
7517, 3
7518, 3
7519, 3
7520, 3
7521, 4
7522, 6
7523, 3
7524, 3
7525, 3
7526, 3
7527, 3
7528, 4
7529, 3
7530, 3
7531, 4
7532, 4
7533, 3
7534, 7
7535, 5
7536, 5
7537, 5
7538, 5
7539, 3
7540, 3
7541, 3
7542, 3
7543, 2
7544, 2
7545, 3
7546, 3
7547, 3
7548, 2
7549, 2
7550, 2
7551, 1
7552, 1
7553, 1
7554, 5
7555, 4
7556, 2
7557, 2
7558, 2
7559, 3
7560, 3
7561, 3
7562, 3
7563, 3
7564, 4
7565, 4
7566, 1
7567, 2
7568, 2
7569, 1
7570, 4
7571, 4
7572, 4
7573, 4
7574, 4
7575, 6
7576, 6
7577, 4
7578, 5
7579, 4
7580, 6
7581, 6
7582, 6
7583, 5
7584, 6
7585, 6
7586, 4
7587, 4
7588, 1
7589, 1
7590, 1
7591, 1
7592, 1
7593, 1
7594, 1
7595, 2
7596, 2
7597, 2
7598, 1
7599, 5
7600, 3
7601, 4
7602, 4
7603, 5
7604, 3
7605, 3
7606, 3
7607, 3
7608, 5
7609, 5
7610, 5
7611, 4
7612, 5
7613, 5
7614, 3
7615, 3
7616, 4
7617, 5
7618, 2
7619, 2
7620, 4
7621, 5
7622, 5
7623, 4
7624, 2
7625, 2
7626, 3
7627, 3
7628, 3
7629, 2
7630, 1
7631, 3
7632, 2
7633, 2
7634, 2
7635, 4
7636, 7
7637, 6
7638, 6
7639, 6
7640, 4
7641, 4
7642, 3
7643, 4
7644, 4
7645, 4
7646, 4
7647, 2
7648, 3
7649, 6
7650, 6
7651, 4
7652, 4
7653, 4
7654, 4
7655, 6
7656, 6
7657, 6
7658, 6
7659, 2
7660, 2
7661, 2
7662, 2
7663, 6
7664, 2
7665, 2
7666, 2
7667, 4
7668, 4
7669, 3
7670, 3
7671, 3
7672, 2
7673, 2
7674, 2
7675, 1
7676, 3
7677, 3
7678, 6
7679, 6
7680, 6
7681, 5
7682, 3
7683, 5
7684, 5
7685, 4
7686, 2
7687, 1
7688, 1
7689, 1
7690, 1
7691, 1
7692, 1
7693, 1
7694, 1
7695, 3
7696, 3
7697, 3
7698, 3
7699, 3
7700, 2
7701, 1
7702, 1
7703, 2
7704, 2
7705, 2
7706, 1
7707, 1
7708, 1
7709, 2
7710, 3
7711, 3
7712, 3
7713, 3
7714, 2
7715, 2
7716, 4
7717, 7
7718, 5
7719, 5
7720, 5
7721, 5
7722, 3
7723, 3
7724, 5
7725, 5
7726, 2
7727, 4
7728, 4
7729, 4
7730, 4
7731, 4
7732, 5
7733, 5
7734, 5
7735, 5
7736, 1
7737, 1
7738, 1
7739, 1
7740, 1
7741, 1
7742, 2
7743, 2
7744, 3
7745, 5
7746, 5
7747, 5
7748, 5
7749, 5
7750, 5
7751, 5
7752, 4
7753, 4
7754, 4
7755, 1
7756, 1
7757, 4
7758, 4
7759, 5
7760, 5
7761, 5
7762, 7
7763, 5
7764, 4
7765, 4
7766, 4
7767, 6
7768, 6
7769, 5
7770, 5
7771, 6
7772, 8
7773, 3
7774, 2
7775, 2
7776, 3
7777, 2
7778, 2
7779, 2
7780, 2
7781, 5
7782, 5
7783, 7
7784, 7
7785, 7
7786, 7
7787, 7
7788, 6
7789, 5
7790, 4
7791, 4
7792, 3
7793, 3
7794, 3
7795, 3
7796, 4
7797, 4
7798, 4
7799, 4
7800, 6
7801, 6
7802, 6
7803, 4
7804, 4
7805, 5
7806, 5
7807, 4
7808, 3
7809, 3
7810, 3
7811, 4
7812, 4
7813, 5
7814, 2
7815, 2
7816, 3
7817, 1
7818, 2
7819, 5
7820, 5
7821, 5
7822, 2
7823, 2
7824, 2
7825, 2
7826, 2
7827, 2
7828, 2
7829, 3
7830, 3
7831, 3
7832, 3
7833, 6
7834, 5
7835, 5
7836, 5
7837, 3
7838, 3
7839, 5
7840, 7
7841, 7
7842, 6
7843, 4
7844, 3
7845, 3
7846, 4
7847, 3
7848, 3
7849, 3
7850, 3
7851, 3
7852, 3
7853, 5
7854, 5
7855, 5
7856, 3
7857, 4
7858, 4
7859, 4
7860, 4
7861, 2
7862, 2
7863, 1
7864, 1
7865, 2
7866, 2
7867, 1
7868, 2
7869, 2
7870, 3
7871, 3
7872, 3
7873, 3
7874, 3
7875, 3
7876, 3
7877, 2
7878, 2
7879, 2
7880, 1
7881, 4
7882, 4
7883, 4
7884, 4
7885, 4
7886, 1
7887, 1
7888, 2
7889, 3
7890, 2
7891, 2
7892, 1
7893, 2
7894, 3
7895, 5
7896, 4
7897, 4
7898, 4
7899, 4
7900, 3
7901, 3
7902, 3
7903, 3
7904, 3
7905, 3
7906, 3
7907, 4
7908, 3
7909, 4
7910, 6
7911, 6
7912, 6
7913, 6
7914, 2
7915, 2
7916, 2
7917, 2
7918, 2
7919, 2
7920, 2
7921, 2
7922, 2
7923, 1
7924, 1
7925, 1
7926, 1
7927, 1
7928, 2
7929, 3
7930, 3
7931, 3
7932, 3
7933, 3
7934, 2
7935, 1
7936, 1
7937, 1
7938, 1
7939, 2
7940, 1
7941, 2
7942, 2
7943, 2
7944, 2
7945, 3
7946, 3
7947, 4
7948, 4
7949, 3
7950, 3
7951, 3
7952, 3
7953, 1
7954, 1
7955, 3
7956, 5
7957, 3
7958, 3
7959, 2
7960, 2
7961, 2
7962, 1
7963, 2
7964, 2
7965, 2
7966, 2
7967, 1
7968, 3
7969, 6
7970, 6
7971, 5
7972, 5
7973, 5
7974, 5
7975, 5
7976, 4
7977, 4
7978, 2
7979, 2
7980, 2
7981, 5
7982, 3
7983, 3
7984, 4
7985, 5
7986, 5
7987, 3
7988, 4
7989, 4
7990, 1
7991, 1
7992, 2
7993, 3
7994, 4
7995, 4
7996, 3
7997, 3
7998, 3
7999, 3
8000, 4
8001, 5
8002, 5
8003, 1
8004, 4
8005, 6
8006, 6
8007, 3
8008, 2
8009, 2
8010, 2
8011, 1
8012, 2
8013, 4
8014, 4
8015, 4
8016, 4
8017, 3
8018, 1
8019, 1
8020, 1
8021, 1
8022, 4
8023, 4
8024, 7
8025, 8
8026, 3
8027, 1
8028, 2
8029, 1
8030, 1
8031, 1
8032, 1
8033, 1
8034, 2
8035, 2
8036, 2
8037, 4
8038, 4
8039, 5
8040, 5
8041, 4
8042, 4
8043, 6
8044, 6
8045, 2
8046, 2
8047, 2
8048, 2
8049, 3
8050, 2
8051, 2
8052, 2
8053, 2
8054, 4
8055, 4
8056, 4
8057, 1
8058, 1
8059, 1
8060, 1
8061, 1
8062, 4
8063, 5
8064, 6
8065, 6
8066, 6
8067, 5
8068, 5
8069, 4
8070, 4
8071, 5
8072, 5
8073, 4
8074, 4
8075, 3
8076, 4
8077, 7
8078, 4
8079, 4
8080, 3
8081, 3
8082, 5
8083, 5
8084, 5
8085, 4
8086, 4
8087, 6
8088, 6
8089, 5
8090, 4
8091, 4
8092, 4
8093, 3
8094, 3
8095, 7
8096, 7
8097, 7
8098, 4
8099, 3
8100, 3
8101, 3
8102, 5
8103, 5
8104, 5
8105, 5
8106, 6
8107, 6
8108, 2
8109, 3
8110, 3
8111, 3
8112, 2
8113, 1
8114, 3
8115, 5
8116, 5
8117, 5
8118, 4
8119, 4
8120, 4
8121, 4
8122, 5
8123, 4
8124, 4
8125, 4
8126, 4
8127, 4
8128, 4
8129, 4
8130, 4
8131, 3
8132, 3
8133, 3
8134, 8
8135, 5
8136, 5
8137, 5
8138, 5
8139, 5
8140, 7
8141, 6
8142, 6
8143, 4
8144, 5
8145, 6
8146, 6
8147, 6
8148, 3
8149, 3
8150, 4
8151, 4
8152, 6
8153, 6
8154, 3
8155, 3
8156, 2
8157, 4
8158, 4
8159, 4
8160, 2
8161, 3
8162, 1
8163, 2
8164, 2
8165, 1
8166, 2
8167, 5
8168, 5
8169, 5
8170, 3
8171, 5
8172, 6
8173, 4
8174, 4
8175, 3
8176, 3
8177, 2
8178, 2
8179, 6
8180, 4
8181, 4
8182, 4
8183, 3
8184, 3
8185, 3
8186, 3
8187, 3
8188, 2
8189, 5
8190, 5
8191, 5
8192, 4
8193, 4
8194, 4
8195, 4
8196, 5
8197, 3
8198, 3
8199, 3
8200, 4
8201, 4
8202, 4
8203, 4
8204, 2
8205, 4
8206, 2
8207, 3
8208, 2
8209, 2
8210, 2
8211, 3
8212, 3
8213, 3
8214, 3
8215, 3
8216, 4
8217, 4
8218, 4
8219, 4
8220, 4
8221, 4
8222, 4
8223, 4
8224, 4
8225, 4
8226, 2
8227, 2
8228, 2
8229, 2
8230, 5
8231, 5
8232, 3
8233, 5
8234, 5
8235, 2
8236, 6
8237, 6
8238, 3
8239, 3
8240, 3
8241, 3
8242, 2
8243, 1
8244, 1
8245, 4
8246, 2
8247, 4
8248, 4
8249, 4
8250, 4
8251, 3
8252, 3
8253, 4
8254, 4
8255, 4
8256, 4
8257, 4
8258, 5
8259, 5
8260, 7
8261, 4
8262, 3
8263, 2
8264, 2
8265, 6
8266, 6
8267, 5
8268, 8
8269, 4
8270, 5
8271, 4
8272, 4
8273, 4
8274, 4
8275, 4
8276, 5
8277, 4
8278, 4
8279, 4
8280, 4
8281, 4
8282, 3
8283, 3
8284, 3
8285, 4
8286, 4
8287, 4
8288, 4
8289, 5
8290, 5
8291, 5
8292, 5
8293, 5
8294, 5
8295, 5
8296, 4
8297, 2
8298, 3
8299, 3
8300, 3
8301, 3
8302, 4
8303, 3
8304, 3
8305, 3
8306, 3
8307, 3
8308, 4
8309, 2
8310, 3
8311, 5
8312, 5
8313, 7
8314, 5
8315, 3
8316, 3
8317, 3
8318, 4
8319, 4
8320, 4
8321, 2
8322, 2
8323, 2
8324, 2
8325, 2
8326, 2
8327, 3
8328, 3
8329, 2
8330, 2
8331, 2
8332, 2
8333, 2
8334, 2
8335, 2
8336, 2
8337, 2
8338, 3
8339, 4
8340, 3
8341, 4
8342, 4
8343, 4
8344, 4
8345, 3
8346, 3
8347, 3
8348, 3
8349, 3
8350, 3
8351, 3
8352, 2
8353, 7
8354, 6
8355, 4
8356, 4
8357, 3
8358, 3
8359, 4
8360, 5
8361, 5
8362, 5
8363, 5
8364, 5
8365, 3
8366, 5
8367, 6
8368, 6
8369, 6
8370, 4
8371, 3
8372, 3
8373, 3
8374, 4
8375, 3
8376, 3
8377, 1
8378, 1
8379, 4
8380, 4
8381, 4
8382, 4
8383, 4
8384, 4
8385, 4
8386, 4
8387, 4
8388, 4
8389, 4
8390, 4
8391, 3
8392, 2
8393, 2
8394, 1
8395, 2
8396, 2
8397, 2
8398, 2
8399, 1
8400, 1
8401, 2
8402, 5
8403, 7
8404, 5
8405, 3
8406, 3
8407, 3
8408, 3
8409, 2
8410, 2
8411, 2
8412, 2
8413, 2
8414, 2
8415, 2
8416, 2
8417, 2
8418, 2
8419, 2
8420, 2
8421, 2
8422, 1
8423, 3
8424, 3
8425, 4
8426, 4
8427, 3
8428, 1
8429, 1
8430, 3
8431, 3
8432, 3
8433, 3
8434, 3
8435, 7
8436, 5
8437, 5
8438, 4
8439, 6
8440, 2
8441, 2
8442, 3
8443, 3
8444, 3
8445, 3
8446, 3
8447, 2
8448, 3
8449, 2
8450, 3
8451, 2
8452, 2
8453, 5
8454, 5
8455, 4
8456, 7
8457, 4
8458, 4
8459, 3
8460, 3
8461, 3
8462, 3
8463, 5
8464, 4
8465, 3
8466, 3
8467, 3
8468, 1
8469, 3
8470, 3
8471, 2
8472, 4
8473, 4
8474, 4
8475, 4
8476, 4
8477, 4
8478, 6
8479, 6
8480, 6
8481, 6
8482, 5
8483, 5
8484, 5
8485, 5
8486, 3
8487, 4
8488, 3
8489, 4
8490, 2
8491, 3
8492, 3
8493, 2
8494, 1
8495, 1
8496, 3
8497, 6
8498, 5
8499, 3
8500, 2
8501, 2
8502, 2
8503, 2
8504, 2
8505, 2
8506, 2
8507, 4
8508, 4
8509, 4
8510, 7
8511, 6
8512, 6
8513, 4
8514, 4
8515, 4
8516, 3
8517, 3
8518, 6
8519, 2
8520, 4
8521, 4
8522, 4
8523, 1
8524, 3
8525, 3
8526, 3
8527, 3
8528, 3
8529, 3
8530, 3
8531, 4
8532, 4
8533, 4
8534, 2
8535, 2
8536, 5
8537, 6
8538, 6
8539, 5
8540, 3
8541, 3
8542, 3
8543, 3
8544, 3
8545, 3
8546, 4
8547, 4
8548, 3
8549, 4
8550, 3
8551, 3
8552, 3
8553, 3
8554, 3
8555, 3
8556, 2
8557, 2
8558, 2
8559, 2
8560, 5
8561, 1
8562, 1
8563, 1
8564, 5
8565, 5
8566, 4
8567, 4
8568, 4
8569, 3
8570, 3
8571, 2
8572, 2
8573, 2
8574, 1
8575, 1
8576, 2
8577, 5
8578, 5
8579, 5
8580, 5
8581, 6
8582, 6
8583, 6
8584, 6
8585, 6
8586, 7
8587, 3
8588, 3
8589, 4
8590, 4
8591, 4
8592, 4
8593, 4
8594, 4
8595, 4
8596, 2
8597, 2
8598, 3
8599, 2
8600, 2
8601, 2
8602, 6
8603, 3
8604, 3
8605, 3
8606, 2
8607, 2
8608, 2
8609, 5
8610, 5
8611, 5
8612, 5
8613, 5
8614, 5
8615, 5
8616, 3
8617, 3
8618, 3
8619, 6
8620, 5
8621, 5
8622, 5
8623, 5
8624, 5
8625, 5
8626, 5
8627, 3
8628, 4
8629, 6
8630, 4
8631, 4
8632, 5
8633, 5
8634, 4
8635, 5
8636, 6
8637, 6
8638, 6
8639, 7
8640, 7
8641, 7
8642, 8
8643, 5
8644, 5
8645, 4
8646, 4
8647, 3
8648, 3
8649, 3
8650, 3
8651, 3
8652, 3
8653, 3
8654, 3
8655, 3
8656, 2
8657, 3
8658, 5
8659, 5
8660, 5
8661, 5
8662, 5
8663, 5
8664, 3
8665, 3
8666, 4
8667, 5
8668, 5
8669, 5
8670, 4
8671, 5
8672, 5
8673, 3
8674, 3
8675, 3
8676, 3
8677, 4
8678, 4
8679, 4
8680, 2
8681, 2
8682, 5
8683, 3
8684, 2
8685, 2
8686, 1
8687, 1
8688, 1
8689, 2
8690, 2
8691, 7
8692, 8
8693, 8
8694, 8
8695, 7
8696, 9
8697, 9
8698, 8
8699, 8
8700, 3
8701, 4
8702, 4
8703, 4
8704, 4
8705, 4
8706, 4
8707, 5
8708, 5
8709, 5
8710, 4
8711, 4
8712, 4
8713, 4
8714, 3
8715, 3
8716, 8
8717, 8
8718, 8
8719, 5
8720, 5
8721, 3
8722, 2
8723, 2
8724, 2
8725, 2
8726, 2
8727, 2
8728, 1
8729, 2
8730, 2
8731, 2
8732, 2
8733, 2
8734, 2
8735, 2
8736, 2
8737, 2
8738, 2
8739, 2
8740, 2
8741, 2
8742, 2
8743, 3
8744, 3
8745, 4
8746, 2
8747, 4
8748, 4
8749, 4
8750, 4
8751, 4
8752, 4
8753, 4
8754, 5
8755, 5
8756, 3
8757, 2
8758, 2
8759, 3
8760, 3
8761, 3
8762, 3
8763, 3
8764, 3
8765, 5
8766, 5
8767, 3
8768, 3
8769, 3
8770, 3
8771, 3
8772, 3
8773, 3
8774, 3
8775, 3
8776, 3
8777, 3
8778, 2
8779, 2
8780, 2
8781, 3
8782, 2
8783, 2
8784, 2
8785, 2
8786, 2
8787, 2
8788, 5
8789, 3
8790, 5
8791, 5
8792, 5
8793, 3
8794, 3
8795, 6
8796, 5
8797, 5
8798, 4
8799, 5
8800, 4
8801, 5
8802, 5
8803, 5
8804, 4
8805, 4
8806, 4
8807, 3
8808, 3
8809, 3
8810, 3
8811, 3
8812, 3
8813, 1
8814, 1
8815, 1
8816, 1
8817, 1
8818, 1
8819, 1
8820, 5
8821, 4
8822, 4
8823, 4
8824, 4
8825, 4
8826, 4
8827, 2
8828, 2
8829, 4
8830, 4
8831, 4
8832, 3
8833, 3
8834, 4
8835, 4
8836, 4
8837, 4
8838, 3
8839, 3
8840, 3
8841, 3
8842, 2
8843, 2
8844, 2
8845, 2
8846, 3
8847, 3
8848, 2
8849, 4
8850, 5
8851, 5
8852, 4
8853, 4
8854, 5
8855, 5
8856, 4
8857, 5
8858, 5
8859, 5
8860, 4
8861, 4
8862, 4
8863, 4
8864, 4
8865, 4
8866, 4
8867, 3
8868, 3
8869, 3
8870, 4
8871, 4
8872, 4
8873, 4
8874, 5
8875, 3
8876, 3
8877, 3
8878, 3
8879, 4
8880, 4
8881, 5
8882, 5
8883, 4
8884, 4
8885, 6
8886, 6
8887, 6
8888, 5
8889, 5
8890, 2
8891, 2
8892, 3
8893, 3
8894, 3
8895, 3
8896, 2
8897, 4
8898, 4
8899, 4
8900, 4
8901, 5
8902, 2
8903, 2
8904, 2
8905, 2
8906, 2
8907, 5
8908, 5
8909, 5
8910, 6
8911, 3
8912, 3
8913, 3
8914, 2
8915, 2
8916, 3
8917, 4
8918, 5
8919, 5
8920, 5
8921, 5
8922, 6
8923, 4
8924, 7
8925, 6
8926, 4
8927, 4
8928, 4
8929, 3
8930, 4
8931, 2
8932, 2
8933, 2
8934, 2
8935, 3
8936, 4
8937, 2
8938, 2
8939, 2
8940, 2
8941, 4
8942, 4
8943, 4
8944, 4
8945, 4
8946, 5
8947, 5
8948, 4
8949, 4
8950, 4
8951, 4
8952, 2
8953, 2
8954, 2
8955, 2
8956, 2
8957, 2
8958, 3
8959, 3
8960, 5
8961, 5
8962, 5
8963, 5
8964, 5
8965, 5
8966, 3
8967, 4
8968, 5
8969, 3
8970, 3
8971, 3
8972, 3
8973, 5
8974, 6
8975, 5
8976, 3
8977, 3
8978, 3
8979, 6
8980, 6
8981, 5
8982, 8
8983, 3
8984, 3
8985, 3
8986, 4
8987, 5
8988, 4
8989, 4
8990, 4
8991, 4
8992, 3
8993, 3
8994, 3
8995, 2
8996, 1
8997, 4
8998, 3
8999, 3
9000, 3
9001, 3
9002, 3
9003, 3
9004, 3
9005, 2
9006, 1
9007, 1
9008, 1
9009, 1
9010, 1
9011, 1
9012, 1
9013, 1
9014, 1
9015, 1
9016, 2
9017, 2
9018, 2
9019, 3
9020, 3
9021, 3
9022, 2
9023, 4
9024, 3
9025, 3
9026, 5
9027, 3
9028, 3
9029, 3
9030, 2
9031, 2
9032, 2
9033, 3
9034, 3
9035, 3
9036, 3
9037, 3
9038, 5
9039, 5
9040, 5
9041, 5
9042, 8
9043, 5
9044, 2
9045, 2
9046, 3
9047, 3
9048, 3
9049, 4
9050, 4
9051, 4
9052, 4
9053, 5
9054, 5
9055, 7
9056, 7
9057, 3
9058, 4
9059, 4
9060, 4
9061, 4
9062, 4
9063, 3
9064, 2
9065, 4
9066, 4
9067, 8
9068, 8
9069, 4
9070, 2
9071, 4
9072, 4
9073, 4
9074, 4
9075, 4
9076, 4
9077, 4
9078, 4
9079, 4
9080, 4
9081, 4
9082, 6
9083, 5
9084, 4
9085, 2
9086, 2
9087, 2
9088, 1
9089, 1
9090, 1
9091, 1
9092, 1
9093, 1
9094, 1
9095, 1
9096, 1
9097, 1
9098, 1
9099, 1
9100, 2
9101, 4
9102, 4
9103, 2
9104, 2
9105, 2
9106, 6
9107, 6
9108, 6
9109, 4
9110, 4
9111, 5
9112, 5
9113, 5
9114, 5
9115, 4
9116, 3
9117, 4
9118, 5
9119, 5
9120, 3
9121, 3
9122, 6
9123, 6
9124, 6
9125, 4
9126, 4
9127, 4
9128, 4
9129, 3
9130, 3
9131, 4
9132, 2
9133, 2
9134, 2
9135, 2
9136, 2
9137, 3
9138, 3
9139, 3
9140, 3
9141, 2
9142, 2
9143, 5
9144, 4
9145, 3
9146, 3
9147, 4
9148, 4
9149, 5
9150, 4
9151, 4
9152, 3
9153, 1
9154, 1
9155, 4
9156, 4
9157, 4
9158, 4
9159, 4
9160, 8
9161, 7
9162, 7
9163, 1
9164, 2
9165, 2
9166, 2
9167, 2
9168, 3
9169, 3
9170, 3
9171, 3
9172, 3
9173, 3
9174, 4
9175, 4
9176, 4
9177, 2
9178, 2
9179, 2
9180, 2
9181, 3
9182, 2
9183, 2
9184, 2
9185, 2
9186, 2
9187, 3
9188, 3
9189, 4
9190, 2
9191, 4
9192, 5
9193, 4
9194, 3
9195, 3
9196, 4
9197, 1
9198, 1
9199, 3
9200, 5
9201, 5
9202, 5
9203, 4
9204, 6
9205, 4
9206, 3
9207, 3
9208, 3
9209, 3
9210, 5
9211, 2
9212, 2
9213, 4
9214, 3
9215, 3
9216, 3
9217, 3
9218, 4
9219, 3
9220, 6
9221, 6
9222, 5
9223, 5
9224, 4
9225, 6
9226, 6
9227, 6
9228, 6
9229, 6
9230, 4
9231, 4
9232, 4
9233, 5
9234, 5
9235, 6
9236, 5
9237, 5
9238, 5
9239, 4
9240, 4
9241, 4
9242, 4
9243, 4
9244, 3
9245, 4
9246, 5
9247, 5
9248, 4
9249, 4
9250, 4
9251, 6
9252, 6
9253, 4
9254, 4
9255, 4
9256, 4
9257, 4
9258, 7
9259, 6
9260, 6
9261, 5
9262, 5
9263, 5
9264, 6
9265, 5
9266, 4
9267, 5
9268, 5
9269, 2
9270, 2
9271, 3
9272, 2
9273, 2
9274, 1
9275, 1
9276, 3
9277, 3
9278, 3
9279, 4
9280, 4
9281, 5
9282, 6
9283, 6
9284, 6
9285, 6
9286, 6
9287, 5
9288, 5
9289, 5
9290, 5
9291, 3
9292, 3
9293, 3
9294, 3
9295, 5
9296, 5
9297, 4
9298, 5
9299, 5
9300, 5
9301, 4
9302, 3
9303, 3
9304, 3
9305, 3
9306, 3
9307, 3
9308, 3
9309, 4
9310, 5
9311, 5
9312, 3
9313, 3
9314, 3
9315, 4
9316, 4
9317, 5
9318, 3
9319, 2
9320, 3
9321, 3
9322, 3
9323, 2
9324, 1
9325, 4
9326, 4
9327, 3
9328, 3
9329, 3
9330, 4
9331, 3
9332, 5
9333, 4
9334, 5
9335, 3
9336, 3
9337, 3
9338, 3
9339, 3
9340, 3
9341, 3
9342, 2
9343, 2
9344, 2
9345, 2
9346, 2
9347, 4
9348, 4
9349, 4
9350, 4
9351, 5
9352, 5
9353, 3
9354, 1
9355, 1
9356, 1
9357, 4
9358, 4
9359, 4
9360, 4
9361, 8
9362, 5
9363, 6
9364, 6
9365, 5
9366, 4
9367, 4
9368, 5
9369, 5
9370, 5
9371, 5
9372, 2
9373, 2
9374, 2
9375, 2
9376, 3
9377, 3
9378, 3
9379, 3
9380, 3
9381, 2
9382, 3
9383, 3
9384, 3
9385, 3
9386, 1
9387, 4
9388, 3
9389, 4
9390, 4
9391, 5
9392, 4
9393, 3
9394, 3
9395, 3
9396, 4
9397, 3
9398, 4
9399, 4
9400, 4
9401, 4
9402, 5
9403, 5
9404, 5
9405, 3
9406, 3
9407, 3
9408, 3
9409, 3
9410, 3
9411, 4
9412, 4
9413, 3
9414, 3
9415, 3
9416, 5
9417, 4
9418, 4
9419, 4
9420, 4
9421, 3
9422, 3
9423, 4
9424, 4
9425, 5
9426, 5
9427, 5
9428, 5
9429, 5
9430, 5
9431, 5
9432, 3
9433, 3
9434, 3
9435, 3
9436, 3
9437, 3
9438, 2
9439, 2
9440, 2
9441, 3
9442, 3
9443, 3
9444, 3
9445, 3
9446, 3
9447, 3
9448, 2
9449, 1
9450, 1
9451, 2
9452, 2
9453, 2
9454, 1
9455, 2
9456, 2
9457, 2
9458, 1
9459, 1
9460, 3
9461, 3
9462, 3
9463, 3
9464, 5
9465, 5
9466, 2
9467, 2
9468, 2
9469, 2
9470, 1
9471, 3
9472, 3
9473, 3
9474, 2
9475, 3
9476, 3
9477, 3
9478, 4
9479, 4
9480, 9
9481, 5
9482, 2
9483, 3
9484, 3
9485, 2
9486, 2
9487, 2
9488, 3
9489, 5
9490, 7
9491, 5
9492, 6
9493, 3
9494, 3
9495, 3
9496, 3
9497, 3
9498, 3
9499, 3
9500, 3
9501, 2
9502, 3
9503, 3
9504, 3
9505, 4
9506, 4
9507, 4
9508, 5
9509, 6
9510, 6
9511, 6
9512, 6
9513, 5
9514, 4
9515, 4
9516, 4
9517, 4
9518, 4
9519, 4
9520, 5
9521, 5
9522, 3
9523, 3
9524, 3
9525, 3
9526, 4
9527, 4
9528, 5
9529, 5
9530, 3
9531, 2
9532, 4
9533, 4
9534, 3
9535, 3
9536, 4
9537, 5
9538, 2
9539, 2
9540, 3
9541, 2
9542, 2
9543, 2
9544, 3
9545, 6
9546, 2
9547, 3
9548, 3
9549, 3
9550, 3
9551, 3
9552, 3
9553, 3
9554, 3
9555, 3
9556, 3
9557, 3
9558, 3
9559, 2
9560, 2
9561, 2
9562, 3
9563, 4
9564, 3
9565, 4
9566, 4
9567, 4
9568, 7
9569, 6
9570, 4
9571, 4
9572, 4
9573, 4
9574, 4
9575, 7
9576, 7
9577, 3
9578, 3
9579, 3
9580, 3
9581, 3
9582, 3
9583, 3
9584, 2
9585, 2
9586, 2
9587, 3
9588, 3
9589, 3
9590, 3
9591, 2
9592, 2
9593, 2
9594, 2
9595, 4
9596, 4
9597, 4
9598, 4
9599, 4
9600, 4
9601, 4
9602, 3
9603, 4
9604, 4
9605, 3
9606, 3
9607, 4
9608, 4
9609, 4
9610, 4
9611, 4
9612, 4
9613, 4
9614, 4
9615, 2
9616, 2
9617, 2
9618, 4
9619, 3
9620, 4
9621, 4
9622, 4
9623, 5
9624, 5
9625, 5
9626, 5
9627, 5
9628, 5
9629, 5
9630, 6
9631, 6
9632, 3
9633, 3
9634, 7
9635, 7
9636, 4
9637, 2
9638, 2
9639, 2
9640, 2
9641, 2
9642, 5
9643, 5
9644, 5
9645, 5
9646, 5
9647, 2
9648, 2
9649, 2
9650, 2
9651, 3
9652, 7
9653, 5
9654, 5
9655, 5
9656, 5
9657, 5
9658, 6
9659, 4
9660, 4
9661, 4
9662, 2
9663, 3
9664, 3
9665, 3
9666, 5
9667, 2
9668, 2
9669, 2
9670, 2
9671, 3
9672, 4
9673, 4
9674, 4
9675, 4
9676, 4
9677, 3
9678, 3
9679, 6
9680, 3
9681, 3
9682, 3
9683, 4
9684, 2
9685, 2
9686, 2
9687, 2
9688, 2
9689, 3
9690, 3
9691, 4
9692, 4
9693, 3
9694, 4
9695, 3
9696, 3
9697, 3
9698, 3
9699, 6
9700, 3
9701, 3
9702, 4
9703, 4
9704, 3
9705, 4
9706, 4
9707, 4
9708, 4
9709, 2
9710, 2
9711, 3
9712, 4
9713, 5
9714, 5
9715, 4
9716, 4
9717, 4
9718, 4
9719, 6
9720, 6
9721, 6
9722, 7
9723, 7
9724, 3
9725, 6
9726, 3
9727, 3
9728, 2
9729, 2
9730, 2
9731, 2
9732, 2
9733, 2
9734, 1
9735, 1
9736, 1
9737, 1
9738, 1
9739, 1
9740, 2
9741, 2
9742, 2
9743, 2
9744, 2
9745, 2
9746, 2
9747, 2
9748, 2
9749, 4
9750, 2
9751, 1
9752, 5
9753, 5
9754, 7
9755, 1
9756, 1
9757, 1
9758, 1
9759, 1
9760, 1
9761, 1
9762, 1
9763, 1
9764, 2
9765, 2
9766, 2
9767, 2
9768, 2
9769, 2
9770, 2
9771, 3
9772, 2
9773, 2
9774, 2
9775, 2
9776, 2
9777, 2
9778, 3
9779, 5
9780, 5
9781, 5
9782, 5
9783, 1
9784, 3
9785, 3
9786, 2
9787, 5
9788, 5
9789, 4
9790, 3
9791, 1
9792, 1
9793, 1
9794, 1
9795, 2
9796, 2
9797, 2
9798, 2
9799, 2
9800, 3
9801, 3
9802, 5
9803, 2
9804, 5
9805, 3
9806, 3
9807, 3
9808, 6
9809, 6
9810, 6
9811, 6
9812, 4
9813, 4
9814, 3
9815, 3
9816, 4
9817, 5
9818, 5
9819, 6
9820, 9
9821, 7
9822, 7
9823, 2
9824, 4
9825, 4
9826, 4
9827, 4
9828, 4
9829, 4
9830, 8
9831, 8
9832, 7
9833, 2
9834, 2
9835, 4
9836, 4
9837, 3
9838, 1
9839, 1
9840, 1
9841, 4
9842, 4
9843, 4
9844, 5
9845, 2
9846, 2
9847, 2
9848, 3
9849, 5
9850, 3
9851, 5
9852, 2
9853, 5
9854, 2
9855, 2
9856, 2
9857, 2
9858, 2
9859, 2
9860, 1
9861, 1
9862, 1
9863, 1
9864, 1
9865, 3
9866, 3
9867, 6
9868, 3
9869, 3
9870, 3
9871, 3
9872, 3
9873, 2
9874, 2
9875, 2
9876, 2
9877, 2
9878, 3
9879, 1
9880, 2
9881, 4
9882, 4
9883, 4
9884, 3
9885, 2
9886, 2
9887, 2
9888, 2
9889, 2
9890, 2
9891, 4
9892, 4
9893, 3
9894, 3
9895, 3
9896, 2
9897, 2
9898, 3
9899, 4
9900, 4
9901, 4
9902, 4
9903, 4
9904, 4
9905, 3
9906, 3
9907, 3
9908, 4
9909, 4
9910, 4
9911, 5
9912, 5
9913, 5
9914, 4
9915, 5
9916, 5
9917, 4
9918, 5
9919, 3
9920, 1
9921, 1
9922, 3
9923, 2
9924, 5
9925, 5
9926, 4
9927, 4
9928, 5
9929, 3
9930, 3
9931, 4
9932, 6
9933, 4
9934, 1
9935, 1
9936, 1
9937, 1
9938, 1
9939, 2
9940, 4
9941, 5
9942, 7
9943, 7
9944, 7
9945, 7
9946, 2
9947, 5
9948, 6
9949, 2
9950, 2
9951, 5
9952, 5
9953, 5
9954, 6
9955, 6
9956, 4
9957, 4
9958, 4
9959, 4
9960, 3
9961, 3
9962, 5
9963, 5
9964, 3
9965, 3
9966, 3
9967, 3
9968, 3
9969, 3
9970, 2
9971, 2
9972, 2
9973, 2
9974, 2
9975, 2
9976, 3
9977, 4
9978, 3
9979, 3
9980, 3
9981, 3
9982, 6
9983, 3
9984, 3
9985, 3
9986, 3
9987, 3
9988, 3
9989, 3
9990, 2
9991, 2
9992, 2
9993, 2
9994, 4
9995, 1
9996, 1
9997, 1
9998, 4
9999, 3
10000, 3
10001, 2
