iter, nrecombs
0, 1
1, 2
2, 1
3, 0
4, 1
5, 3
6, 1
7, 1
8, 0
9, 3
10, 1
11, 0
12, 3
13, 3
14, 2
15, 0
16, 5
17, 0
18, 4
19, 2
20, 0
21, 1
22, 2
23, 1
24, 4
25, 2
26, 5
27, 6
28, 3
29, 2
30, 4
31, 2
32, 3
33, 5
34, 3
35, 0
36, 3
37, 2
38, 4
39, 2
40, 6
41, 2
42, 4
43, 3
44, 2
45, 1
46, 5
47, 3
48, 3
49, 2
50, 2
51, 4
52, 5
53, 2
54, 2
55, 6
56, 5
57, 3
58, 4
59, 2
60, 2
61, 2
62, 2
63, 3
64, 5
65, 6
66, 4
67, 0
68, 5
69, 0
70, 5
71, 2
72, 3
73, 4
74, 4
75, 4
76, 2
77, 3
78, 5
79, 3
80, 3
81, 3
82, 3
83, 2
84, 3
85, 2
86, 3
87, 1
88, 4
89, 2
90, 2
91, 2
92, 2
93, 3
94, 4
95, 2
96, 8
97, 1
98, 3
99, 3
100, 4
101, 2
102, 4
103, 6
104, 4
105, 5
106, 5
107, 4
108, 5
109, 2
110, 2
111, 4
112, 2
113, 5
114, 3
115, 6
116, 4
117, 5
118, 3
119, 5
120, 5
121, 2
122, 3
123, 2
124, 4
125, 1
126, 5
127, 1
128, 3
129, 2
130, 4
131, 2
132, 8
133, 2
134, 4
135, 5
136, 5
137, 4
138, 10
139, 3
140, 5
141, 3
142, 4
143, 3
144, 7
145, 3
146, 3
147, 1
148, 2
149, 4
150, 3
151, 4
152, 4
153, 4
154, 2
155, 3
156, 6
157, 4
158, 3
159, 3
160, 3
161, 2
162, 5
163, 1
164, 4
165, 3
166, 6
167, 3
168, 3
169, 3
170, 6
171, 2
172, 3
173, 2
174, 2
175, 3
176, 2
177, 2
178, 5
179, 4
180, 2
181, 2
182, 5
183, 3
184, 3
185, 2
186, 4
187, 2
188, 4
189, 3
190, 6
191, 3
192, 2
193, 2
194, 3
195, 3
196, 4
197, 4
198, 4
199, 2
200, 3
201, 3
202, 2
203, 3
204, 1
205, 4
206, 3
207, 4
208, 3
209, 3
210, 3
211, 2
212, 7
213, 3
214, 2
215, 4
216, 2
217, 4
218, 5
219, 3
220, 4
221, 5
222, 3
223, 6
224, 6
225, 1
226, 2
227, 2
228, 6
229, 2
230, 2
231, 2
232, 5
233, 5
234, 4
235, 4
236, 6
237, 4
238, 4
239, 2
240, 3
241, 4
242, 4
243, 3
244, 4
245, 5
246, 7
247, 5
248, 6
249, 3
250, 4
251, 3
252, 4
253, 4
254, 4
255, 3
256, 4
257, 5
258, 2
259, 4
260, 6
261, 3
262, 7
263, 5
264, 4
265, 4
266, 7
267, 3
268, 6
269, 5
270, 4
271, 4
272, 4
273, 5
274, 4
275, 4
276, 2
277, 3
278, 3
279, 2
280, 4
281, 4
282, 6
283, 4
284, 5
285, 6
286, 4
287, 4
288, 5
289, 3
290, 3
291, 7
292, 5
293, 2
294, 3
295, 4
296, 3
297, 3
298, 5
299, 4
300, 4
301, 5
302, 4
303, 3
304, 5
305, 2
306, 4
307, 2
308, 2
309, 5
310, 3
311, 2
312, 3
313, 2
314, 1
315, 2
316, 2
317, 6
318, 5
319, 5
320, 4
321, 2
322, 2
323, 5
324, 6
325, 5
326, 6
327, 3
328, 2
329, 3
330, 4
331, 6
332, 4
333, 1
334, 4
335, 4
336, 4
337, 2
338, 2
339, 7
340, 3
341, 3
342, 2
343, 2
344, 2
345, 4
346, 6
347, 2
348, 5
349, 8
350, 4
351, 5
352, 3
353, 2
354, 4
355, 2
356, 2
357, 4
358, 5
359, 2
360, 4
361, 1
362, 3
363, 1
364, 4
365, 4
366, 4
367, 2
368, 5
369, 1
370, 1
371, 6
372, 1
373, 9
374, 2
375, 9
376, 5
377, 5
378, 1
379, 5
380, 3
381, 3
382, 4
383, 4
384, 2
385, 5
386, 3
387, 4
388, 3
389, 3
390, 3
391, 3
392, 2
393, 6
394, 3
395, 5
396, 3
397, 4
398, 3
399, 6
400, 3
401, 2
402, 5
403, 3
404, 4
405, 3
406, 3
407, 3
408, 2
409, 5
410, 3
411, 4
412, 5
413, 4
414, 4
415, 4
416, 3
417, 5
418, 2
419, 3
420, 4
421, 4
422, 3
423, 5
424, 2
425, 4
426, 4
427, 4
428, 3
429, 3
430, 2
431, 3
432, 3
433, 2
434, 2
435, 3
436, 3
437, 4
438, 6
439, 3
440, 2
441, 5
442, 6
443, 4
444, 2
445, 4
446, 1
447, 4
448, 6
449, 3
450, 6
451, 4
452, 1
453, 3
454, 4
455, 4
456, 4
457, 5
458, 3
459, 5
460, 9
461, 5
462, 3
463, 5
464, 3
465, 3
466, 1
467, 4
468, 3
469, 5
470, 3
471, 3
472, 5
473, 1
474, 4
475, 3
476, 4
477, 5
478, 5
479, 3
480, 8
481, 3
482, 3
483, 5
484, 3
485, 4
486, 5
487, 4
488, 5
489, 4
490, 7
491, 1
492, 2
493, 6
494, 3
495, 4
496, 3
497, 7
498, 5
499, 8
500, 5
501, 2
502, 6
503, 7
504, 5
505, 3
506, 5
507, 3
508, 3
509, 4
510, 2
511, 1
512, 1
513, 6
514, 1
515, 3
516, 5
517, 4
518, 2
519, 3
520, 4
521, 3
522, 2
523, 3
524, 4
525, 2
526, 5
527, 2
528, 3
529, 3
530, 3
531, 3
532, 3
533, 7
534, 9
535, 4
536, 3
537, 4
538, 1
539, 2
540, 4
541, 8
542, 4
543, 3
544, 3
545, 7
546, 4
547, 3
548, 4
549, 4
550, 3
551, 6
552, 3
553, 4
554, 6
555, 5
556, 4
557, 2
558, 3
559, 2
560, 4
561, 2
562, 1
563, 4
564, 5
565, 3
566, 5
567, 3
568, 6
569, 3
570, 4
571, 3
572, 2
573, 4
574, 4
575, 1
576, 2
577, 3
578, 2
579, 5
580, 4
581, 5
582, 2
583, 4
584, 2
585, 5
586, 2
587, 4
588, 1
589, 5
590, 2
591, 6
592, 5
593, 4
594, 4
595, 2
596, 1
597, 5
598, 8
599, 6
600, 1
601, 6
602, 2
603, 6
604, 8
605, 5
606, 5
607, 4
608, 7
609, 5
610, 4
611, 4
612, 3
613, 7
614, 4
615, 4
616, 2
617, 7
618, 3
619, 3
620, 6
621, 3
622, 3
623, 4
624, 3
625, 6
626, 3
627, 1
628, 3
629, 2
630, 7
631, 9
632, 3
633, 6
634, 2
635, 3
636, 2
637, 6
638, 4
639, 2
640, 2
641, 6
642, 3
643, 3
644, 4
645, 4
646, 4
647, 3
648, 2
649, 4
650, 3
651, 4
652, 3
653, 5
654, 6
655, 2
656, 3
657, 2
658, 2
659, 2
660, 3
661, 2
662, 1
663, 4
664, 5
665, 5
666, 4
667, 4
668, 6
669, 5
670, 4
671, 4
672, 4
673, 3
674, 5
675, 2
676, 5
677, 1
678, 5
679, 2
680, 3
681, 2
682, 2
683, 3
684, 5
685, 4
686, 5
687, 1
688, 1
689, 5
690, 8
691, 3
692, 4
693, 8
694, 2
695, 5
696, 3
697, 3
698, 5
699, 2
700, 5
701, 3
702, 3
703, 9
704, 8
705, 2
706, 1
707, 4
708, 3
709, 3
710, 5
711, 2
712, 2
713, 4
714, 4
715, 4
716, 3
717, 4
718, 5
719, 1
720, 3
721, 1
722, 3
723, 5
724, 1
725, 3
726, 1
727, 6
728, 3
729, 5
730, 3
731, 6
732, 3
733, 5
734, 4
735, 6
736, 4
737, 3
738, 3
739, 3
740, 4
741, 3
742, 4
743, 5
744, 4
745, 5
746, 3
747, 1
748, 3
749, 4
750, 9
751, 3
752, 2
753, 3
754, 3
755, 3
756, 3
757, 4
758, 4
759, 3
760, 5
761, 2
762, 3
763, 3
764, 4
765, 5
766, 4
767, 5
768, 6
769, 6
770, 4
771, 4
772, 1
773, 2
774, 7
775, 3
776, 5
777, 1
778, 5
779, 1
780, 2
781, 7
782, 7
783, 3
784, 2
785, 5
786, 4
787, 3
788, 3
789, 3
790, 2
791, 2
792, 4
793, 2
794, 4
795, 2
796, 5
797, 5
798, 2
799, 5
800, 6
801, 3
802, 3
803, 1
804, 2
805, 3
806, 2
807, 3
808, 4
809, 1
810, 4
811, 5
812, 4
813, 3
814, 7
815, 1
816, 4
817, 3
818, 6
819, 3
820, 6
821, 1
822, 4
823, 2
824, 4
825, 4
826, 4
827, 5
828, 2
829, 3
830, 4
831, 5
832, 6
833, 3
834, 3
835, 3
836, 1
837, 3
838, 4
839, 4
840, 5
841, 5
842, 4
843, 5
844, 5
845, 3
846, 5
847, 5
848, 3
849, 9
850, 5
851, 2
852, 4
853, 2
854, 6
855, 3
856, 3
857, 1
858, 3
859, 3
860, 4
861, 2
862, 2
863, 5
864, 4
865, 2
866, 3
867, 3
868, 3
869, 2
870, 3
871, 3
872, 4
873, 3
874, 3
875, 3
876, 3
877, 6
878, 5
879, 2
880, 5
881, 3
882, 3
883, 5
884, 4
885, 5
886, 2
887, 8
888, 2
889, 6
890, 2
891, 8
892, 4
893, 4
894, 2
895, 3
896, 2
897, 8
898, 3
899, 7
900, 6
901, 4
902, 5
903, 4
904, 5
905, 5
906, 3
907, 4
908, 3
909, 2
910, 5
911, 4
912, 4
913, 3
914, 3
915, 4
916, 5
917, 2
918, 4
919, 3
920, 5
921, 2
922, 3
923, 4
924, 5
925, 5
926, 5
927, 3
928, 5
929, 7
930, 3
931, 4
932, 6
933, 3
934, 4
935, 5
936, 4
937, 5
938, 4
939, 8
940, 3
941, 2
942, 7
943, 2
944, 2
945, 4
946, 8
947, 4
948, 3
949, 4
950, 4
951, 5
952, 3
953, 4
954, 2
955, 4
956, 2
957, 6
958, 4
959, 5
960, 2
961, 6
962, 2
963, 3
964, 3
965, 5
966, 7
967, 4
968, 3
969, 3
970, 5
971, 4
972, 2
973, 3
974, 8
975, 3
976, 4
977, 3
978, 5
979, 5
980, 5
981, 3
982, 1
983, 3
984, 5
985, 2
986, 2
987, 2
988, 3
989, 8
990, 3
991, 3
992, 4
993, 6
994, 6
995, 3
996, 4
997, 6
998, 4
999, 4
1000, 5
1001, 3
1002, 4
1003, 2
1004, 4
1005, 4
1006, 5
1007, 7
1008, 6
1009, 3
1010, 3
1011, 3
1012, 4
1013, 3
1014, 6
1015, 3
1016, 5
1017, 2
1018, 3
1019, 4
1020, 4
1021, 2
1022, 4
1023, 3
1024, 3
1025, 3
1026, 3
1027, 3
1028, 2
1029, 2
1030, 5
1031, 3
1032, 5
1033, 4
1034, 5
1035, 3
1036, 3
1037, 3
1038, 5
1039, 3
1040, 4
1041, 3
1042, 3
1043, 1
1044, 3
1045, 3
1046, 5
1047, 5
1048, 4
1049, 3
1050, 3
1051, 2
1052, 4
1053, 7
1054, 5
1055, 4
1056, 4
1057, 2
1058, 4
1059, 6
1060, 4
1061, 4
1062, 3
1063, 6
1064, 6
1065, 4
1066, 5
1067, 3
1068, 1
1069, 6
1070, 2
1071, 8
1072, 5
1073, 4
1074, 1
1075, 4
1076, 6
1077, 8
1078, 5
1079, 3
1080, 3
1081, 4
1082, 4
1083, 4
1084, 3
1085, 9
1086, 3
1087, 4
1088, 3
1089, 3
1090, 4
1091, 5
1092, 5
1093, 6
1094, 2
1095, 4
1096, 5
1097, 10
1098, 2
1099, 4
1100, 2
1101, 3
1102, 4
1103, 3
1104, 5
1105, 4
1106, 3
1107, 1
1108, 5
1109, 5
1110, 3
1111, 4
1112, 3
1113, 4
1114, 4
1115, 5
1116, 4
1117, 3
1118, 1
1119, 5
1120, 4
1121, 3
1122, 5
1123, 5
1124, 2
1125, 4
1126, 4
1127, 5
1128, 7
1129, 7
1130, 3
1131, 3
1132, 5
1133, 6
1134, 2
1135, 7
1136, 3
1137, 2
1138, 3
1139, 3
1140, 3
1141, 2
1142, 3
1143, 6
1144, 3
1145, 4
1146, 3
1147, 2
1148, 4
1149, 5
1150, 4
1151, 4
1152, 2
1153, 3
1154, 4
1155, 3
1156, 2
1157, 4
1158, 6
1159, 8
1160, 4
1161, 4
1162, 3
1163, 2
1164, 3
1165, 6
1166, 2
1167, 3
1168, 6
1169, 3
1170, 4
1171, 3
1172, 5
1173, 8
1174, 8
1175, 3
1176, 2
1177, 4
1178, 8
1179, 3
1180, 1
1181, 4
1182, 3
1183, 5
1184, 2
1185, 3
1186, 5
1187, 3
1188, 2
1189, 5
1190, 3
1191, 5
1192, 6
1193, 4
1194, 3
1195, 2
1196, 2
1197, 4
1198, 8
1199, 3
1200, 3
1201, 1
1202, 4
1203, 3
1204, 4
1205, 2
1206, 4
1207, 3
1208, 3
1209, 4
1210, 3
1211, 2
1212, 4
1213, 2
1214, 2
1215, 4
1216, 2
1217, 4
1218, 6
1219, 6
1220, 6
1221, 4
1222, 5
1223, 4
1224, 3
1225, 2
1226, 5
1227, 2
1228, 4
1229, 2
1230, 7
1231, 3
1232, 6
1233, 6
1234, 2
1235, 1
1236, 1
1237, 4
1238, 8
1239, 4
1240, 3
1241, 4
1242, 6
1243, 5
1244, 7
1245, 1
1246, 3
1247, 1
1248, 2
1249, 4
1250, 3
1251, 2
1252, 3
1253, 2
1254, 3
1255, 2
1256, 6
1257, 6
1258, 3
1259, 3
1260, 2
1261, 7
1262, 2
1263, 7
1264, 4
1265, 2
1266, 5
1267, 4
1268, 4
1269, 5
1270, 4
1271, 2
1272, 3
1273, 3
1274, 5
1275, 3
1276, 7
1277, 4
1278, 5
1279, 3
1280, 7
1281, 7
1282, 2
1283, 4
1284, 4
1285, 3
1286, 2
1287, 3
1288, 5
1289, 2
1290, 5
1291, 2
1292, 3
1293, 3
1294, 10
1295, 3
1296, 6
1297, 4
1298, 4
1299, 1
1300, 3
1301, 2
1302, 3
1303, 1
1304, 2
1305, 4
1306, 6
1307, 1
1308, 3
1309, 3
1310, 2
1311, 2
1312, 3
1313, 3
1314, 4
1315, 3
1316, 4
1317, 2
1318, 3
1319, 2
1320, 3
1321, 4
1322, 4
1323, 2
1324, 3
1325, 4
1326, 4
1327, 5
1328, 3
1329, 1
1330, 3
1331, 6
1332, 5
1333, 3
1334, 6
1335, 3
1336, 4
1337, 3
1338, 5
1339, 4
1340, 5
1341, 7
1342, 3
1343, 2
1344, 5
1345, 1
1346, 7
1347, 4
1348, 4
1349, 3
1350, 4
1351, 4
1352, 1
1353, 3
1354, 4
1355, 3
1356, 3
1357, 3
1358, 6
1359, 3
1360, 6
1361, 3
1362, 3
1363, 4
1364, 4
1365, 4
1366, 2
1367, 3
1368, 2
1369, 2
1370, 2
1371, 2
1372, 3
1373, 2
1374, 2
1375, 4
1376, 3
1377, 3
1378, 4
1379, 5
1380, 3
1381, 4
1382, 3
1383, 3
1384, 7
1385, 4
1386, 3
1387, 2
1388, 2
1389, 4
1390, 2
1391, 4
1392, 6
1393, 5
1394, 4
1395, 3
1396, 4
1397, 4
1398, 2
1399, 8
1400, 1
1401, 3
1402, 2
1403, 2
1404, 7
1405, 3
1406, 6
1407, 6
1408, 5
1409, 4
1410, 6
1411, 8
1412, 5
1413, 5
1414, 4
1415, 6
1416, 3
1417, 3
1418, 3
1419, 2
1420, 4
1421, 2
1422, 2
1423, 4
1424, 3
1425, 2
1426, 2
1427, 2
1428, 3
1429, 4
1430, 5
1431, 2
1432, 3
1433, 4
1434, 3
1435, 2
1436, 1
1437, 1
1438, 4
1439, 1
1440, 3
1441, 5
1442, 5
1443, 4
1444, 5
1445, 2
1446, 2
1447, 3
1448, 9
1449, 4
1450, 3
1451, 3
1452, 2
1453, 6
1454, 3
1455, 3
1456, 7
1457, 3
1458, 3
1459, 3
1460, 8
1461, 4
1462, 5
1463, 2
1464, 3
1465, 1
1466, 1
1467, 5
1468, 6
1469, 1
1470, 6
1471, 4
1472, 6
1473, 5
1474, 1
1475, 1
1476, 1
1477, 4
1478, 2
1479, 1
1480, 3
1481, 2
1482, 2
1483, 6
1484, 4
1485, 7
1486, 1
1487, 5
1488, 4
1489, 4
1490, 3
1491, 3
1492, 4
1493, 3
1494, 4
1495, 3
1496, 3
1497, 2
1498, 5
1499, 4
1500, 3
1501, 3
1502, 1
1503, 2
1504, 4
1505, 5
1506, 2
1507, 1
1508, 1
1509, 2
1510, 5
1511, 3
1512, 2
1513, 2
1514, 3
1515, 2
1516, 3
1517, 1
1518, 4
1519, 3
1520, 6
1521, 4
1522, 4
1523, 1
1524, 4
1525, 5
1526, 3
1527, 3
1528, 2
1529, 3
1530, 2
1531, 4
1532, 3
1533, 3
1534, 6
1535, 5
1536, 2
1537, 1
1538, 4
1539, 2
1540, 2
1541, 3
1542, 2
1543, 3
1544, 4
1545, 2
1546, 4
1547, 2
1548, 5
1549, 2
1550, 5
1551, 2
1552, 3
1553, 2
1554, 7
1555, 3
1556, 2
1557, 2
1558, 3
1559, 4
1560, 3
1561, 2
1562, 4
1563, 2
1564, 5
1565, 4
1566, 3
1567, 4
1568, 4
1569, 3
1570, 2
1571, 3
1572, 3
1573, 2
1574, 5
1575, 2
1576, 3
1577, 6
1578, 3
1579, 2
1580, 1
1581, 2
1582, 4
1583, 2
1584, 5
1585, 3
1586, 3
1587, 4
1588, 3
1589, 5
1590, 4
1591, 5
1592, 4
1593, 3
1594, 2
1595, 2
1596, 1
1597, 4
1598, 4
1599, 3
1600, 3
1601, 3
1602, 5
1603, 3
1604, 5
1605, 6
1606, 4
1607, 2
1608, 3
1609, 2
1610, 1
1611, 2
1612, 2
1613, 3
1614, 2
1615, 2
1616, 5
1617, 3
1618, 3
1619, 1
1620, 4
1621, 4
1622, 1
1623, 4
1624, 3
1625, 5
1626, 11
1627, 5
1628, 2
1629, 3
1630, 1
1631, 8
1632, 2
1633, 4
1634, 2
1635, 4
1636, 6
1637, 8
1638, 4
1639, 4
1640, 6
1641, 6
1642, 5
1643, 3
1644, 4
1645, 2
1646, 1
1647, 1
1648, 2
1649, 3
1650, 4
1651, 2
1652, 3
1653, 7
1654, 4
1655, 2
1656, 1
1657, 4
1658, 5
1659, 4
1660, 2
1661, 2
1662, 5
1663, 4
1664, 6
1665, 5
1666, 2
1667, 2
1668, 2
1669, 2
1670, 2
1671, 5
1672, 6
1673, 6
1674, 1
1675, 2
1676, 1
1677, 2
1678, 3
1679, 2
1680, 2
1681, 3
1682, 2
1683, 3
1684, 6
1685, 4
1686, 5
1687, 3
1688, 5
1689, 2
1690, 3
1691, 1
1692, 3
1693, 2
1694, 4
1695, 2
1696, 2
1697, 4
1698, 3
1699, 2
1700, 4
1701, 3
1702, 4
1703, 2
1704, 3
1705, 3
1706, 4
1707, 2
1708, 3
1709, 3
1710, 3
1711, 2
1712, 3
1713, 3
1714, 2
1715, 5
1716, 3
1717, 5
1718, 3
1719, 3
1720, 3
1721, 3
1722, 2
1723, 5
1724, 2
1725, 4
1726, 5
1727, 7
1728, 2
1729, 5
1730, 3
1731, 1
1732, 1
1733, 6
1734, 3
1735, 7
1736, 3
1737, 3
1738, 2
1739, 6
1740, 2
1741, 5
1742, 2
1743, 3
1744, 2
1745, 2
1746, 4
1747, 4
1748, 2
1749, 5
1750, 3
1751, 3
1752, 2
1753, 4
1754, 4
1755, 2
1756, 7
1757, 5
1758, 3
1759, 1
1760, 4
1761, 1
1762, 2
1763, 6
1764, 4
1765, 3
1766, 5
1767, 1
1768, 3
1769, 3
1770, 4
1771, 3
1772, 1
1773, 4
1774, 3
1775, 3
1776, 2
1777, 1
1778, 5
1779, 2
1780, 3
1781, 1
1782, 3
1783, 4
1784, 5
1785, 2
1786, 3
1787, 4
1788, 3
1789, 3
1790, 5
1791, 2
1792, 5
1793, 3
1794, 2
1795, 3
1796, 4
1797, 6
1798, 3
1799, 2
1800, 2
1801, 4
1802, 5
1803, 4
1804, 4
1805, 4
1806, 6
1807, 6
1808, 4
1809, 6
1810, 4
1811, 3
1812, 4
1813, 2
1814, 5
1815, 3
1816, 2
1817, 3
1818, 3
1819, 3
1820, 4
1821, 7
1822, 4
1823, 3
1824, 3
1825, 4
1826, 3
1827, 3
1828, 5
1829, 3
1830, 6
1831, 3
1832, 5
1833, 4
1834, 4
1835, 5
1836, 4
1837, 2
1838, 2
1839, 5
1840, 3
1841, 5
1842, 2
1843, 5
1844, 5
1845, 3
1846, 3
1847, 3
1848, 7
1849, 3
1850, 2
1851, 6
1852, 4
1853, 3
1854, 6
1855, 5
1856, 2
1857, 2
1858, 5
1859, 2
1860, 5
1861, 2
1862, 1
1863, 2
1864, 2
1865, 2
1866, 6
1867, 4
1868, 7
1869, 6
1870, 5
1871, 5
1872, 4
1873, 9
1874, 4
1875, 6
1876, 3
1877, 6
1878, 5
1879, 3
1880, 2
1881, 5
1882, 2
1883, 2
1884, 3
1885, 4
1886, 4
1887, 4
1888, 2
1889, 3
1890, 5
1891, 8
1892, 3
1893, 6
1894, 3
1895, 4
1896, 3
1897, 3
1898, 2
1899, 1
1900, 4
1901, 3
1902, 2
1903, 5
1904, 4
1905, 4
1906, 4
1907, 6
1908, 3
1909, 4
1910, 4
1911, 4
1912, 2
1913, 3
1914, 3
1915, 3
1916, 8
1917, 5
1918, 5
1919, 2
1920, 6
1921, 2
1922, 2
1923, 4
1924, 6
1925, 3
1926, 3
1927, 2
1928, 3
1929, 2
1930, 3
1931, 4
1932, 4
1933, 3
1934, 6
1935, 6
1936, 6
1937, 7
1938, 4
1939, 5
1940, 1
1941, 3
1942, 5
1943, 3
1944, 5
1945, 1
1946, 1
1947, 2
1948, 5
1949, 4
1950, 3
1951, 2
1952, 3
1953, 2
1954, 7
1955, 5
1956, 1
1957, 4
1958, 6
1959, 3
1960, 7
1961, 7
1962, 2
1963, 3
1964, 2
1965, 5
1966, 5
1967, 5
1968, 6
1969, 6
1970, 2
1971, 5
1972, 5
1973, 6
1974, 2
1975, 4
1976, 5
1977, 2
1978, 2
1979, 2
1980, 2
1981, 4
1982, 5
1983, 4
1984, 2
1985, 4
1986, 2
1987, 5
1988, 1
1989, 5
1990, 3
1991, 3
1992, 2
1993, 3
1994, 4
1995, 3
1996, 2
1997, 2
1998, 4
1999, 3
2000, 2
2001, 3
2002, 3
2003, 3
2004, 3
2005, 3
2006, 2
2007, 3
2008, 3
2009, 3
2010, 4
2011, 7
2012, 2
2013, 3
2014, 5
2015, 4
2016, 5
2017, 4
2018, 1
2019, 2
2020, 1
2021, 3
2022, 3
2023, 5
2024, 4
2025, 2
2026, 2
2027, 3
2028, 3
2029, 3
2030, 1
2031, 4
2032, 5
2033, 4
2034, 3
2035, 3
2036, 3
2037, 4
2038, 1
2039, 4
2040, 4
2041, 3
2042, 3
2043, 5
2044, 2
2045, 4
2046, 1
2047, 5
2048, 5
2049, 5
2050, 5
2051, 6
2052, 4
2053, 5
2054, 3
2055, 3
2056, 5
2057, 4
2058, 5
2059, 3
2060, 3
2061, 1
2062, 2
2063, 4
2064, 4
2065, 4
2066, 5
2067, 6
2068, 2
2069, 3
2070, 4
2071, 4
2072, 4
2073, 3
2074, 4
2075, 3
2076, 4
2077, 3
2078, 3
2079, 5
2080, 5
2081, 6
2082, 5
2083, 4
2084, 6
2085, 4
2086, 5
2087, 3
2088, 6
2089, 3
2090, 3
2091, 2
2092, 2
2093, 4
2094, 5
2095, 4
2096, 3
2097, 4
2098, 3
2099, 5
2100, 7
2101, 8
2102, 6
2103, 4
2104, 1
2105, 7
2106, 4
2107, 2
2108, 3
2109, 3
2110, 4
2111, 5
2112, 5
2113, 2
2114, 3
2115, 3
2116, 2
2117, 5
2118, 2
2119, 2
2120, 4
2121, 3
2122, 3
2123, 3
2124, 6
2125, 6
2126, 6
2127, 6
2128, 5
2129, 9
2130, 4
2131, 5
2132, 4
2133, 3
2134, 5
2135, 3
2136, 4
2137, 7
2138, 4
2139, 4
2140, 1
2141, 4
2142, 3
2143, 7
2144, 1
2145, 6
2146, 2
2147, 3
2148, 6
2149, 6
2150, 3
2151, 6
2152, 4
2153, 3
2154, 3
2155, 4
2156, 3
2157, 2
2158, 3
2159, 5
2160, 2
2161, 4
2162, 3
2163, 4
2164, 3
2165, 5
2166, 3
2167, 5
2168, 7
2169, 5
2170, 3
2171, 5
2172, 3
2173, 4
2174, 3
2175, 9
2176, 2
2177, 4
2178, 2
2179, 6
2180, 3
2181, 5
2182, 1
2183, 4
2184, 3
2185, 5
2186, 7
2187, 5
2188, 2
2189, 3
2190, 1
2191, 3
2192, 3
2193, 8
2194, 1
2195, 4
2196, 5
2197, 4
2198, 3
2199, 5
2200, 2
2201, 3
2202, 4
2203, 4
2204, 3
2205, 4
2206, 3
2207, 4
2208, 5
2209, 1
2210, 1
2211, 5
2212, 8
2213, 3
2214, 4
2215, 3
2216, 3
2217, 5
2218, 3
2219, 3
2220, 5
2221, 2
2222, 3
2223, 6
2224, 4
2225, 2
2226, 4
2227, 2
2228, 2
2229, 4
2230, 2
2231, 2
2232, 3
2233, 3
2234, 4
2235, 3
2236, 1
2237, 3
2238, 1
2239, 3
2240, 5
2241, 3
2242, 5
2243, 5
2244, 1
2245, 4
2246, 2
2247, 4
2248, 5
2249, 3
2250, 2
2251, 3
2252, 7
2253, 4
2254, 2
2255, 4
2256, 2
2257, 3
2258, 1
2259, 1
2260, 1
2261, 2
2262, 3
2263, 3
2264, 3
2265, 4
2266, 2
2267, 4
2268, 5
2269, 6
2270, 2
2271, 4
2272, 2
2273, 5
2274, 2
2275, 3
2276, 2
2277, 6
2278, 2
2279, 3
2280, 1
2281, 8
2282, 4
2283, 3
2284, 2
2285, 3
2286, 4
2287, 3
2288, 3
2289, 3
2290, 4
2291, 3
2292, 4
2293, 3
2294, 4
2295, 3
2296, 3
2297, 6
2298, 3
2299, 5
2300, 4
2301, 2
2302, 4
2303, 5
2304, 4
2305, 3
2306, 5
2307, 5
2308, 4
2309, 4
2310, 3
2311, 4
2312, 5
2313, 5
2314, 5
2315, 4
2316, 2
2317, 5
2318, 2
2319, 4
2320, 2
2321, 2
2322, 4
2323, 4
2324, 4
2325, 4
2326, 3
2327, 2
2328, 4
2329, 5
2330, 3
2331, 2
2332, 4
2333, 2
2334, 4
2335, 1
2336, 3
2337, 4
2338, 4
2339, 2
2340, 3
2341, 5
2342, 3
2343, 4
2344, 4
2345, 2
2346, 3
2347, 3
2348, 3
2349, 9
2350, 1
2351, 2
2352, 4
2353, 2
2354, 3
2355, 6
2356, 2
2357, 4
2358, 3
2359, 3
2360, 3
2361, 8
2362, 3
2363, 2
2364, 3
2365, 5
2366, 3
2367, 2
2368, 6
2369, 2
2370, 3
2371, 4
2372, 5
2373, 3
2374, 3
2375, 4
2376, 2
2377, 4
2378, 2
2379, 3
2380, 3
2381, 5
2382, 2
2383, 4
2384, 4
2385, 1
2386, 2
2387, 1
2388, 3
2389, 4
2390, 2
2391, 4
2392, 2
2393, 2
2394, 2
2395, 4
2396, 5
2397, 2
2398, 4
2399, 5
2400, 2
2401, 3
2402, 3
2403, 4
2404, 1
2405, 3
2406, 4
2407, 4
2408, 3
2409, 1
2410, 3
2411, 3
2412, 3
2413, 2
2414, 3
2415, 1
2416, 4
2417, 4
2418, 1
2419, 4
2420, 10
2421, 2
2422, 4
2423, 5
2424, 5
2425, 4
2426, 5
2427, 6
2428, 4
2429, 3
2430, 3
2431, 3
2432, 2
2433, 5
2434, 3
2435, 3
2436, 2
2437, 5
2438, 1
2439, 4
2440, 4
2441, 3
2442, 5
2443, 7
2444, 5
2445, 4
2446, 7
2447, 4
2448, 5
2449, 4
2450, 2
2451, 3
2452, 1
2453, 3
2454, 3
2455, 2
2456, 5
2457, 6
2458, 4
2459, 5
2460, 1
2461, 5
2462, 6
2463, 6
2464, 3
2465, 4
2466, 1
2467, 3
2468, 2
2469, 4
2470, 7
2471, 4
2472, 7
2473, 1
2474, 3
2475, 1
2476, 3
2477, 6
2478, 1
2479, 3
2480, 4
2481, 3
2482, 1
2483, 2
2484, 2
2485, 2
2486, 4
2487, 2
2488, 3
2489, 5
2490, 3
2491, 5
2492, 2
2493, 6
2494, 5
2495, 3
2496, 4
2497, 5
2498, 3
2499, 2
2500, 3
2501, 4
2502, 5
2503, 3
2504, 4
2505, 6
2506, 1
2507, 5
2508, 4
2509, 3
2510, 5
2511, 3
2512, 4
2513, 3
2514, 2
2515, 3
2516, 1
2517, 3
2518, 3
2519, 5
2520, 3
2521, 4
2522, 4
2523, 4
2524, 3
2525, 3
2526, 3
2527, 3
2528, 3
2529, 3
2530, 4
2531, 1
2532, 1
2533, 3
2534, 4
2535, 5
2536, 3
2537, 3
2538, 3
2539, 6
2540, 4
2541, 5
2542, 3
2543, 2
2544, 3
2545, 2
2546, 4
2547, 3
2548, 2
2549, 6
2550, 2
2551, 4
2552, 5
2553, 2
2554, 4
2555, 4
2556, 3
2557, 2
2558, 4
2559, 1
2560, 6
2561, 5
2562, 2
2563, 2
2564, 6
2565, 5
2566, 2
2567, 1
2568, 5
2569, 4
2570, 2
2571, 3
2572, 4
2573, 5
2574, 4
2575, 4
2576, 5
2577, 3
2578, 3
2579, 5
2580, 1
2581, 3
2582, 2
2583, 4
2584, 2
2585, 2
2586, 7
2587, 3
2588, 2
2589, 2
2590, 3
2591, 2
2592, 3
2593, 2
2594, 5
2595, 3
2596, 4
2597, 3
2598, 3
2599, 3
2600, 2
2601, 4
2602, 2
2603, 4
2604, 5
2605, 5
2606, 5
2607, 4
2608, 2
2609, 6
2610, 3
2611, 3
2612, 3
2613, 2
2614, 2
2615, 8
2616, 3
2617, 3
2618, 1
2619, 2
2620, 3
2621, 3
2622, 3
2623, 5
2624, 3
2625, 3
2626, 4
2627, 3
2628, 2
2629, 2
2630, 4
2631, 2
2632, 4
2633, 2
2634, 4
2635, 3
2636, 4
2637, 3
2638, 4
2639, 2
2640, 3
2641, 4
2642, 5
2643, 4
2644, 3
2645, 7
2646, 2
2647, 5
2648, 3
2649, 6
2650, 3
2651, 4
2652, 3
2653, 4
2654, 3
2655, 2
2656, 3
2657, 5
2658, 4
2659, 7
2660, 3
2661, 7
2662, 4
2663, 4
2664, 6
2665, 4
2666, 3
2667, 4
2668, 4
2669, 1
2670, 3
2671, 5
2672, 3
2673, 5
2674, 3
2675, 2
2676, 3
2677, 3
2678, 4
2679, 2
2680, 3
2681, 2
2682, 2
2683, 8
2684, 3
2685, 4
2686, 4
2687, 3
2688, 4
2689, 2
2690, 2
2691, 2
2692, 4
2693, 2
2694, 4
2695, 3
2696, 2
2697, 4
2698, 2
2699, 3
2700, 3
2701, 2
2702, 3
2703, 4
2704, 3
2705, 3
2706, 5
2707, 1
2708, 6
2709, 5
2710, 3
2711, 5
2712, 2
2713, 2
2714, 3
2715, 8
2716, 4
2717, 2
2718, 3
2719, 3
2720, 2
2721, 3
2722, 2
2723, 4
2724, 3
2725, 4
2726, 5
2727, 3
2728, 2
2729, 4
2730, 3
2731, 5
2732, 1
2733, 2
2734, 5
2735, 3
2736, 3
2737, 3
2738, 3
2739, 2
2740, 6
2741, 1
2742, 3
2743, 1
2744, 3
2745, 1
2746, 5
2747, 4
2748, 4
2749, 4
2750, 3
2751, 6
2752, 2
2753, 3
2754, 4
2755, 2
2756, 2
2757, 7
2758, 4
2759, 4
2760, 4
2761, 4
2762, 5
2763, 2
2764, 3
2765, 3
2766, 7
2767, 3
2768, 4
2769, 2
2770, 6
2771, 2
2772, 5
2773, 3
2774, 2
2775, 3
2776, 2
2777, 7
2778, 3
2779, 5
2780, 3
2781, 4
2782, 4
2783, 2
2784, 3
2785, 5
2786, 9
2787, 2
2788, 3
2789, 3
2790, 7
2791, 2
2792, 3
2793, 6
2794, 4
2795, 2
2796, 2
2797, 2
2798, 7
2799, 5
2800, 6
2801, 5
2802, 6
2803, 2
2804, 5
2805, 3
2806, 6
2807, 5
2808, 3
2809, 2
2810, 4
2811, 2
2812, 4
2813, 5
2814, 3
2815, 3
2816, 3
2817, 2
2818, 2
2819, 6
2820, 6
2821, 2
2822, 8
2823, 4
2824, 5
2825, 2
2826, 3
2827, 2
2828, 5
2829, 6
2830, 5
2831, 4
2832, 3
2833, 2
2834, 4
2835, 4
2836, 3
2837, 3
2838, 4
2839, 5
2840, 4
2841, 7
2842, 4
2843, 4
2844, 2
2845, 3
2846, 4
2847, 5
2848, 6
2849, 3
2850, 7
2851, 6
2852, 4
2853, 7
2854, 3
2855, 4
2856, 6
2857, 2
2858, 3
2859, 4
2860, 5
2861, 6
2862, 7
2863, 5
2864, 5
2865, 3
2866, 7
2867, 5
2868, 8
2869, 5
2870, 2
2871, 3
2872, 2
2873, 5
2874, 3
2875, 6
2876, 3
2877, 2
2878, 5
2879, 4
2880, 5
2881, 5
2882, 2
2883, 6
2884, 7
2885, 6
2886, 3
2887, 3
2888, 2
2889, 1
2890, 3
2891, 4
2892, 4
2893, 2
2894, 7
2895, 2
2896, 2
2897, 4
2898, 4
2899, 2
2900, 4
2901, 7
2902, 2
2903, 3
2904, 5
2905, 6
2906, 4
2907, 2
2908, 6
2909, 4
2910, 4
2911, 2
2912, 3
2913, 2
2914, 3
2915, 3
2916, 1
2917, 3
2918, 2
2919, 4
2920, 3
2921, 3
2922, 4
2923, 4
2924, 2
2925, 2
2926, 2
2927, 2
2928, 5
2929, 5
2930, 5
2931, 3
2932, 4
2933, 2
2934, 5
2935, 5
2936, 3
2937, 5
2938, 6
2939, 4
2940, 3
2941, 11
2942, 4
2943, 2
2944, 4
2945, 6
2946, 4
2947, 6
2948, 2
2949, 6
2950, 1
2951, 3
2952, 1
2953, 1
2954, 4
2955, 2
2956, 2
2957, 3
2958, 4
2959, 3
2960, 4
2961, 3
2962, 5
2963, 2
2964, 3
2965, 4
2966, 1
2967, 3
2968, 4
2969, 3
2970, 4
2971, 2
2972, 6
2973, 4
2974, 4
2975, 8
2976, 4
2977, 3
2978, 5
2979, 6
2980, 4
2981, 1
2982, 3
2983, 1
2984, 6
2985, 1
2986, 6
2987, 5
2988, 4
2989, 3
2990, 2
2991, 5
2992, 3
2993, 2
2994, 4
2995, 4
2996, 5
2997, 1
2998, 2
2999, 5
3000, 6
3001, 3
3002, 3
3003, 1
3004, 4
3005, 1
3006, 4
3007, 2
3008, 3
3009, 6
3010, 6
3011, 3
3012, 3
3013, 2
3014, 9
3015, 4
3016, 5
3017, 3
3018, 5
3019, 3
3020, 5
3021, 2
3022, 4
3023, 3
3024, 5
3025, 1
3026, 4
3027, 4
3028, 2
3029, 5
3030, 4
3031, 3
3032, 3
3033, 5
3034, 3
3035, 3
3036, 2
3037, 1
3038, 5
3039, 5
3040, 2
3041, 6
3042, 5
3043, 4
3044, 4
3045, 4
3046, 1
3047, 4
3048, 4
3049, 3
3050, 2
3051, 3
3052, 1
3053, 4
3054, 5
3055, 3
3056, 7
3057, 2
3058, 3
3059, 3
3060, 3
3061, 4
3062, 4
3063, 3
3064, 2
3065, 4
3066, 5
3067, 2
3068, 4
3069, 3
3070, 4
3071, 5
3072, 2
3073, 3
3074, 3
3075, 6
3076, 2
3077, 4
3078, 5
3079, 4
3080, 3
3081, 2
3082, 3
3083, 2
3084, 2
3085, 3
3086, 3
3087, 8
3088, 2
3089, 3
3090, 6
3091, 3
3092, 4
3093, 2
3094, 5
3095, 4
3096, 2
3097, 7
3098, 5
3099, 4
3100, 5
3101, 5
3102, 1
3103, 4
3104, 4
3105, 3
3106, 5
3107, 5
3108, 5
3109, 3
3110, 3
3111, 7
3112, 2
3113, 4
3114, 2
3115, 3
3116, 3
3117, 3
3118, 4
3119, 5
3120, 3
3121, 4
3122, 3
3123, 5
3124, 5
3125, 3
3126, 2
3127, 5
3128, 3
3129, 4
3130, 6
3131, 6
3132, 3
3133, 3
3134, 4
3135, 6
3136, 5
3137, 4
3138, 6
3139, 4
3140, 4
3141, 4
3142, 2
3143, 4
3144, 1
3145, 4
3146, 3
3147, 3
3148, 5
3149, 3
3150, 4
3151, 5
3152, 4
3153, 6
3154, 5
3155, 2
3156, 2
3157, 5
3158, 2
3159, 5
3160, 3
3161, 4
3162, 3
3163, 5
3164, 4
3165, 3
3166, 1
3167, 5
3168, 3
3169, 2
3170, 5
3171, 4
3172, 1
3173, 3
3174, 5
3175, 3
3176, 1
3177, 5
3178, 3
3179, 3
3180, 5
3181, 3
3182, 5
3183, 3
3184, 2
3185, 8
3186, 3
3187, 5
3188, 4
3189, 3
3190, 3
3191, 4
3192, 2
3193, 4
3194, 7
3195, 3
3196, 5
3197, 4
3198, 3
3199, 6
3200, 3
3201, 3
3202, 4
3203, 3
3204, 5
3205, 2
3206, 4
3207, 2
3208, 4
3209, 2
3210, 3
3211, 3
3212, 1
3213, 1
3214, 2
3215, 3
3216, 3
3217, 2
3218, 3
3219, 1
3220, 4
3221, 5
3222, 3
3223, 5
3224, 4
3225, 4
3226, 4
3227, 6
3228, 4
3229, 7
3230, 4
3231, 3
3232, 3
3233, 2
3234, 1
3235, 2
3236, 1
3237, 5
3238, 3
3239, 6
3240, 3
3241, 1
3242, 3
3243, 4
3244, 4
3245, 4
3246, 2
3247, 4
3248, 4
3249, 6
3250, 2
3251, 2
3252, 3
3253, 2
3254, 5
3255, 4
3256, 3
3257, 6
3258, 3
3259, 2
3260, 3
3261, 2
3262, 4
3263, 8
3264, 5
3265, 4
3266, 5
3267, 6
3268, 6
3269, 2
3270, 4
3271, 4
3272, 5
3273, 4
3274, 4
3275, 4
3276, 3
3277, 4
3278, 3
3279, 1
3280, 6
3281, 3
3282, 3
3283, 2
3284, 7
3285, 2
3286, 6
3287, 4
3288, 5
3289, 6
3290, 4
3291, 7
3292, 4
3293, 3
3294, 3
3295, 4
3296, 4
3297, 2
3298, 3
3299, 2
3300, 6
3301, 6
3302, 3
3303, 2
3304, 4
3305, 7
3306, 3
3307, 3
3308, 3
3309, 5
3310, 7
3311, 4
3312, 4
3313, 2
3314, 3
3315, 3
3316, 2
3317, 6
3318, 3
3319, 5
3320, 3
3321, 3
3322, 1
3323, 2
3324, 3
3325, 2
3326, 5
3327, 4
3328, 1
3329, 3
3330, 3
3331, 3
3332, 2
3333, 3
3334, 5
3335, 3
3336, 6
3337, 6
3338, 5
3339, 4
3340, 3
3341, 6
3342, 5
3343, 3
3344, 5
3345, 2
3346, 5
3347, 2
3348, 3
3349, 4
3350, 2
3351, 5
3352, 7
3353, 3
3354, 4
3355, 5
3356, 2
3357, 3
3358, 6
3359, 5
3360, 5
3361, 3
3362, 4
3363, 4
3364, 4
3365, 2
3366, 7
3367, 4
3368, 6
3369, 1
3370, 5
3371, 3
3372, 2
3373, 5
3374, 1
3375, 2
3376, 2
3377, 1
3378, 2
3379, 4
3380, 7
3381, 3
3382, 3
3383, 4
3384, 5
3385, 5
3386, 5
3387, 6
3388, 3
3389, 2
3390, 4
3391, 4
3392, 5
3393, 7
3394, 4
3395, 3
3396, 5
3397, 6
3398, 5
3399, 4
3400, 2
3401, 3
3402, 4
3403, 4
3404, 6
3405, 3
3406, 2
3407, 2
3408, 3
3409, 4
3410, 8
3411, 2
3412, 4
3413, 2
3414, 4
3415, 3
3416, 3
3417, 4
3418, 3
3419, 2
3420, 3
3421, 5
3422, 4
3423, 5
3424, 3
3425, 2
3426, 2
3427, 5
3428, 3
3429, 5
3430, 5
3431, 2
3432, 5
3433, 8
3434, 5
3435, 4
3436, 2
3437, 7
3438, 3
3439, 3
3440, 1
3441, 3
3442, 7
3443, 6
3444, 3
3445, 3
3446, 2
3447, 2
3448, 3
3449, 2
3450, 3
3451, 4
3452, 2
3453, 4
3454, 5
3455, 3
3456, 6
3457, 6
3458, 3
3459, 4
3460, 3
3461, 6
3462, 5
3463, 5
3464, 4
3465, 5
3466, 3
3467, 4
3468, 2
3469, 4
3470, 1
3471, 3
3472, 5
3473, 3
3474, 3
3475, 4
3476, 5
3477, 5
3478, 2
3479, 4
3480, 1
3481, 3
3482, 3
3483, 4
3484, 3
3485, 4
3486, 9
3487, 4
3488, 2
3489, 4
3490, 3
3491, 4
3492, 2
3493, 3
3494, 3
3495, 6
3496, 7
3497, 1
3498, 5
3499, 4
3500, 3
3501, 2
3502, 3
3503, 2
3504, 3
3505, 3
3506, 2
3507, 1
3508, 6
3509, 2
3510, 2
3511, 2
3512, 5
3513, 3
3514, 2
3515, 4
3516, 2
3517, 2
3518, 6
3519, 2
3520, 5
3521, 2
3522, 3
3523, 2
3524, 2
3525, 3
3526, 5
3527, 3
3528, 4
3529, 1
3530, 2
3531, 4
3532, 3
3533, 2
3534, 4
3535, 6
3536, 6
3537, 3
3538, 5
3539, 2
3540, 4
3541, 3
3542, 8
3543, 5
3544, 2
3545, 6
3546, 4
3547, 3
3548, 3
3549, 1
3550, 3
3551, 2
3552, 2
3553, 3
3554, 3
3555, 2
3556, 3
3557, 3
3558, 2
3559, 2
3560, 4
3561, 3
3562, 3
3563, 4
3564, 3
3565, 2
3566, 2
3567, 3
3568, 4
3569, 2
3570, 3
3571, 5
3572, 3
3573, 4
3574, 2
3575, 3
3576, 4
3577, 4
3578, 5
3579, 3
3580, 5
3581, 5
3582, 2
3583, 3
3584, 6
3585, 7
3586, 5
3587, 2
3588, 2
3589, 3
3590, 5
3591, 3
3592, 3
3593, 4
3594, 2
3595, 2
3596, 2
3597, 4
3598, 2
3599, 1
3600, 5
3601, 4
3602, 3
3603, 3
3604, 4
3605, 4
3606, 3
3607, 6
3608, 4
3609, 2
3610, 3
3611, 3
3612, 2
3613, 7
3614, 1
3615, 5
3616, 3
3617, 2
3618, 3
3619, 3
3620, 2
3621, 3
3622, 7
3623, 3
3624, 4
3625, 3
3626, 4
3627, 3
3628, 4
3629, 4
3630, 3
3631, 3
3632, 2
3633, 3
3634, 5
3635, 5
3636, 2
3637, 8
3638, 3
3639, 2
3640, 5
3641, 3
3642, 6
3643, 2
3644, 6
3645, 3
3646, 5
3647, 2
3648, 2
3649, 6
3650, 2
3651, 2
3652, 3
3653, 3
3654, 3
3655, 3
3656, 1
3657, 3
3658, 5
3659, 3
3660, 3
3661, 3
3662, 1
3663, 3
3664, 4
3665, 3
3666, 2
3667, 4
3668, 3
3669, 3
3670, 3
3671, 3
3672, 5
3673, 5
3674, 3
3675, 3
3676, 8
3677, 3
3678, 5
3679, 6
3680, 3
3681, 3
3682, 4
3683, 3
3684, 3
3685, 2
3686, 3
3687, 4
3688, 3
3689, 6
3690, 5
3691, 5
3692, 2
3693, 2
3694, 3
3695, 4
3696, 4
3697, 2
3698, 3
3699, 4
3700, 3
3701, 3
3702, 7
3703, 2
3704, 1
3705, 3
3706, 3
3707, 4
3708, 3
3709, 2
3710, 2
3711, 4
3712, 5
3713, 3
3714, 4
3715, 4
3716, 5
3717, 5
3718, 5
3719, 3
3720, 4
3721, 5
3722, 3
3723, 4
3724, 5
3725, 1
3726, 4
3727, 2
3728, 6
3729, 3
3730, 2
3731, 4
3732, 4
3733, 5
3734, 2
3735, 3
3736, 3
3737, 2
3738, 3
3739, 4
3740, 6
3741, 3
3742, 3
3743, 3
3744, 3
3745, 3
3746, 3
3747, 8
3748, 7
3749, 3
3750, 4
3751, 6
3752, 4
3753, 3
3754, 2
3755, 2
3756, 4
3757, 3
3758, 2
3759, 4
3760, 5
3761, 3
3762, 2
3763, 2
3764, 3
3765, 3
3766, 3
3767, 1
3768, 1
3769, 4
3770, 6
3771, 3
3772, 3
3773, 2
3774, 5
3775, 2
3776, 2
3777, 5
3778, 3
3779, 6
3780, 3
3781, 3
3782, 3
3783, 3
3784, 2
3785, 3
3786, 2
3787, 4
3788, 2
3789, 3
3790, 3
3791, 3
3792, 3
3793, 5
3794, 4
3795, 1
3796, 4
3797, 3
3798, 2
3799, 1
3800, 3
3801, 4
3802, 2
3803, 4
3804, 2
3805, 4
3806, 2
3807, 4
3808, 2
3809, 4
3810, 4
3811, 4
3812, 3
3813, 3
3814, 2
3815, 4
3816, 4
3817, 5
3818, 5
3819, 2
3820, 3
3821, 4
3822, 4
3823, 3
3824, 1
3825, 4
3826, 3
3827, 5
3828, 2
3829, 4
3830, 3
3831, 5
3832, 3
3833, 3
3834, 3
3835, 3
3836, 4
3837, 4
3838, 3
3839, 3
3840, 2
3841, 3
3842, 1
3843, 4
3844, 3
3845, 4
3846, 5
3847, 6
3848, 4
3849, 4
3850, 2
3851, 4
3852, 3
3853, 4
3854, 3
3855, 2
3856, 2
3857, 3
3858, 5
3859, 3
3860, 3
3861, 3
3862, 3
3863, 3
3864, 6
3865, 4
3866, 3
3867, 4
3868, 4
3869, 3
3870, 4
3871, 4
3872, 5
3873, 5
3874, 3
3875, 5
3876, 5
3877, 5
3878, 4
3879, 5
3880, 7
3881, 6
3882, 6
3883, 6
3884, 4
3885, 4
3886, 3
3887, 3
3888, 3
3889, 3
3890, 3
3891, 1
3892, 3
3893, 2
3894, 4
3895, 2
3896, 5
3897, 2
3898, 4
3899, 2
3900, 4
3901, 4
3902, 7
3903, 2
3904, 3
3905, 4
3906, 6
3907, 5
3908, 4
3909, 2
3910, 3
3911, 2
3912, 3
3913, 2
3914, 2
3915, 3
3916, 3
3917, 3
3918, 4
3919, 3
3920, 4
3921, 3
3922, 3
3923, 6
3924, 3
3925, 2
3926, 1
3927, 7
3928, 3
3929, 4
3930, 3
3931, 5
3932, 2
3933, 3
3934, 2
3935, 3
3936, 2
3937, 4
3938, 5
3939, 4
3940, 4
3941, 4
3942, 5
3943, 6
3944, 5
3945, 7
3946, 5
3947, 6
3948, 2
3949, 4
3950, 4
3951, 3
3952, 2
3953, 3
3954, 4
3955, 3
3956, 3
3957, 2
3958, 5
3959, 5
3960, 4
3961, 2
3962, 7
3963, 5
3964, 5
3965, 5
3966, 6
3967, 4
3968, 3
3969, 4
3970, 3
3971, 2
3972, 5
3973, 3
3974, 4
3975, 7
3976, 1
3977, 3
3978, 3
3979, 8
3980, 2
3981, 5
3982, 5
3983, 3
3984, 5
3985, 6
3986, 1
3987, 4
3988, 3
3989, 6
3990, 6
3991, 4
3992, 3
3993, 3
3994, 5
3995, 3
3996, 1
3997, 3
3998, 4
3999, 3
4000, 4
4001, 5
4002, 3
4003, 6
4004, 6
4005, 4
4006, 5
4007, 3
4008, 4
4009, 3
4010, 2
4011, 2
4012, 4
4013, 3
4014, 4
4015, 7
4016, 2
4017, 2
4018, 5
4019, 3
4020, 2
4021, 5
4022, 2
4023, 2
4024, 2
4025, 3
4026, 3
4027, 2
4028, 3
4029, 4
4030, 3
4031, 4
4032, 4
4033, 8
4034, 2
4035, 3
4036, 3
4037, 8
4038, 1
4039, 4
4040, 2
4041, 3
4042, 6
4043, 4
4044, 4
4045, 3
4046, 3
4047, 6
4048, 4
4049, 8
4050, 3
4051, 2
4052, 3
4053, 3
4054, 3
4055, 3
4056, 3
4057, 2
4058, 2
4059, 5
4060, 3
4061, 9
4062, 3
4063, 1
4064, 6
4065, 4
4066, 7
4067, 3
4068, 7
4069, 1
4070, 3
4071, 7
4072, 5
4073, 5
4074, 5
4075, 3
4076, 1
4077, 3
4078, 4
4079, 3
4080, 5
4081, 5
4082, 3
4083, 5
4084, 2
4085, 2
4086, 5
4087, 4
4088, 3
4089, 6
4090, 6
4091, 3
4092, 5
4093, 5
4094, 2
4095, 4
4096, 1
4097, 4
4098, 3
4099, 2
4100, 2
4101, 2
4102, 8
4103, 3
4104, 4
4105, 2
4106, 1
4107, 4
4108, 3
4109, 4
4110, 4
4111, 5
4112, 4
4113, 4
4114, 3
4115, 5
4116, 2
4117, 5
4118, 3
4119, 1
4120, 1
4121, 4
4122, 6
4123, 2
4124, 3
4125, 1
4126, 6
4127, 3
4128, 2
4129, 2
4130, 5
4131, 3
4132, 2
4133, 6
4134, 2
4135, 3
4136, 5
4137, 7
4138, 3
4139, 3
4140, 5
4141, 4
4142, 4
4143, 3
4144, 4
4145, 3
4146, 1
4147, 5
4148, 3
4149, 6
4150, 1
4151, 2
4152, 1
4153, 2
4154, 1
4155, 6
4156, 2
4157, 2
4158, 6
4159, 2
4160, 2
4161, 3
4162, 2
4163, 4
4164, 2
4165, 6
4166, 5
4167, 3
4168, 3
4169, 2
4170, 6
4171, 5
4172, 1
4173, 4
4174, 4
4175, 4
4176, 4
4177, 4
4178, 3
4179, 5
4180, 3
4181, 5
4182, 4
4183, 7
4184, 4
4185, 6
4186, 2
4187, 5
4188, 4
4189, 6
4190, 5
4191, 3
4192, 3
4193, 4
4194, 7
4195, 3
4196, 3
4197, 3
4198, 3
4199, 5
4200, 4
4201, 5
4202, 5
4203, 3
4204, 4
4205, 1
4206, 1
4207, 3
4208, 4
4209, 2
4210, 5
4211, 5
4212, 4
4213, 2
4214, 2
4215, 2
4216, 1
4217, 4
4218, 8
4219, 1
4220, 6
4221, 5
4222, 5
4223, 6
4224, 5
4225, 4
4226, 4
4227, 3
4228, 2
4229, 4
4230, 3
4231, 3
4232, 1
4233, 3
4234, 1
4235, 5
4236, 1
4237, 5
4238, 4
4239, 3
4240, 6
4241, 4
4242, 3
4243, 3
4244, 9
4245, 4
4246, 4
4247, 4
4248, 5
4249, 4
4250, 2
4251, 4
4252, 5
4253, 2
4254, 7
4255, 3
4256, 1
4257, 6
4258, 1
4259, 2
4260, 1
4261, 2
4262, 3
4263, 3
4264, 2
4265, 4
4266, 1
4267, 3
4268, 3
4269, 5
4270, 4
4271, 5
4272, 2
4273, 4
4274, 5
4275, 7
4276, 2
4277, 1
4278, 3
4279, 2
4280, 5
4281, 3
4282, 2
4283, 1
4284, 5
4285, 1
4286, 3
4287, 4
4288, 2
4289, 2
4290, 3
4291, 2
4292, 2
4293, 5
4294, 4
4295, 5
4296, 2
4297, 3
4298, 1
4299, 3
4300, 1
4301, 2
4302, 1
4303, 6
4304, 3
4305, 3
4306, 9
4307, 3
4308, 3
4309, 3
4310, 4
4311, 5
4312, 4
4313, 7
4314, 1
4315, 5
4316, 1
4317, 4
4318, 2
4319, 3
4320, 3
4321, 6
4322, 6
4323, 4
4324, 1
4325, 6
4326, 7
4327, 5
4328, 7
4329, 6
4330, 5
4331, 4
4332, 4
4333, 6
4334, 2
4335, 3
4336, 7
4337, 5
4338, 1
4339, 5
4340, 4
4341, 5
4342, 7
4343, 5
4344, 5
4345, 4
4346, 4
4347, 2
4348, 4
4349, 6
4350, 4
4351, 1
4352, 3
4353, 5
4354, 2
4355, 4
4356, 6
4357, 2
4358, 4
4359, 2
4360, 1
4361, 7
4362, 3
4363, 2
4364, 5
4365, 2
4366, 3
4367, 3
4368, 5
4369, 1
4370, 3
4371, 2
4372, 3
4373, 2
4374, 4
4375, 4
4376, 1
4377, 4
4378, 3
4379, 5
4380, 3
4381, 3
4382, 4
4383, 1
4384, 7
4385, 4
4386, 4
4387, 2
4388, 2
4389, 2
4390, 5
4391, 2
4392, 3
4393, 2
4394, 4
4395, 4
4396, 3
4397, 2
4398, 4
4399, 2
4400, 5
4401, 3
4402, 4
4403, 2
4404, 3
4405, 4
4406, 2
4407, 2
4408, 2
4409, 4
4410, 4
4411, 4
4412, 2
4413, 3
4414, 5
4415, 2
4416, 6
4417, 1
4418, 3
4419, 2
4420, 4
4421, 3
4422, 3
4423, 4
4424, 4
4425, 5
4426, 4
4427, 2
4428, 3
4429, 3
4430, 7
4431, 4
4432, 4
4433, 1
4434, 4
4435, 4
4436, 4
4437, 4
4438, 1
4439, 3
4440, 2
4441, 4
4442, 5
4443, 4
4444, 8
4445, 3
4446, 5
4447, 1
4448, 4
4449, 7
4450, 6
4451, 4
4452, 2
4453, 4
4454, 4
4455, 4
4456, 5
4457, 4
4458, 3
4459, 6
4460, 6
4461, 2
4462, 4
4463, 3
4464, 4
4465, 3
4466, 6
4467, 2
4468, 3
4469, 4
4470, 2
4471, 3
4472, 1
4473, 3
4474, 2
4475, 2
4476, 6
4477, 3
4478, 4
4479, 4
4480, 5
4481, 5
4482, 2
4483, 3
4484, 4
4485, 4
4486, 3
4487, 5
4488, 5
4489, 3
4490, 3
4491, 4
4492, 3
4493, 5
4494, 2
4495, 2
4496, 2
4497, 3
4498, 6
4499, 2
4500, 1
4501, 2
4502, 2
4503, 2
4504, 2
4505, 3
4506, 6
4507, 6
4508, 5
4509, 3
4510, 2
4511, 4
4512, 4
4513, 4
4514, 4
4515, 1
4516, 5
4517, 2
4518, 3
4519, 5
4520, 4
4521, 5
4522, 5
4523, 4
4524, 3
4525, 1
4526, 3
4527, 4
4528, 2
4529, 2
4530, 5
4531, 4
4532, 5
4533, 2
4534, 4
4535, 3
4536, 6
4537, 3
4538, 3
4539, 4
4540, 5
4541, 5
4542, 5
4543, 4
4544, 4
4545, 2
4546, 7
4547, 4
4548, 6
4549, 2
4550, 6
4551, 4
4552, 2
4553, 1
4554, 3
4555, 6
4556, 2
4557, 3
4558, 3
4559, 2
4560, 3
4561, 4
4562, 3
4563, 3
4564, 3
4565, 5
4566, 2
4567, 7
4568, 1
4569, 3
4570, 2
4571, 4
4572, 2
4573, 4
4574, 5
4575, 2
4576, 6
4577, 3
4578, 2
4579, 4
4580, 3
4581, 5
4582, 4
4583, 3
4584, 7
4585, 6
4586, 3
4587, 5
4588, 3
4589, 4
4590, 5
4591, 3
4592, 3
4593, 2
4594, 4
4595, 2
4596, 4
4597, 7
4598, 4
4599, 5
4600, 5
4601, 6
4602, 4
4603, 5
4604, 4
4605, 3
4606, 4
4607, 2
4608, 4
4609, 4
4610, 3
4611, 3
4612, 4
4613, 3
4614, 1
4615, 2
4616, 4
4617, 4
4618, 4
4619, 6
4620, 4
4621, 4
4622, 3
4623, 4
4624, 2
4625, 2
4626, 2
4627, 2
4628, 1
4629, 4
4630, 3
4631, 4
4632, 2
4633, 3
4634, 4
4635, 3
4636, 2
4637, 4
4638, 4
4639, 2
4640, 1
4641, 2
4642, 5
4643, 1
4644, 1
4645, 1
4646, 3
4647, 1
4648, 3
4649, 5
4650, 4
4651, 5
4652, 1
4653, 4
4654, 1
4655, 3
4656, 6
4657, 6
4658, 3
4659, 5
4660, 2
4661, 2
4662, 4
4663, 5
4664, 3
4665, 5
4666, 1
4667, 4
4668, 2
4669, 3
4670, 2
4671, 3
4672, 3
4673, 4
4674, 5
4675, 5
4676, 4
4677, 2
4678, 6
4679, 5
4680, 5
4681, 3
4682, 4
4683, 3
4684, 3
4685, 4
4686, 1
4687, 3
4688, 3
4689, 2
4690, 3
4691, 5
4692, 2
4693, 4
4694, 3
4695, 4
4696, 3
4697, 1
4698, 2
4699, 5
4700, 5
4701, 3
4702, 4
4703, 2
4704, 5
4705, 2
4706, 4
4707, 2
4708, 2
4709, 2
4710, 5
4711, 6
4712, 4
4713, 3
4714, 4
4715, 4
4716, 4
4717, 5
4718, 3
4719, 2
4720, 2
4721, 3
4722, 5
4723, 2
4724, 4
4725, 4
4726, 5
4727, 3
4728, 2
4729, 4
4730, 6
4731, 2
4732, 4
4733, 3
4734, 5
4735, 3
4736, 3
4737, 2
4738, 3
4739, 2
4740, 1
4741, 3
4742, 4
4743, 5
4744, 7
4745, 3
4746, 1
4747, 4
4748, 7
4749, 4
4750, 4
4751, 1
4752, 3
4753, 4
4754, 4
4755, 3
4756, 3
4757, 3
4758, 4
4759, 5
4760, 3
4761, 3
4762, 4
4763, 2
4764, 3
4765, 4
4766, 4
4767, 1
4768, 3
4769, 2
4770, 4
4771, 5
4772, 3
4773, 4
4774, 3
4775, 3
4776, 7
4777, 6
4778, 3
4779, 7
4780, 5
4781, 3
4782, 3
4783, 5
4784, 4
4785, 4
4786, 6
4787, 4
4788, 4
4789, 6
4790, 3
4791, 3
4792, 7
4793, 4
4794, 6
4795, 4
4796, 2
4797, 4
4798, 2
4799, 3
4800, 5
4801, 2
4802, 2
4803, 3
4804, 7
4805, 6
4806, 5
4807, 2
4808, 2
4809, 1
4810, 4
4811, 2
4812, 1
4813, 3
4814, 5
4815, 1
4816, 4
4817, 3
4818, 4
4819, 2
4820, 2
4821, 3
4822, 4
4823, 3
4824, 4
4825, 3
4826, 4
4827, 5
4828, 5
4829, 3
4830, 3
4831, 4
4832, 5
4833, 5
4834, 1
4835, 1
4836, 7
4837, 3
4838, 1
4839, 3
4840, 3
4841, 2
4842, 2
4843, 2
4844, 2
4845, 1
4846, 7
4847, 7
4848, 1
4849, 2
4850, 5
4851, 1
4852, 1
4853, 2
4854, 5
4855, 2
4856, 5
4857, 7
4858, 3
4859, 5
4860, 3
4861, 1
4862, 3
4863, 1
4864, 4
4865, 3
4866, 3
4867, 5
4868, 3
4869, 1
4870, 5
4871, 4
4872, 4
4873, 3
4874, 4
4875, 5
4876, 4
4877, 2
4878, 5
4879, 4
4880, 6
4881, 3
4882, 5
4883, 5
4884, 3
4885, 4
4886, 3
4887, 8
4888, 2
4889, 2
4890, 4
4891, 2
4892, 2
4893, 7
4894, 3
4895, 2
4896, 5
4897, 2
4898, 5
4899, 3
4900, 4
4901, 4
4902, 2
4903, 2
4904, 3
4905, 5
4906, 5
4907, 3
4908, 3
4909, 2
4910, 2
4911, 5
4912, 6
4913, 4
4914, 4
4915, 2
4916, 4
4917, 7
4918, 3
4919, 7
4920, 2
4921, 1
4922, 3
4923, 4
4924, 4
4925, 2
4926, 6
4927, 5
4928, 2
4929, 2
4930, 4
4931, 2
4932, 3
4933, 1
4934, 5
4935, 1
4936, 6
4937, 1
4938, 3
4939, 4
4940, 4
4941, 2
4942, 4
4943, 2
4944, 4
4945, 4
4946, 5
4947, 4
4948, 5
4949, 4
4950, 6
4951, 5
4952, 2
4953, 4
4954, 2
4955, 2
4956, 4
4957, 4
4958, 4
4959, 2
4960, 4
4961, 1
4962, 3
4963, 6
4964, 2
4965, 4
4966, 2
4967, 3
4968, 5
4969, 2
4970, 4
4971, 8
4972, 5
4973, 6
4974, 4
4975, 2
4976, 2
4977, 6
4978, 3
4979, 2
4980, 3
4981, 2
4982, 6
4983, 3
4984, 3
4985, 4
4986, 4
4987, 3
4988, 2
4989, 2
4990, 5
4991, 4
4992, 5
4993, 3
4994, 6
4995, 3
4996, 4
4997, 2
4998, 8
4999, 9
5000, 3
5001, 6
5002, 1
5003, 3
5004, 4
5005, 2
5006, 4
5007, 3
5008, 5
5009, 2
5010, 7
5011, 2
5012, 3
5013, 5
5014, 5
5015, 5
5016, 4
5017, 4
5018, 6
5019, 2
5020, 3
5021, 2
5022, 2
5023, 4
5024, 5
5025, 4
5026, 4
5027, 7
5028, 2
5029, 3
5030, 7
5031, 2
5032, 2
5033, 1
5034, 5
5035, 5
5036, 4
5037, 8
5038, 5
5039, 1
5040, 1
5041, 1
5042, 3
5043, 3
5044, 3
5045, 2
5046, 5
5047, 1
5048, 8
5049, 5
5050, 5
5051, 6
5052, 3
5053, 2
5054, 4
5055, 5
5056, 1
5057, 5
5058, 3
5059, 4
5060, 2
5061, 4
5062, 5
5063, 5
5064, 2
5065, 5
5066, 7
5067, 2
5068, 3
5069, 5
5070, 2
5071, 2
5072, 9
5073, 4
5074, 4
5075, 4
5076, 5
5077, 2
5078, 6
5079, 3
5080, 6
5081, 5
5082, 6
5083, 1
5084, 5
5085, 2
5086, 7
5087, 3
5088, 7
5089, 4
5090, 4
5091, 5
5092, 5
5093, 2
5094, 5
5095, 3
5096, 4
5097, 2
5098, 2
5099, 3
5100, 5
5101, 7
5102, 5
5103, 4
5104, 4
5105, 5
5106, 3
5107, 4
5108, 6
5109, 3
5110, 5
5111, 3
5112, 3
5113, 1
5114, 3
5115, 3
5116, 4
5117, 2
5118, 1
5119, 3
5120, 1
5121, 5
5122, 4
5123, 5
5124, 4
5125, 3
5126, 3
5127, 1
5128, 5
5129, 4
5130, 3
5131, 4
5132, 4
5133, 2
5134, 4
5135, 5
5136, 3
5137, 3
5138, 6
5139, 1
5140, 7
5141, 3
5142, 3
5143, 2
5144, 1
5145, 5
5146, 2
5147, 4
5148, 2
5149, 5
5150, 3
5151, 4
5152, 5
5153, 4
5154, 5
5155, 4
5156, 5
5157, 4
5158, 2
5159, 6
5160, 2
5161, 2
5162, 4
5163, 3
5164, 5
5165, 4
5166, 4
5167, 3
5168, 5
5169, 7
5170, 4
5171, 1
5172, 6
5173, 4
5174, 3
5175, 7
5176, 4
5177, 3
5178, 3
5179, 3
5180, 4
5181, 2
5182, 5
5183, 5
5184, 3
5185, 3
5186, 3
5187, 2
5188, 5
5189, 1
5190, 4
5191, 3
5192, 1
5193, 8
5194, 4
5195, 1
5196, 6
5197, 5
5198, 4
5199, 2
5200, 3
5201, 7
5202, 3
5203, 4
5204, 7
5205, 3
5206, 4
5207, 3
5208, 3
5209, 3
5210, 2
5211, 5
5212, 3
5213, 2
5214, 6
5215, 2
5216, 3
5217, 5
5218, 4
5219, 5
5220, 3
5221, 3
5222, 5
5223, 5
5224, 6
5225, 3
5226, 4
5227, 6
5228, 4
5229, 3
5230, 2
5231, 3
5232, 5
5233, 2
5234, 4
5235, 2
5236, 5
5237, 3
5238, 5
5239, 2
5240, 5
5241, 4
5242, 3
5243, 1
5244, 3
5245, 6
5246, 3
5247, 3
5248, 3
5249, 3
5250, 3
5251, 4
5252, 3
5253, 5
5254, 2
5255, 4
5256, 5
5257, 3
5258, 2
5259, 5
5260, 4
5261, 8
5262, 3
5263, 7
5264, 3
5265, 2
5266, 2
5267, 4
5268, 4
5269, 7
5270, 2
5271, 5
5272, 6
5273, 6
5274, 2
5275, 6
5276, 3
5277, 6
5278, 1
5279, 3
5280, 2
5281, 5
5282, 4
5283, 5
5284, 4
5285, 4
5286, 5
5287, 4
5288, 2
5289, 4
5290, 3
5291, 4
5292, 2
5293, 5
5294, 4
5295, 2
5296, 3
5297, 4
5298, 2
5299, 1
5300, 2
5301, 3
5302, 3
5303, 6
5304, 2
5305, 4
5306, 2
5307, 4
5308, 2
5309, 3
5310, 2
5311, 2
5312, 3
5313, 5
5314, 3
5315, 5
5316, 3
5317, 3
5318, 3
5319, 4
5320, 3
5321, 3
5322, 3
5323, 3
5324, 3
5325, 2
5326, 3
5327, 9
5328, 4
5329, 4
5330, 4
5331, 5
5332, 2
5333, 6
5334, 3
5335, 5
5336, 4
5337, 4
5338, 3
5339, 3
5340, 3
5341, 4
5342, 3
5343, 4
5344, 3
5345, 1
5346, 5
5347, 1
5348, 3
5349, 4
5350, 4
5351, 2
5352, 3
5353, 1
5354, 3
5355, 5
5356, 4
5357, 5
5358, 3
5359, 5
5360, 4
5361, 4
5362, 2
5363, 4
5364, 4
5365, 2
5366, 6
5367, 4
5368, 4
5369, 3
5370, 4
5371, 4
5372, 2
5373, 5
5374, 4
5375, 3
5376, 3
5377, 4
5378, 6
5379, 3
5380, 3
5381, 2
5382, 4
5383, 4
5384, 1
5385, 3
5386, 4
5387, 4
5388, 1
5389, 4
5390, 4
5391, 5
5392, 5
5393, 6
5394, 4
5395, 2
5396, 5
5397, 3
5398, 4
5399, 2
5400, 3
5401, 2
5402, 6
5403, 6
5404, 4
5405, 1
5406, 5
5407, 1
5408, 9
5409, 6
5410, 6
5411, 1
5412, 2
5413, 2
5414, 2
5415, 3
5416, 3
5417, 4
5418, 2
5419, 2
5420, 3
5421, 2
5422, 3
5423, 4
5424, 5
5425, 2
5426, 1
5427, 2
5428, 4
5429, 3
5430, 7
5431, 3
5432, 8
5433, 2
5434, 5
5435, 3
5436, 3
5437, 5
5438, 5
5439, 3
5440, 3
5441, 2
5442, 3
5443, 2
5444, 5
5445, 6
5446, 3
5447, 3
5448, 3
5449, 2
5450, 2
5451, 3
5452, 3
5453, 6
5454, 2
5455, 2
5456, 7
5457, 4
5458, 6
5459, 3
5460, 2
5461, 2
5462, 1
5463, 4
5464, 6
5465, 4
5466, 2
5467, 3
5468, 2
5469, 3
5470, 2
5471, 3
5472, 7
5473, 3
5474, 3
5475, 2
5476, 5
5477, 2
5478, 5
5479, 2
5480, 3
5481, 2
5482, 2
5483, 2
5484, 6
5485, 2
5486, 2
5487, 6
5488, 4
5489, 4
5490, 4
5491, 2
5492, 3
5493, 5
5494, 3
5495, 7
5496, 7
5497, 5
5498, 10
5499, 5
5500, 6
5501, 5
5502, 3
5503, 6
5504, 3
5505, 3
5506, 3
5507, 2
5508, 5
5509, 4
5510, 3
5511, 4
5512, 4
5513, 5
5514, 3
5515, 2
5516, 3
5517, 5
5518, 2
5519, 3
5520, 4
5521, 2
5522, 4
5523, 3
5524, 4
5525, 2
5526, 1
5527, 6
5528, 3
5529, 4
5530, 1
5531, 4
5532, 5
5533, 5
5534, 5
5535, 5
5536, 7
5537, 4
5538, 5
5539, 7
5540, 2
5541, 2
5542, 3
5543, 5
5544, 3
5545, 5
5546, 4
5547, 2
5548, 5
5549, 8
5550, 2
5551, 5
5552, 1
5553, 4
5554, 2
5555, 5
5556, 5
5557, 5
5558, 2
5559, 1
5560, 3
5561, 4
5562, 2
5563, 3
5564, 1
5565, 3
5566, 3
5567, 4
5568, 3
5569, 3
5570, 1
5571, 3
5572, 3
5573, 4
5574, 1
5575, 5
5576, 3
5577, 2
5578, 4
5579, 4
5580, 5
5581, 3
5582, 5
5583, 4
5584, 5
5585, 1
5586, 3
5587, 2
5588, 4
5589, 8
5590, 5
5591, 8
5592, 2
5593, 3
5594, 4
5595, 4
5596, 4
5597, 3
5598, 8
5599, 3
5600, 8
5601, 3
5602, 5
5603, 8
5604, 3
5605, 3
5606, 3
5607, 5
5608, 4
5609, 1
5610, 3
5611, 4
5612, 5
5613, 5
5614, 2
5615, 1
5616, 3
5617, 3
5618, 2
5619, 1
5620, 2
5621, 5
5622, 5
5623, 4
5624, 2
5625, 1
5626, 1
5627, 4
5628, 1
5629, 6
5630, 3
5631, 3
5632, 4
5633, 6
5634, 3
5635, 8
5636, 2
5637, 4
5638, 5
5639, 3
5640, 4
5641, 3
5642, 3
5643, 7
5644, 4
5645, 5
5646, 2
5647, 4
5648, 1
5649, 4
5650, 3
5651, 4
5652, 3
5653, 3
5654, 3
5655, 4
5656, 5
5657, 3
5658, 2
5659, 2
5660, 4
5661, 4
5662, 3
5663, 4
5664, 4
5665, 3
5666, 3
5667, 2
5668, 1
5669, 3
5670, 4
5671, 4
5672, 4
5673, 3
5674, 4
5675, 2
5676, 4
5677, 3
5678, 4
5679, 7
5680, 1
5681, 2
5682, 2
5683, 5
5684, 4
5685, 4
5686, 6
5687, 4
5688, 6
5689, 2
5690, 4
5691, 4
5692, 2
5693, 4
5694, 4
5695, 3
5696, 2
5697, 3
5698, 3
5699, 4
5700, 2
5701, 8
5702, 3
5703, 6
5704, 1
5705, 4
5706, 3
5707, 5
5708, 1
5709, 4
5710, 5
5711, 2
5712, 5
5713, 3
5714, 5
5715, 4
5716, 2
5717, 5
5718, 3
5719, 3
5720, 3
5721, 2
5722, 2
5723, 3
5724, 4
5725, 5
5726, 2
5727, 5
5728, 1
5729, 6
5730, 3
5731, 3
5732, 4
5733, 1
5734, 5
5735, 1
5736, 3
5737, 1
5738, 7
5739, 4
5740, 4
5741, 4
5742, 3
5743, 3
5744, 3
5745, 6
5746, 2
5747, 2
5748, 2
5749, 2
5750, 2
5751, 1
5752, 2
5753, 4
5754, 5
5755, 5
5756, 5
5757, 7
5758, 8
5759, 3
5760, 8
5761, 4
5762, 3
5763, 4
5764, 7
5765, 5
5766, 5
5767, 4
5768, 8
5769, 5
5770, 6
5771, 4
5772, 4
5773, 4
5774, 4
5775, 5
5776, 9
5777, 4
5778, 4
5779, 5
5780, 4
5781, 5
5782, 2
5783, 4
5784, 2
5785, 4
5786, 4
5787, 2
5788, 4
5789, 3
5790, 2
5791, 3
5792, 3
5793, 5
5794, 4
5795, 4
5796, 3
5797, 4
5798, 2
5799, 3
5800, 2
5801, 4
5802, 3
5803, 3
5804, 4
5805, 2
5806, 7
5807, 3
5808, 2
5809, 3
5810, 1
5811, 4
5812, 3
5813, 4
5814, 4
5815, 2
5816, 6
5817, 1
5818, 2
5819, 4
5820, 5
5821, 3
5822, 5
5823, 3
5824, 2
5825, 6
5826, 4
5827, 2
5828, 5
5829, 3
5830, 7
5831, 6
5832, 5
5833, 7
5834, 2
5835, 5
5836, 4
5837, 6
5838, 3
5839, 1
5840, 9
5841, 7
5842, 5
5843, 6
5844, 3
5845, 5
5846, 5
5847, 8
5848, 1
5849, 3
5850, 5
5851, 3
5852, 4
5853, 3
5854, 4
5855, 3
5856, 4
5857, 5
5858, 3
5859, 8
5860, 4
5861, 4
5862, 2
5863, 3
5864, 6
5865, 6
5866, 1
5867, 3
5868, 5
5869, 4
5870, 7
5871, 5
5872, 5
5873, 1
5874, 3
5875, 2
5876, 5
5877, 2
5878, 5
5879, 4
5880, 3
5881, 2
5882, 4
5883, 2
5884, 6
5885, 2
5886, 3
5887, 5
5888, 6
5889, 1
5890, 4
5891, 7
5892, 6
5893, 2
5894, 4
5895, 5
5896, 6
5897, 2
5898, 7
5899, 2
5900, 2
5901, 1
5902, 9
5903, 4
5904, 4
5905, 2
5906, 4
5907, 4
5908, 4
5909, 7
5910, 4
5911, 1
5912, 5
5913, 4
5914, 5
5915, 4
5916, 4
5917, 4
5918, 4
5919, 4
5920, 1
5921, 4
5922, 4
5923, 5
5924, 7
5925, 5
5926, 3
5927, 5
5928, 4
5929, 3
5930, 4
5931, 6
5932, 5
5933, 2
5934, 4
5935, 4
5936, 7
5937, 4
5938, 3
5939, 4
5940, 4
5941, 6
5942, 1
5943, 3
5944, 7
5945, 6
5946, 7
5947, 4
5948, 1
5949, 4
5950, 6
5951, 2
5952, 4
5953, 4
5954, 4
5955, 4
5956, 1
5957, 3
5958, 2
5959, 6
5960, 5
5961, 4
5962, 10
5963, 8
5964, 3
5965, 2
5966, 4
5967, 2
5968, 3
5969, 2
5970, 1
5971, 3
5972, 6
5973, 3
5974, 3
5975, 4
5976, 2
5977, 5
5978, 2
5979, 3
5980, 5
5981, 2
5982, 5
5983, 7
5984, 4
5985, 5
5986, 6
5987, 5
5988, 4
5989, 6
5990, 5
5991, 2
5992, 5
5993, 5
5994, 4
5995, 4
5996, 3
5997, 4
5998, 2
5999, 3
6000, 6
6001, 6
6002, 3
6003, 4
6004, 3
6005, 3
6006, 4
6007, 3
6008, 4
6009, 3
6010, 3
6011, 4
6012, 4
6013, 7
6014, 3
6015, 5
6016, 3
6017, 6
6018, 3
6019, 3
6020, 5
6021, 2
6022, 4
6023, 4
6024, 5
6025, 2
6026, 4
6027, 4
6028, 6
6029, 3
6030, 6
6031, 2
6032, 4
6033, 6
6034, 1
6035, 9
6036, 2
6037, 4
6038, 4
6039, 6
6040, 2
6041, 2
6042, 1
6043, 5
6044, 8
6045, 7
6046, 2
6047, 2
6048, 5
6049, 3
6050, 2
6051, 7
6052, 4
6053, 4
6054, 5
6055, 9
6056, 2
6057, 5
6058, 3
6059, 6
6060, 6
6061, 3
6062, 3
6063, 2
6064, 2
6065, 1
6066, 5
6067, 1
6068, 3
6069, 4
6070, 4
6071, 3
6072, 8
6073, 2
6074, 4
6075, 2
6076, 5
6077, 2
6078, 5
6079, 4
6080, 6
6081, 3
6082, 4
6083, 4
6084, 2
6085, 6
6086, 4
6087, 3
6088, 4
6089, 5
6090, 3
6091, 4
6092, 4
6093, 1
6094, 5
6095, 5
6096, 4
6097, 3
6098, 3
6099, 5
6100, 3
6101, 5
6102, 2
6103, 3
6104, 2
6105, 4
6106, 2
6107, 4
6108, 4
6109, 5
6110, 5
6111, 4
6112, 2
6113, 5
6114, 4
6115, 4
6116, 2
6117, 5
6118, 2
6119, 7
6120, 4
6121, 5
6122, 5
6123, 3
6124, 5
6125, 2
6126, 1
6127, 5
6128, 5
6129, 8
6130, 1
6131, 5
6132, 4
6133, 5
6134, 5
6135, 3
6136, 4
6137, 3
6138, 2
6139, 2
6140, 4
6141, 1
6142, 2
6143, 2
6144, 4
6145, 4
6146, 2
6147, 5
6148, 7
6149, 5
6150, 5
6151, 3
6152, 3
6153, 4
6154, 1
6155, 4
6156, 2
6157, 7
6158, 2
6159, 6
6160, 2
6161, 4
6162, 2
6163, 2
6164, 3
6165, 6
6166, 3
6167, 6
6168, 1
6169, 4
6170, 1
6171, 2
6172, 2
6173, 4
6174, 2
6175, 6
6176, 1
6177, 3
6178, 2
6179, 6
6180, 2
6181, 3
6182, 1
6183, 5
6184, 3
6185, 6
6186, 3
6187, 8
6188, 2
6189, 4
6190, 1
6191, 6
6192, 6
6193, 2
6194, 6
6195, 3
6196, 2
6197, 6
6198, 5
6199, 5
6200, 5
6201, 4
6202, 7
6203, 6
6204, 2
6205, 1
6206, 3
6207, 5
6208, 7
6209, 6
6210, 3
6211, 4
6212, 1
6213, 5
6214, 1
6215, 5
6216, 7
6217, 8
6218, 3
6219, 4
6220, 2
6221, 2
6222, 4
6223, 2
6224, 4
6225, 3
6226, 4
6227, 6
6228, 6
6229, 4
6230, 2
6231, 3
6232, 6
6233, 3
6234, 5
6235, 2
6236, 3
6237, 4
6238, 5
6239, 4
6240, 6
6241, 4
6242, 2
6243, 5
6244, 4
6245, 4
6246, 5
6247, 5
6248, 1
6249, 2
6250, 5
6251, 6
6252, 2
6253, 4
6254, 2
6255, 3
6256, 5
6257, 5
6258, 5
6259, 4
6260, 5
6261, 4
6262, 3
6263, 4
6264, 3
6265, 4
6266, 3
6267, 8
6268, 3
6269, 5
6270, 6
6271, 8
6272, 1
6273, 4
6274, 6
6275, 5
6276, 3
6277, 7
6278, 2
6279, 3
6280, 3
6281, 6
6282, 5
6283, 6
6284, 5
6285, 3
6286, 5
6287, 3
6288, 4
6289, 9
6290, 3
6291, 4
6292, 3
6293, 4
6294, 2
6295, 6
6296, 3
6297, 3
6298, 3
6299, 3
6300, 4
6301, 3
6302, 3
6303, 4
6304, 1
6305, 3
6306, 2
6307, 3
6308, 1
6309, 4
6310, 6
6311, 3
6312, 3
6313, 6
6314, 1
6315, 6
6316, 5
6317, 3
6318, 3
6319, 3
6320, 2
6321, 4
6322, 3
6323, 5
6324, 3
6325, 3
6326, 4
6327, 4
6328, 6
6329, 5
6330, 4
6331, 5
6332, 2
6333, 3
6334, 4
6335, 5
6336, 3
6337, 2
6338, 4
6339, 4
6340, 3
6341, 5
6342, 3
6343, 3
6344, 3
6345, 6
6346, 2
6347, 4
6348, 4
6349, 2
6350, 3
6351, 2
6352, 7
6353, 4
6354, 4
6355, 2
6356, 3
6357, 6
6358, 4
6359, 5
6360, 3
6361, 4
6362, 2
6363, 3
6364, 5
6365, 2
6366, 4
6367, 5
6368, 10
6369, 5
6370, 1
6371, 6
6372, 2
6373, 2
6374, 4
6375, 5
6376, 4
6377, 3
6378, 2
6379, 4
6380, 6
6381, 6
6382, 5
6383, 4
6384, 2
6385, 5
6386, 5
6387, 4
6388, 5
6389, 4
6390, 3
6391, 3
6392, 5
6393, 3
6394, 6
6395, 3
6396, 2
6397, 2
6398, 3
6399, 3
6400, 6
6401, 4
6402, 4
6403, 1
6404, 4
6405, 5
6406, 5
6407, 1
6408, 3
6409, 1
6410, 4
6411, 3
6412, 4
6413, 5
6414, 1
6415, 6
6416, 2
6417, 5
6418, 4
6419, 5
6420, 1
6421, 4
6422, 3
6423, 3
6424, 2
6425, 2
6426, 2
6427, 3
6428, 7
6429, 2
6430, 5
6431, 5
6432, 4
6433, 2
6434, 3
6435, 2
6436, 4
6437, 4
6438, 6
6439, 7
6440, 3
6441, 6
6442, 4
6443, 3
6444, 2
6445, 5
6446, 3
6447, 4
6448, 2
6449, 6
6450, 3
6451, 5
6452, 2
6453, 6
6454, 2
6455, 4
6456, 1
6457, 5
6458, 3
6459, 2
6460, 1
6461, 4
6462, 4
6463, 5
6464, 1
6465, 4
6466, 3
6467, 3
6468, 1
6469, 2
6470, 1
6471, 4
6472, 1
6473, 2
6474, 5
6475, 4
6476, 2
6477, 4
6478, 2
6479, 4
6480, 4
6481, 4
6482, 1
6483, 4
6484, 2
6485, 3
6486, 4
6487, 2
6488, 4
6489, 3
6490, 2
6491, 3
6492, 4
6493, 3
6494, 1
6495, 6
6496, 3
6497, 1
6498, 5
6499, 4
6500, 4
6501, 3
6502, 2
6503, 4
6504, 1
6505, 3
6506, 1
6507, 1
6508, 1
6509, 5
6510, 3
6511, 1
6512, 3
6513, 2
6514, 3
6515, 3
6516, 3
6517, 3
6518, 7
6519, 3
6520, 1
6521, 2
6522, 5
6523, 5
6524, 3
6525, 1
6526, 5
6527, 5
6528, 3
6529, 4
6530, 2
6531, 4
6532, 3
6533, 3
6534, 2
6535, 4
6536, 2
6537, 1
6538, 2
6539, 3
6540, 3
6541, 3
6542, 2
6543, 6
6544, 2
6545, 6
6546, 4
6547, 5
6548, 4
6549, 8
6550, 1
6551, 5
6552, 3
6553, 4
6554, 5
6555, 4
6556, 2
6557, 5
6558, 3
6559, 6
6560, 6
6561, 1
6562, 3
6563, 4
6564, 4
6565, 5
6566, 4
6567, 4
6568, 5
6569, 2
6570, 3
6571, 3
6572, 5
6573, 1
6574, 1
6575, 5
6576, 5
6577, 4
6578, 3
6579, 4
6580, 3
6581, 4
6582, 4
6583, 2
6584, 3
6585, 3
6586, 2
6587, 3
6588, 2
6589, 5
6590, 1
6591, 4
6592, 2
6593, 4
6594, 1
6595, 6
6596, 5
6597, 4
6598, 3
6599, 5
6600, 3
6601, 2
6602, 2
6603, 4
6604, 6
6605, 3
6606, 3
6607, 1
6608, 7
6609, 2
6610, 3
6611, 1
6612, 4
6613, 2
6614, 3
6615, 4
6616, 6
6617, 7
6618, 2
6619, 2
6620, 1
6621, 6
6622, 3
6623, 1
6624, 1
6625, 3
6626, 1
6627, 2
6628, 4
6629, 5
6630, 5
6631, 4
6632, 5
6633, 5
6634, 3
6635, 2
6636, 1
6637, 6
6638, 3
6639, 2
6640, 2
6641, 5
6642, 3
6643, 4
6644, 2
6645, 2
6646, 3
6647, 6
6648, 2
6649, 8
6650, 4
6651, 2
6652, 3
6653, 4
6654, 2
6655, 2
6656, 4
6657, 2
6658, 4
6659, 4
6660, 5
6661, 3
6662, 3
6663, 2
6664, 5
6665, 3
6666, 4
6667, 4
6668, 4
6669, 4
6670, 5
6671, 6
6672, 3
6673, 4
6674, 2
6675, 4
6676, 2
6677, 1
6678, 5
6679, 4
6680, 3
6681, 2
6682, 3
6683, 4
6684, 2
6685, 4
6686, 3
6687, 2
6688, 7
6689, 2
6690, 3
6691, 2
6692, 6
6693, 4
6694, 3
6695, 4
6696, 1
6697, 5
6698, 6
6699, 4
6700, 3
6701, 3
6702, 4
6703, 3
6704, 4
6705, 4
6706, 4
6707, 2
6708, 3
6709, 7
6710, 4
6711, 2
6712, 4
6713, 2
6714, 1
6715, 6
6716, 1
6717, 3
6718, 3
6719, 3
6720, 2
6721, 5
6722, 3
6723, 6
6724, 2
6725, 8
6726, 2
6727, 4
6728, 9
6729, 3
6730, 2
6731, 5
6732, 5
6733, 4
6734, 1
6735, 2
6736, 3
6737, 4
6738, 3
6739, 9
6740, 4
6741, 3
6742, 2
6743, 5
6744, 4
6745, 3
6746, 6
6747, 3
6748, 5
6749, 6
6750, 2
6751, 1
6752, 3
6753, 3
6754, 5
6755, 4
6756, 5
6757, 4
6758, 3
6759, 2
6760, 2
6761, 2
6762, 4
6763, 3
6764, 4
6765, 5
6766, 6
6767, 3
6768, 3
6769, 3
6770, 2
6771, 5
6772, 4
6773, 2
6774, 4
6775, 4
6776, 3
6777, 2
6778, 3
6779, 8
6780, 3
6781, 2
6782, 3
6783, 6
6784, 3
6785, 5
6786, 2
6787, 4
6788, 3
6789, 2
6790, 3
6791, 3
6792, 4
6793, 5
6794, 1
6795, 4
6796, 1
6797, 2
6798, 2
6799, 3
6800, 2
6801, 6
6802, 2
6803, 7
6804, 6
6805, 7
6806, 3
6807, 1
6808, 3
6809, 3
6810, 5
6811, 2
6812, 3
6813, 5
6814, 7
6815, 3
6816, 3
6817, 6
6818, 4
6819, 4
6820, 3
6821, 1
6822, 5
6823, 5
6824, 5
6825, 3
6826, 2
6827, 3
6828, 3
6829, 2
6830, 6
6831, 4
6832, 1
6833, 7
6834, 4
6835, 5
6836, 3
6837, 6
6838, 3
6839, 4
6840, 4
6841, 2
6842, 5
6843, 1
6844, 1
6845, 6
6846, 3
6847, 5
6848, 2
6849, 1
6850, 4
6851, 5
6852, 3
6853, 2
6854, 3
6855, 5
6856, 5
6857, 1
6858, 2
6859, 4
6860, 7
6861, 6
6862, 2
6863, 2
6864, 2
6865, 2
6866, 4
6867, 6
6868, 3
6869, 4
6870, 1
6871, 1
6872, 1
6873, 6
6874, 1
6875, 1
6876, 2
6877, 1
6878, 3
6879, 4
6880, 4
6881, 6
6882, 1
6883, 2
6884, 4
6885, 4
6886, 2
6887, 2
6888, 7
6889, 3
6890, 3
6891, 3
6892, 3
6893, 4
6894, 2
6895, 4
6896, 2
6897, 5
6898, 5
6899, 4
6900, 2
6901, 3
6902, 7
6903, 3
6904, 3
6905, 4
6906, 2
6907, 4
6908, 3
6909, 4
6910, 3
6911, 9
6912, 3
6913, 6
6914, 3
6915, 3
6916, 5
6917, 5
6918, 3
6919, 4
6920, 4
6921, 4
6922, 6
6923, 3
6924, 2
6925, 4
6926, 2
6927, 2
6928, 4
6929, 4
6930, 4
6931, 6
6932, 6
6933, 2
6934, 2
6935, 3
6936, 6
6937, 4
6938, 1
6939, 6
6940, 2
6941, 4
6942, 5
6943, 1
6944, 2
6945, 4
6946, 4
6947, 2
6948, 3
6949, 4
6950, 4
6951, 3
6952, 4
6953, 4
6954, 3
6955, 4
6956, 4
6957, 3
6958, 4
6959, 7
6960, 4
6961, 4
6962, 3
6963, 4
6964, 4
6965, 3
6966, 4
6967, 3
6968, 5
6969, 7
6970, 3
6971, 5
6972, 8
6973, 2
6974, 4
6975, 8
6976, 2
6977, 2
6978, 1
6979, 4
6980, 2
6981, 6
6982, 2
6983, 2
6984, 6
6985, 3
6986, 1
6987, 4
6988, 6
6989, 2
6990, 4
6991, 1
6992, 1
6993, 7
6994, 4
6995, 7
6996, 3
6997, 2
6998, 4
6999, 3
7000, 2
7001, 3
7002, 4
7003, 1
7004, 2
7005, 4
7006, 4
7007, 3
7008, 3
7009, 3
7010, 3
7011, 7
7012, 3
7013, 6
7014, 4
7015, 3
7016, 5
7017, 6
7018, 5
7019, 3
7020, 5
7021, 3
7022, 2
7023, 4
7024, 3
7025, 6
7026, 4
7027, 6
7028, 2
7029, 5
7030, 3
7031, 5
7032, 4
7033, 5
7034, 3
7035, 2
7036, 3
7037, 5
7038, 3
7039, 3
7040, 3
7041, 2
7042, 3
7043, 5
7044, 1
7045, 5
7046, 2
7047, 4
7048, 3
7049, 1
7050, 3
7051, 4
7052, 2
7053, 6
7054, 3
7055, 4
7056, 5
7057, 4
7058, 2
7059, 2
7060, 2
7061, 6
7062, 6
7063, 1
7064, 4
7065, 5
7066, 2
7067, 2
7068, 2
7069, 3
7070, 2
7071, 3
7072, 3
7073, 8
7074, 1
7075, 8
7076, 2
7077, 4
7078, 3
7079, 4
7080, 5
7081, 2
7082, 3
7083, 3
7084, 3
7085, 3
7086, 4
7087, 3
7088, 4
7089, 2
7090, 3
7091, 4
7092, 1
7093, 4
7094, 2
7095, 3
7096, 5
7097, 3
7098, 6
7099, 3
7100, 5
7101, 4
7102, 1
7103, 8
7104, 4
7105, 6
7106, 1
7107, 3
7108, 3
7109, 1
7110, 1
7111, 5
7112, 2
7113, 2
7114, 2
7115, 2
7116, 2
7117, 2
7118, 3
7119, 7
7120, 3
7121, 1
7122, 4
7123, 1
7124, 2
7125, 7
7126, 5
7127, 2
7128, 10
7129, 5
7130, 2
7131, 3
7132, 5
7133, 2
7134, 3
7135, 3
7136, 4
7137, 3
7138, 4
7139, 3
7140, 2
7141, 5
7142, 6
7143, 1
7144, 5
7145, 4
7146, 3
7147, 4
7148, 2
7149, 5
7150, 5
7151, 4
7152, 4
7153, 2
7154, 4
7155, 6
7156, 7
7157, 5
7158, 3
7159, 5
7160, 3
7161, 4
7162, 3
7163, 4
7164, 6
7165, 6
7166, 1
7167, 2
7168, 6
7169, 2
7170, 7
7171, 2
7172, 2
7173, 4
7174, 2
7175, 2
7176, 2
7177, 5
7178, 3
7179, 4
7180, 5
7181, 2
7182, 3
7183, 4
7184, 4
7185, 3
7186, 3
7187, 4
7188, 6
7189, 1
7190, 4
7191, 6
7192, 1
7193, 3
7194, 5
7195, 3
7196, 2
7197, 3
7198, 4
7199, 3
7200, 3
7201, 5
7202, 2
7203, 3
7204, 2
7205, 2
7206, 7
7207, 8
7208, 4
7209, 2
7210, 2
7211, 5
7212, 4
7213, 3
7214, 1
7215, 3
7216, 3
7217, 7
7218, 5
7219, 4
7220, 8
7221, 6
7222, 3
7223, 7
7224, 3
7225, 8
7226, 2
7227, 3
7228, 2
7229, 5
7230, 3
7231, 3
7232, 5
7233, 4
7234, 3
7235, 6
7236, 6
7237, 3
7238, 3
7239, 6
7240, 5
7241, 5
7242, 5
7243, 4
7244, 5
7245, 3
7246, 5
7247, 4
7248, 2
7249, 4
7250, 6
7251, 5
7252, 3
7253, 4
7254, 1
7255, 6
7256, 3
7257, 6
7258, 4
7259, 4
7260, 4
7261, 5
7262, 5
7263, 5
7264, 6
7265, 7
7266, 2
7267, 3
7268, 4
7269, 2
7270, 3
7271, 4
7272, 3
7273, 3
7274, 2
7275, 4
7276, 1
7277, 3
7278, 1
7279, 4
7280, 2
7281, 3
7282, 2
7283, 5
7284, 4
7285, 4
7286, 7
7287, 5
7288, 4
7289, 6
7290, 4
7291, 5
7292, 4
7293, 4
7294, 3
7295, 4
7296, 7
7297, 2
7298, 7
7299, 2
7300, 3
7301, 3
7302, 3
7303, 2
7304, 3
7305, 3
7306, 4
7307, 3
7308, 3
7309, 5
7310, 1
7311, 3
7312, 4
7313, 3
7314, 4
7315, 2
7316, 6
7317, 4
7318, 2
7319, 6
7320, 3
7321, 4
7322, 5
7323, 3
7324, 3
7325, 3
7326, 2
7327, 2
7328, 2
7329, 4
7330, 4
7331, 4
7332, 3
7333, 4
7334, 3
7335, 3
7336, 5
7337, 2
7338, 5
7339, 8
7340, 1
7341, 2
7342, 3
7343, 3
7344, 5
7345, 3
7346, 3
7347, 2
7348, 2
7349, 5
7350, 2
7351, 2
7352, 5
7353, 4
7354, 3
7355, 4
7356, 4
7357, 5
7358, 5
7359, 5
7360, 5
7361, 4
7362, 5
7363, 2
7364, 2
7365, 4
7366, 4
7367, 3
7368, 3
7369, 5
7370, 4
7371, 2
7372, 3
7373, 3
7374, 4
7375, 8
7376, 3
7377, 4
7378, 2
7379, 5
7380, 4
7381, 4
7382, 2
7383, 5
7384, 1
7385, 3
7386, 4
7387, 5
7388, 2
7389, 4
7390, 4
7391, 2
7392, 2
7393, 4
7394, 3
7395, 4
7396, 3
7397, 1
7398, 7
7399, 4
7400, 4
7401, 3
7402, 5
7403, 3
7404, 2
7405, 4
7406, 3
7407, 3
7408, 3
7409, 5
7410, 4
7411, 2
7412, 3
7413, 7
7414, 3
7415, 2
7416, 1
7417, 3
7418, 4
7419, 1
7420, 4
7421, 4
7422, 2
7423, 5
7424, 3
7425, 5
7426, 2
7427, 3
7428, 6
7429, 4
7430, 2
7431, 2
7432, 4
7433, 2
7434, 1
7435, 1
7436, 3
7437, 4
7438, 5
7439, 4
7440, 3
7441, 6
7442, 3
7443, 2
7444, 6
7445, 2
7446, 2
7447, 3
7448, 4
7449, 6
7450, 2
7451, 1
7452, 1
7453, 5
7454, 6
7455, 3
7456, 2
7457, 3
7458, 1
7459, 6
7460, 4
7461, 4
7462, 6
7463, 6
7464, 7
7465, 4
7466, 3
7467, 3
7468, 4
7469, 6
7470, 3
7471, 1
7472, 6
7473, 3
7474, 5
7475, 2
7476, 2
7477, 3
7478, 5
7479, 2
7480, 3
7481, 3
7482, 3
7483, 2
7484, 2
7485, 5
7486, 5
7487, 4
7488, 3
7489, 4
7490, 3
7491, 9
7492, 4
7493, 2
7494, 2
7495, 2
7496, 2
7497, 3
7498, 3
7499, 3
7500, 2
7501, 5
7502, 4
7503, 2
7504, 6
7505, 4
7506, 3
7507, 1
7508, 2
7509, 1
7510, 4
7511, 5
7512, 3
7513, 3
7514, 1
7515, 2
7516, 5
7517, 1
7518, 4
7519, 5
7520, 2
7521, 3
7522, 3
7523, 5
7524, 3
7525, 1
7526, 1
7527, 3
7528, 1
7529, 2
7530, 4
7531, 3
7532, 4
7533, 4
7534, 5
7535, 7
7536, 3
7537, 5
7538, 2
7539, 3
7540, 5
7541, 3
7542, 5
7543, 6
7544, 7
7545, 7
7546, 4
7547, 2
7548, 1
7549, 7
7550, 1
7551, 4
7552, 2
7553, 3
7554, 1
7555, 3
7556, 4
7557, 2
7558, 8
7559, 3
7560, 2
7561, 5
7562, 2
7563, 7
7564, 3
7565, 4
7566, 4
7567, 4
7568, 4
7569, 2
7570, 4
7571, 5
7572, 3
7573, 3
7574, 5
7575, 3
7576, 2
7577, 6
7578, 4
7579, 3
7580, 4
7581, 4
7582, 2
7583, 2
7584, 3
7585, 8
7586, 2
7587, 5
7588, 3
7589, 6
7590, 5
7591, 5
7592, 4
7593, 3
7594, 3
7595, 6
7596, 3
7597, 5
7598, 2
7599, 4
7600, 4
7601, 9
7602, 5
7603, 3
7604, 3
7605, 5
7606, 3
7607, 1
7608, 2
7609, 3
7610, 4
7611, 6
7612, 3
7613, 4
7614, 2
7615, 3
7616, 2
7617, 3
7618, 5
7619, 4
7620, 3
7621, 2
7622, 2
7623, 3
7624, 3
7625, 3
7626, 5
7627, 3
7628, 5
7629, 2
7630, 2
7631, 2
7632, 5
7633, 1
7634, 4
7635, 3
7636, 1
7637, 1
7638, 4
7639, 3
7640, 3
7641, 6
7642, 3
7643, 2
7644, 3
7645, 4
7646, 4
7647, 4
7648, 4
7649, 1
7650, 4
7651, 2
7652, 3
7653, 3
7654, 4
7655, 2
7656, 4
7657, 3
7658, 4
7659, 2
7660, 6
7661, 3
7662, 4
7663, 3
7664, 4
7665, 4
7666, 2
7667, 8
7668, 3
7669, 3
7670, 2
7671, 4
7672, 2
7673, 4
7674, 2
7675, 5
7676, 6
7677, 1
7678, 2
7679, 4
7680, 3
7681, 1
7682, 3
7683, 4
7684, 4
7685, 2
7686, 3
7687, 3
7688, 3
7689, 5
7690, 3
7691, 4
7692, 4
7693, 5
7694, 4
7695, 3
7696, 4
7697, 2
7698, 4
7699, 2
7700, 2
7701, 4
7702, 5
7703, 1
7704, 4
7705, 2
7706, 4
7707, 4
7708, 3
7709, 2
7710, 5
7711, 2
7712, 3
7713, 4
7714, 4
7715, 4
7716, 3
7717, 4
7718, 5
7719, 4
7720, 2
7721, 5
7722, 2
7723, 5
7724, 2
7725, 3
7726, 2
7727, 5
7728, 2
7729, 3
7730, 2
7731, 2
7732, 1
7733, 4
7734, 4
7735, 4
7736, 3
7737, 3
7738, 2
7739, 2
7740, 3
7741, 3
7742, 5
7743, 2
7744, 4
7745, 4
7746, 1
7747, 4
7748, 3
7749, 3
7750, 4
7751, 3
7752, 4
7753, 2
7754, 5
7755, 5
7756, 3
7757, 1
7758, 3
7759, 4
7760, 2
7761, 3
7762, 5
7763, 5
7764, 2
7765, 6
7766, 4
7767, 4
7768, 4
7769, 4
7770, 3
7771, 4
7772, 3
7773, 4
7774, 3
7775, 3
7776, 3
7777, 2
7778, 5
7779, 7
7780, 3
7781, 5
7782, 3
7783, 6
7784, 2
7785, 6
7786, 2
7787, 1
7788, 5
7789, 3
7790, 3
7791, 4
7792, 3
7793, 4
7794, 8
7795, 8
7796, 4
7797, 4
7798, 4
7799, 7
7800, 2
7801, 4
7802, 4
7803, 4
7804, 6
7805, 4
7806, 2
7807, 3
7808, 7
7809, 2
7810, 4
7811, 5
7812, 2
7813, 3
7814, 3
7815, 3
7816, 6
7817, 3
7818, 5
7819, 2
7820, 4
7821, 4
7822, 4
7823, 4
7824, 3
7825, 3
7826, 2
7827, 4
7828, 2
7829, 3
7830, 1
7831, 3
7832, 5
7833, 4
7834, 2
7835, 7
7836, 1
7837, 5
7838, 3
7839, 4
7840, 1
7841, 3
7842, 1
7843, 7
7844, 5
7845, 6
7846, 4
7847, 5
7848, 3
7849, 6
7850, 5
7851, 5
7852, 4
7853, 3
7854, 3
7855, 4
7856, 6
7857, 4
7858, 4
7859, 4
7860, 5
7861, 4
7862, 5
7863, 4
7864, 5
7865, 5
7866, 3
7867, 10
7868, 4
7869, 3
7870, 4
7871, 4
7872, 5
7873, 4
7874, 2
7875, 3
7876, 2
7877, 5
7878, 3
7879, 3
7880, 1
7881, 2
7882, 2
7883, 4
7884, 4
7885, 3
7886, 2
7887, 3
7888, 5
7889, 6
7890, 2
7891, 3
7892, 1
7893, 3
7894, 3
7895, 3
7896, 2
7897, 4
7898, 2
7899, 5
7900, 4
7901, 6
7902, 3
7903, 2
7904, 2
7905, 5
7906, 4
7907, 2
7908, 1
7909, 2
7910, 5
7911, 4
7912, 5
7913, 3
7914, 1
7915, 3
7916, 5
7917, 5
7918, 4
7919, 5
7920, 2
7921, 3
7922, 2
7923, 3
7924, 3
7925, 3
7926, 2
7927, 3
7928, 4
7929, 3
7930, 4
7931, 4
7932, 1
7933, 5
7934, 6
7935, 4
7936, 5
7937, 3
7938, 5
7939, 7
7940, 1
7941, 4
7942, 6
7943, 5
7944, 5
7945, 4
7946, 2
7947, 4
7948, 1
7949, 5
7950, 2
7951, 3
7952, 2
7953, 3
7954, 3
7955, 2
7956, 3
7957, 2
7958, 4
7959, 5
7960, 3
7961, 4
7962, 4
7963, 3
7964, 1
7965, 3
7966, 3
7967, 1
7968, 6
7969, 4
7970, 3
7971, 1
7972, 4
7973, 4
7974, 5
7975, 4
7976, 1
7977, 2
7978, 2
7979, 5
7980, 6
7981, 8
7982, 2
7983, 1
7984, 3
7985, 5
7986, 2
7987, 2
7988, 2
7989, 9
7990, 1
7991, 5
7992, 1
7993, 4
7994, 4
7995, 2
7996, 1
7997, 3
7998, 1
7999, 4
8000, 2
8001, 5
8002, 3
8003, 4
8004, 4
8005, 2
8006, 3
8007, 5
8008, 5
8009, 1
8010, 6
8011, 3
8012, 4
8013, 3
8014, 3
8015, 5
8016, 7
8017, 4
8018, 5
8019, 6
8020, 3
8021, 4
8022, 3
8023, 6
8024, 5
8025, 3
8026, 5
8027, 4
8028, 4
8029, 4
8030, 3
8031, 4
8032, 4
8033, 1
8034, 4
8035, 3
8036, 2
8037, 3
8038, 6
8039, 4
8040, 2
8041, 4
8042, 6
8043, 5
8044, 6
8045, 2
8046, 3
8047, 5
8048, 3
8049, 5
8050, 3
8051, 6
8052, 5
8053, 4
8054, 4
8055, 4
8056, 3
8057, 4
8058, 8
8059, 3
8060, 3
8061, 3
8062, 3
8063, 6
8064, 6
8065, 6
8066, 7
8067, 4
8068, 7
8069, 3
8070, 4
8071, 3
8072, 2
8073, 4
8074, 3
8075, 2
8076, 7
8077, 4
8078, 2
8079, 3
8080, 3
8081, 1
8082, 3
8083, 5
8084, 6
8085, 3
8086, 2
8087, 5
8088, 4
8089, 4
8090, 2
8091, 4
8092, 3
8093, 1
8094, 8
8095, 4
8096, 4
8097, 3
8098, 2
8099, 3
8100, 3
8101, 4
8102, 3
8103, 2
8104, 1
8105, 6
8106, 3
8107, 3
8108, 2
8109, 4
8110, 3
8111, 7
8112, 3
8113, 3
8114, 3
8115, 6
8116, 3
8117, 2
8118, 3
8119, 6
8120, 2
8121, 4
8122, 2
8123, 4
8124, 2
8125, 3
8126, 3
8127, 5
8128, 2
8129, 5
8130, 6
8131, 2
8132, 7
8133, 3
8134, 4
8135, 4
8136, 7
8137, 2
8138, 7
8139, 4
8140, 7
8141, 3
8142, 3
8143, 3
8144, 5
8145, 3
8146, 8
8147, 4
8148, 4
8149, 1
8150, 1
8151, 4
8152, 2
8153, 5
8154, 4
8155, 4
8156, 4
8157, 4
8158, 4
8159, 3
8160, 2
8161, 4
8162, 3
8163, 5
8164, 3
8165, 1
8166, 3
8167, 4
8168, 2
8169, 1
8170, 2
8171, 3
8172, 3
8173, 3
8174, 6
8175, 1
8176, 3
8177, 3
8178, 3
8179, 3
8180, 3
8181, 6
8182, 3
8183, 4
8184, 5
8185, 3
8186, 5
8187, 2
8188, 2
8189, 5
8190, 5
8191, 4
8192, 4
8193, 3
8194, 6
8195, 4
8196, 4
8197, 5
8198, 4
8199, 4
8200, 3
8201, 6
8202, 3
8203, 3
8204, 4
8205, 5
8206, 2
8207, 4
8208, 6
8209, 4
8210, 1
8211, 2
8212, 2
8213, 5
8214, 3
8215, 5
8216, 2
8217, 5
8218, 5
8219, 3
8220, 6
8221, 6
8222, 2
8223, 4
8224, 4
8225, 5
8226, 8
8227, 6
8228, 3
8229, 4
8230, 4
8231, 4
8232, 2
8233, 3
8234, 5
8235, 4
8236, 2
8237, 8
8238, 2
8239, 3
8240, 3
8241, 4
8242, 6
8243, 5
8244, 1
8245, 5
8246, 3
8247, 1
8248, 1
8249, 5
8250, 3
8251, 4
8252, 2
8253, 5
8254, 4
8255, 4
8256, 1
8257, 3
8258, 3
8259, 4
8260, 4
8261, 4
8262, 3
8263, 3
8264, 2
8265, 4
8266, 2
8267, 3
8268, 1
8269, 4
8270, 5
8271, 5
8272, 3
8273, 3
8274, 3
8275, 3
8276, 6
8277, 4
8278, 1
8279, 7
8280, 3
8281, 4
8282, 1
8283, 6
8284, 2
8285, 4
8286, 3
8287, 5
8288, 2
8289, 4
8290, 3
8291, 3
8292, 4
8293, 4
8294, 3
8295, 5
8296, 1
8297, 2
8298, 2
8299, 6
8300, 3
8301, 5
8302, 2
8303, 3
8304, 3
8305, 2
8306, 4
8307, 8
8308, 2
8309, 6
8310, 2
8311, 4
8312, 3
8313, 3
8314, 4
8315, 3
8316, 3
8317, 4
8318, 4
8319, 1
8320, 4
8321, 4
8322, 2
8323, 4
8324, 3
8325, 5
8326, 2
8327, 3
8328, 6
8329, 5
8330, 6
8331, 3
8332, 1
8333, 3
8334, 2
8335, 4
8336, 4
8337, 7
8338, 3
8339, 2
8340, 6
8341, 5
8342, 2
8343, 4
8344, 7
8345, 5
8346, 2
8347, 5
8348, 3
8349, 4
8350, 3
8351, 5
8352, 3
8353, 5
8354, 4
8355, 3
8356, 6
8357, 3
8358, 2
8359, 4
8360, 4
8361, 8
8362, 2
8363, 2
8364, 5
8365, 2
8366, 1
8367, 3
8368, 6
8369, 7
8370, 2
8371, 4
8372, 3
8373, 3
8374, 1
8375, 3
8376, 4
8377, 5
8378, 2
8379, 3
8380, 4
8381, 3
8382, 1
8383, 3
8384, 8
8385, 3
8386, 3
8387, 3
8388, 3
8389, 3
8390, 3
8391, 2
8392, 5
8393, 2
8394, 4
8395, 4
8396, 3
8397, 2
8398, 6
8399, 2
8400, 1
8401, 6
8402, 2
8403, 1
8404, 2
8405, 3
8406, 5
8407, 2
8408, 3
8409, 2
8410, 7
8411, 5
8412, 7
8413, 6
8414, 4
8415, 3
8416, 2
8417, 3
8418, 3
8419, 6
8420, 1
8421, 1
8422, 1
8423, 2
8424, 4
8425, 2
8426, 3
8427, 5
8428, 3
8429, 3
8430, 5
8431, 4
8432, 3
8433, 5
8434, 3
8435, 3
8436, 4
8437, 2
8438, 5
8439, 3
8440, 2
8441, 3
8442, 6
8443, 6
8444, 2
8445, 2
8446, 2
8447, 2
8448, 6
8449, 2
8450, 4
8451, 1
8452, 6
8453, 2
8454, 4
8455, 2
8456, 4
8457, 3
8458, 4
8459, 4
8460, 4
8461, 2
8462, 7
8463, 1
8464, 8
8465, 5
8466, 2
8467, 3
8468, 3
8469, 2
8470, 4
8471, 2
8472, 5
8473, 2
8474, 8
8475, 3
8476, 7
8477, 3
8478, 5
8479, 4
8480, 3
8481, 2
8482, 7
8483, 3
8484, 2
8485, 3
8486, 6
8487, 3
8488, 4
8489, 5
8490, 2
8491, 1
8492, 2
8493, 2
8494, 2
8495, 1
8496, 6
8497, 4
8498, 3
8499, 4
8500, 3
8501, 3
8502, 1
8503, 3
8504, 4
8505, 2
8506, 4
8507, 6
8508, 2
8509, 1
8510, 8
8511, 1
8512, 4
8513, 4
8514, 4
8515, 4
8516, 7
8517, 3
8518, 4
8519, 2
8520, 7
8521, 2
8522, 4
8523, 3
8524, 3
8525, 5
8526, 5
8527, 4
8528, 4
8529, 1
8530, 5
8531, 2
8532, 2
8533, 7
8534, 3
8535, 3
8536, 4
8537, 5
8538, 3
8539, 2
8540, 4
8541, 5
8542, 3
8543, 3
8544, 4
8545, 2
8546, 6
8547, 3
8548, 4
8549, 2
8550, 5
8551, 2
8552, 3
8553, 2
8554, 4
8555, 3
8556, 5
8557, 3
8558, 3
8559, 4
8560, 4
8561, 5
8562, 4
8563, 6
8564, 3
8565, 3
8566, 4
8567, 4
8568, 2
8569, 3
8570, 2
8571, 6
8572, 2
8573, 5
8574, 3
8575, 1
8576, 2
8577, 4
8578, 2
8579, 2
8580, 3
8581, 3
8582, 2
8583, 5
8584, 5
8585, 2
8586, 3
8587, 4
8588, 3
8589, 2
8590, 5
8591, 4
8592, 1
8593, 5
8594, 4
8595, 3
8596, 3
8597, 5
8598, 6
8599, 3
8600, 3
8601, 2
8602, 5
8603, 6
8604, 6
8605, 2
8606, 1
8607, 5
8608, 2
8609, 5
8610, 3
8611, 2
8612, 1
8613, 3
8614, 1
8615, 3
8616, 5
8617, 4
8618, 5
8619, 4
8620, 3
8621, 3
8622, 1
8623, 1
8624, 1
8625, 3
8626, 2
8627, 2
8628, 3
8629, 5
8630, 4
8631, 1
8632, 3
8633, 2
8634, 3
8635, 2
8636, 5
8637, 9
8638, 3
8639, 2
8640, 2
8641, 4
8642, 1
8643, 3
8644, 3
8645, 2
8646, 3
8647, 4
8648, 2
8649, 6
8650, 1
8651, 5
8652, 4
8653, 3
8654, 3
8655, 1
8656, 6
8657, 3
8658, 7
8659, 5
8660, 2
8661, 5
8662, 2
8663, 5
8664, 5
8665, 4
8666, 5
8667, 5
8668, 4
8669, 8
8670, 1
8671, 3
8672, 1
8673, 2
8674, 2
8675, 2
8676, 3
8677, 5
8678, 3
8679, 2
8680, 1
8681, 7
8682, 1
8683, 7
8684, 4
8685, 4
8686, 2
8687, 6
8688, 4
8689, 5
8690, 4
8691, 6
8692, 6
8693, 2
8694, 3
8695, 1
8696, 5
8697, 3
8698, 3
8699, 4
8700, 5
8701, 7
8702, 5
8703, 1
8704, 3
8705, 5
8706, 3
8707, 4
8708, 3
8709, 4
8710, 2
8711, 2
8712, 3
8713, 2
8714, 5
8715, 3
8716, 3
8717, 3
8718, 2
8719, 3
8720, 4
8721, 7
8722, 3
8723, 3
8724, 4
8725, 2
8726, 2
8727, 6
8728, 5
8729, 1
8730, 3
8731, 3
8732, 3
8733, 4
8734, 5
8735, 4
8736, 3
8737, 5
8738, 5
8739, 3
8740, 7
8741, 4
8742, 4
8743, 3
8744, 6
8745, 3
8746, 2
8747, 3
8748, 5
8749, 4
8750, 3
8751, 6
8752, 4
8753, 5
8754, 4
8755, 5
8756, 2
8757, 2
8758, 3
8759, 5
8760, 4
8761, 4
8762, 4
8763, 2
8764, 3
8765, 3
8766, 3
8767, 5
8768, 6
8769, 3
8770, 5
8771, 1
8772, 3
8773, 1
8774, 3
8775, 1
8776, 3
8777, 5
8778, 4
8779, 2
8780, 4
8781, 2
8782, 5
8783, 4
8784, 5
8785, 5
8786, 6
8787, 3
8788, 4
8789, 1
8790, 4
8791, 3
8792, 3
8793, 6
8794, 3
8795, 1
8796, 3
8797, 8
8798, 2
8799, 4
8800, 6
8801, 2
8802, 3
8803, 2
8804, 2
8805, 1
8806, 6
8807, 3
8808, 4
8809, 4
8810, 4
8811, 2
8812, 3
8813, 4
8814, 3
8815, 3
8816, 3
8817, 6
8818, 2
8819, 4
8820, 3
8821, 5
8822, 5
8823, 1
8824, 2
8825, 7
8826, 3
8827, 2
8828, 3
8829, 7
8830, 1
8831, 6
8832, 4
8833, 9
8834, 2
8835, 1
8836, 4
8837, 2
8838, 4
8839, 5
8840, 4
8841, 4
8842, 3
8843, 2
8844, 5
8845, 5
8846, 2
8847, 4
8848, 3
8849, 5
8850, 9
8851, 4
8852, 6
8853, 2
8854, 2
8855, 1
8856, 6
8857, 1
8858, 3
8859, 1
8860, 5
8861, 5
8862, 2
8863, 6
8864, 3
8865, 3
8866, 3
8867, 2
8868, 4
8869, 4
8870, 1
8871, 1
8872, 1
8873, 1
8874, 3
8875, 4
8876, 1
8877, 4
8878, 3
8879, 4
8880, 3
8881, 7
8882, 1
8883, 3
8884, 3
8885, 2
8886, 3
8887, 3
8888, 4
8889, 3
8890, 2
8891, 5
8892, 2
8893, 6
8894, 4
8895, 4
8896, 2
8897, 2
8898, 5
8899, 3
8900, 6
8901, 4
8902, 4
8903, 5
8904, 3
8905, 3
8906, 6
8907, 3
8908, 4
8909, 3
8910, 3
8911, 5
8912, 3
8913, 4
8914, 3
8915, 2
8916, 4
8917, 3
8918, 6
8919, 4
8920, 3
8921, 4
8922, 5
8923, 3
8924, 3
8925, 4
8926, 4
8927, 2
8928, 2
8929, 4
8930, 2
8931, 2
8932, 1
8933, 1
8934, 1
8935, 3
8936, 4
8937, 4
8938, 3
8939, 2
8940, 3
8941, 4
8942, 5
8943, 4
8944, 3
8945, 3
8946, 4
8947, 5
8948, 3
8949, 3
8950, 1
8951, 4
8952, 1
8953, 7
8954, 2
8955, 4
8956, 4
8957, 1
8958, 4
8959, 1
8960, 4
8961, 1
8962, 5
8963, 5
8964, 2
8965, 2
8966, 2
8967, 6
8968, 2
8969, 6
8970, 2
8971, 5
8972, 4
8973, 3
8974, 4
8975, 4
8976, 3
8977, 3
8978, 4
8979, 3
8980, 3
8981, 5
8982, 1
8983, 5
8984, 4
8985, 3
8986, 3
8987, 5
8988, 4
8989, 2
8990, 3
8991, 5
8992, 1
8993, 3
8994, 1
8995, 2
8996, 3
8997, 5
8998, 3
8999, 4
9000, 4
9001, 3
9002, 3
9003, 1
9004, 3
9005, 6
9006, 5
9007, 2
9008, 3
9009, 3
9010, 7
9011, 2
9012, 4
9013, 3
9014, 4
9015, 3
9016, 5
9017, 4
9018, 1
9019, 4
9020, 1
9021, 3
9022, 5
9023, 5
9024, 7
9025, 7
9026, 5
9027, 5
9028, 5
9029, 4
9030, 2
9031, 9
9032, 2
9033, 2
9034, 6
9035, 3
9036, 2
9037, 4
9038, 7
9039, 7
9040, 5
9041, 2
9042, 4
9043, 5
9044, 4
9045, 5
9046, 3
9047, 2
9048, 6
9049, 4
9050, 3
9051, 3
9052, 3
9053, 3
9054, 6
9055, 4
9056, 6
9057, 5
9058, 2
9059, 3
9060, 3
9061, 3
9062, 5
9063, 4
9064, 1
9065, 3
9066, 2
9067, 3
9068, 2
9069, 3
9070, 2
9071, 3
9072, 7
9073, 7
9074, 3
9075, 2
9076, 2
9077, 5
9078, 2
9079, 6
9080, 7
9081, 3
9082, 5
9083, 6
9084, 3
9085, 6
9086, 3
9087, 7
9088, 2
9089, 2
9090, 1
9091, 5
9092, 6
9093, 4
9094, 3
9095, 10
9096, 2
9097, 2
9098, 2
9099, 3
9100, 6
9101, 2
9102, 2
9103, 4
9104, 2
9105, 7
9106, 1
9107, 6
9108, 3
9109, 2
9110, 3
9111, 2
9112, 4
9113, 2
9114, 2
9115, 6
9116, 3
9117, 2
9118, 3
9119, 4
9120, 3
9121, 1
9122, 3
9123, 4
9124, 3
9125, 1
9126, 4
9127, 3
9128, 3
9129, 4
9130, 3
9131, 6
9132, 2
9133, 3
9134, 7
9135, 1
9136, 1
9137, 1
9138, 1
9139, 3
9140, 4
9141, 2
9142, 3
9143, 1
9144, 5
9145, 5
9146, 2
9147, 7
9148, 5
9149, 4
9150, 6
9151, 4
9152, 4
9153, 6
9154, 5
9155, 1
9156, 5
9157, 3
9158, 4
9159, 4
9160, 1
9161, 5
9162, 4
9163, 3
9164, 3
9165, 3
9166, 3
9167, 3
9168, 3
9169, 1
9170, 5
9171, 3
9172, 6
9173, 4
9174, 6
9175, 2
9176, 3
9177, 4
9178, 5
9179, 2
9180, 3
9181, 2
9182, 2
9183, 2
9184, 2
9185, 3
9186, 5
9187, 3
9188, 3
9189, 2
9190, 2
9191, 5
9192, 4
9193, 4
9194, 4
9195, 5
9196, 5
9197, 3
9198, 2
9199, 3
9200, 3
9201, 1
9202, 4
9203, 4
9204, 2
9205, 6
9206, 1
9207, 1
9208, 2
9209, 4
9210, 6
9211, 6
9212, 2
9213, 4
9214, 2
9215, 1
9216, 4
9217, 2
9218, 2
9219, 3
9220, 2
9221, 4
9222, 2
9223, 4
9224, 3
9225, 3
9226, 4
9227, 2
9228, 3
9229, 4
9230, 2
9231, 4
9232, 6
9233, 4
9234, 3
9235, 3
9236, 2
9237, 6
9238, 5
9239, 6
9240, 8
9241, 2
9242, 6
9243, 3
9244, 8
9245, 3
9246, 2
9247, 4
9248, 2
9249, 3
9250, 3
9251, 5
9252, 2
9253, 6
9254, 2
9255, 3
9256, 3
9257, 1
9258, 3
9259, 3
9260, 3
9261, 2
9262, 5
9263, 3
9264, 2
9265, 2
9266, 3
9267, 3
9268, 2
9269, 5
9270, 2
9271, 3
9272, 2
9273, 4
9274, 2
9275, 5
9276, 4
9277, 5
9278, 4
9279, 1
9280, 8
9281, 1
9282, 1
9283, 2
9284, 5
9285, 1
9286, 4
9287, 4
9288, 4
9289, 5
9290, 2
9291, 2
9292, 4
9293, 5
9294, 2
9295, 5
9296, 3
9297, 2
9298, 2
9299, 4
9300, 5
9301, 4
9302, 4
9303, 1
9304, 2
9305, 2
9306, 3
9307, 7
9308, 5
9309, 3
9310, 9
9311, 4
9312, 2
9313, 2
9314, 3
9315, 5
9316, 3
9317, 5
9318, 7
9319, 3
9320, 4
9321, 3
9322, 4
9323, 4
9324, 3
9325, 5
9326, 4
9327, 3
9328, 4
9329, 6
9330, 4
9331, 4
9332, 5
9333, 4
9334, 2
9335, 6
9336, 6
9337, 4
9338, 4
9339, 1
9340, 1
9341, 5
9342, 5
9343, 7
9344, 6
9345, 3
9346, 6
9347, 1
9348, 3
9349, 1
9350, 4
9351, 1
9352, 4
9353, 2
9354, 3
9355, 4
9356, 3
9357, 2
9358, 3
9359, 5
9360, 3
9361, 4
9362, 7
9363, 6
9364, 5
9365, 7
9366, 4
9367, 2
9368, 1
9369, 5
9370, 9
9371, 7
9372, 1
9373, 8
9374, 5
9375, 1
9376, 1
9377, 1
9378, 3
9379, 2
9380, 1
9381, 3
9382, 1
9383, 4
9384, 3
9385, 6
9386, 4
9387, 3
9388, 4
9389, 2
9390, 4
9391, 6
9392, 4
9393, 2
9394, 1
9395, 6
9396, 5
9397, 2
9398, 3
9399, 4
9400, 1
9401, 6
9402, 3
9403, 4
9404, 2
9405, 3
9406, 3
9407, 3
9408, 2
9409, 4
9410, 5
9411, 5
9412, 1
9413, 6
9414, 3
9415, 2
9416, 4
9417, 4
9418, 2
9419, 1
9420, 4
9421, 4
9422, 3
9423, 4
9424, 4
9425, 5
9426, 3
9427, 6
9428, 6
9429, 3
9430, 2
9431, 3
9432, 5
9433, 4
9434, 3
9435, 2
9436, 5
9437, 3
9438, 5
9439, 3
9440, 4
9441, 3
9442, 2
9443, 3
9444, 7
9445, 3
9446, 1
9447, 6
9448, 3
9449, 6
9450, 5
9451, 4
9452, 4
9453, 2
9454, 4
9455, 3
9456, 3
9457, 6
9458, 4
9459, 3
9460, 1
9461, 5
9462, 3
9463, 3
9464, 5
9465, 5
9466, 4
9467, 4
9468, 3
9469, 5
9470, 2
9471, 2
9472, 5
9473, 2
9474, 6
9475, 2
9476, 4
9477, 4
9478, 6
9479, 2
9480, 2
9481, 3
9482, 4
9483, 3
9484, 4
9485, 4
9486, 5
9487, 8
9488, 4
9489, 4
9490, 3
9491, 5
9492, 4
9493, 2
9494, 5
9495, 4
9496, 3
9497, 7
9498, 4
9499, 2
9500, 3
9501, 6
9502, 3
9503, 4
9504, 2
9505, 2
9506, 4
9507, 3
9508, 3
9509, 5
9510, 2
9511, 3
9512, 4
9513, 6
9514, 3
9515, 3
9516, 5
9517, 3
9518, 7
9519, 3
9520, 4
9521, 3
9522, 3
9523, 2
9524, 2
9525, 6
9526, 3
9527, 6
9528, 3
9529, 6
9530, 4
9531, 6
9532, 2
9533, 4
9534, 4
9535, 3
9536, 5
9537, 2
9538, 4
9539, 2
9540, 6
9541, 5
9542, 6
9543, 4
9544, 4
9545, 2
9546, 3
9547, 5
9548, 2
9549, 3
9550, 4
9551, 3
9552, 4
9553, 5
9554, 5
9555, 6
9556, 3
9557, 3
9558, 2
9559, 4
9560, 5
9561, 6
9562, 3
9563, 5
9564, 3
9565, 3
9566, 4
9567, 4
9568, 2
9569, 2
9570, 5
9571, 4
9572, 1
9573, 3
9574, 2
9575, 7
9576, 4
9577, 2
9578, 6
9579, 2
9580, 4
9581, 3
9582, 3
9583, 5
9584, 2
9585, 2
9586, 2
9587, 1
9588, 6
9589, 1
9590, 3
9591, 1
9592, 5
9593, 4
9594, 6
9595, 8
9596, 3
9597, 6
9598, 2
9599, 4
9600, 2
9601, 4
9602, 3
9603, 3
9604, 3
9605, 3
9606, 2
9607, 3
9608, 3
9609, 3
9610, 4
9611, 3
9612, 8
9613, 4
9614, 6
9615, 6
9616, 1
9617, 3
9618, 4
9619, 4
9620, 2
9621, 5
9622, 6
9623, 5
9624, 4
9625, 6
9626, 6
9627, 3
9628, 7
9629, 4
9630, 3
9631, 11
9632, 2
9633, 5
9634, 3
9635, 5
9636, 1
9637, 1
9638, 3
9639, 7
9640, 1
9641, 5
9642, 2
9643, 7
9644, 4
9645, 4
9646, 3
9647, 2
9648, 3
9649, 4
9650, 2
9651, 3
9652, 2
9653, 3
9654, 3
9655, 8
9656, 6
9657, 4
9658, 4
9659, 6
9660, 1
9661, 3
9662, 1
9663, 2
9664, 4
9665, 4
9666, 6
9667, 4
9668, 2
9669, 4
9670, 6
9671, 1
9672, 4
9673, 2
9674, 4
9675, 2
9676, 2
9677, 2
9678, 3
9679, 3
9680, 4
9681, 1
9682, 4
9683, 7
9684, 4
9685, 3
9686, 3
9687, 7
9688, 2
9689, 2
9690, 2
9691, 2
9692, 5
9693, 3
9694, 5
9695, 4
9696, 3
9697, 2
9698, 4
9699, 1
9700, 4
9701, 1
9702, 3
9703, 5
9704, 4
9705, 6
9706, 9
9707, 5
9708, 4
9709, 6
9710, 4
9711, 3
9712, 2
9713, 3
9714, 3
9715, 1
9716, 6
9717, 4
9718, 3
9719, 2
9720, 1
9721, 2
9722, 2
9723, 5
9724, 6
9725, 4
9726, 2
9727, 5
9728, 1
9729, 4
9730, 2
9731, 6
9732, 2
9733, 2
9734, 1
9735, 2
9736, 1
9737, 3
9738, 2
9739, 4
9740, 4
9741, 4
9742, 3
9743, 3
9744, 6
9745, 3
9746, 5
9747, 4
9748, 1
9749, 5
9750, 2
9751, 4
9752, 4
9753, 3
9754, 3
9755, 3
9756, 4
9757, 1
9758, 3
9759, 4
9760, 4
9761, 4
9762, 3
9763, 5
9764, 2
9765, 3
9766, 3
9767, 4
9768, 3
9769, 2
9770, 2
9771, 3
9772, 3
9773, 3
9774, 3
9775, 3
9776, 4
9777, 6
9778, 11
9779, 3
9780, 3
9781, 2
9782, 4
9783, 4
9784, 4
9785, 4
9786, 3
9787, 3
9788, 5
9789, 4
9790, 8
9791, 4
9792, 11
9793, 3
9794, 7
9795, 1
9796, 3
9797, 4
9798, 5
9799, 2
9800, 11
9801, 4
9802, 1
9803, 4
9804, 3
9805, 6
9806, 1
9807, 3
9808, 3
9809, 3
9810, 3
9811, 5
9812, 3
9813, 5
9814, 3
9815, 4
9816, 5
9817, 4
9818, 2
9819, 3
9820, 1
9821, 3
9822, 6
9823, 3
9824, 2
9825, 2
9826, 2
9827, 3
9828, 3
9829, 3
9830, 2
9831, 5
9832, 5
9833, 4
9834, 3
9835, 5
9836, 3
9837, 5
9838, 3
9839, 5
9840, 4
9841, 6
9842, 4
9843, 4
9844, 2
9845, 4
9846, 5
9847, 3
9848, 5
9849, 2
9850, 5
9851, 3
9852, 7
9853, 4
9854, 4
9855, 2
9856, 5
9857, 4
9858, 4
9859, 3
9860, 5
9861, 2
9862, 4
9863, 5
9864, 3
9865, 2
9866, 3
9867, 2
9868, 6
9869, 3
9870, 3
9871, 3
9872, 3
9873, 3
9874, 3
9875, 8
9876, 4
9877, 5
9878, 4
9879, 3
9880, 4
9881, 5
9882, 3
9883, 1
9884, 3
9885, 3
9886, 4
9887, 6
9888, 5
9889, 4
9890, 4
9891, 5
9892, 2
9893, 3
9894, 5
9895, 3
9896, 3
9897, 4
9898, 5
9899, 6
9900, 6
9901, 4
9902, 5
9903, 3
9904, 4
9905, 5
9906, 5
9907, 4
9908, 3
9909, 3
9910, 3
9911, 2
9912, 5
9913, 4
9914, 5
9915, 5
9916, 8
9917, 2
9918, 2
9919, 3
9920, 1
9921, 1
9922, 1
9923, 2
9924, 6
9925, 2
9926, 1
9927, 3
9928, 5
9929, 3
9930, 6
9931, 3
9932, 1
9933, 2
9934, 4
9935, 2
9936, 5
9937, 5
9938, 1
9939, 6
9940, 7
9941, 2
9942, 5
9943, 6
9944, 5
9945, 6
9946, 6
9947, 4
9948, 2
9949, 6
9950, 3
9951, 1
9952, 6
9953, 3
9954, 4
9955, 4
9956, 3
9957, 4
9958, 6
9959, 4
9960, 8
9961, 2
9962, 7
9963, 4
9964, 4
9965, 2
9966, 3
9967, 6
9968, 5
9969, 4
9970, 5
9971, 4
9972, 2
9973, 5
9974, 8
9975, 4
9976, 2
9977, 5
9978, 5
9979, 4
9980, 4
9981, 2
9982, 5
9983, 4
9984, 1
9985, 1
9986, 4
9987, 5
9988, 6
9989, 2
9990, 7
9991, 4
9992, 10
9993, 1
9994, 4
9995, 3
9996, 5
9997, 3
9998, 2
9999, 2
10000, 4
10001, 2
