iter, nrecombs
0, 2
1, 2
2, 1
3, 1
4, 1
5, 1
6, 2
7, 2
8, 1
9, 3
10, 3
11, 3
12, 4
13, 1
14, 2
15, 1
16, 1
17, 4
18, 4
19, 3
20, 3
21, 3
22, 3
23, 3
24, 3
25, 3
26, 3
27, 2
28, 2
29, 2
30, 2
31, 1
32, 1
33, 1
34, 1
35, 1
36, 1
37, 2
38, 3
39, 3
40, 5
41, 1
42, 1
43, 1
44, 1
45, 1
46, 3
47, 3
48, 1
49, 1
50, 2
51, 2
52, 2
53, 2
54, 2
55, 3
56, 3
57, 4
58, 1
59, 1
60, 3
61, 3
62, 3
63, 3
64, 3
65, 3
66, 2
67, 1
68, 2
69, 2
70, 2
71, 1
72, 1
73, 1
74, 1
75, 1
76, 3
77, 3
78, 3
79, 3
80, 1
81, 1
82, 2
83, 3
84, 4
85, 4
86, 3
87, 2
88, 2
89, 3
90, 3
91, 3
92, 4
93, 4
94, 4
95, 3
96, 3
97, 1
98, 2
99, 2
100, 1
101, 1
102, 1
103, 0
104, 5
105, 2
106, 2
107, 2
108, 2
109, 1
110, 1
111, 1
112, 4
113, 4
114, 2
115, 2
116, 2
117, 2
118, 2
119, 2
120, 2
121, 2
122, 2
123, 0
124, 0
125, 1
126, 1
127, 1
128, 1
129, 3
130, 3
131, 3
132, 2
133, 2
134, 2
135, 3
136, 3
137, 1
138, 1
139, 1
140, 1
141, 1
142, 1
143, 1
144, 1
145, 2
146, 2
147, 4
148, 3
149, 3
150, 3
151, 2
152, 2
153, 2
154, 3
155, 3
156, 2
157, 3
158, 3
159, 3
160, 3
161, 3
162, 3
163, 1
164, 2
165, 2
166, 2
167, 1
168, 1
169, 1
170, 1
171, 1
172, 1
173, 1
174, 1
175, 1
176, 1
177, 2
178, 2
179, 3
180, 3
181, 1
182, 1
183, 1
184, 1
185, 1
186, 1
187, 2
188, 2
189, 2
190, 7
191, 4
192, 4
193, 4
194, 4
195, 4
196, 2
197, 2
198, 3
199, 4
200, 3
201, 5
202, 4
203, 3
204, 3
205, 3
206, 4
207, 3
208, 3
209, 3
210, 1
211, 1
212, 1
213, 1
214, 1
215, 1
216, 2
217, 2
218, 1
219, 1
220, 3
221, 3
222, 2
223, 3
224, 3
225, 2
226, 2
227, 1
228, 2
229, 2
230, 2
231, 2
232, 2
233, 4
234, 4
235, 4
236, 4
237, 4
238, 3
239, 3
240, 2
241, 2
242, 2
243, 1
244, 1
245, 1
246, 1
247, 1
248, 1
249, 3
250, 2
251, 1
252, 1
253, 3
254, 3
255, 2
256, 1
257, 1
258, 2
259, 1
260, 1
261, 3
262, 2
263, 2
264, 1
265, 1
266, 1
267, 1
268, 1
269, 1
270, 2
271, 2
272, 2
273, 1
274, 0
275, 2
276, 1
277, 1
278, 1
279, 1
280, 1
281, 1
282, 1
283, 3
284, 4
285, 4
286, 3
287, 3
288, 3
289, 4
290, 4
291, 6
292, 6
293, 6
294, 5
295, 3
296, 3
297, 3
298, 2
299, 2
300, 1
301, 1
302, 2
303, 2
304, 3
305, 3
306, 3
307, 3
308, 3
309, 3
310, 2
311, 1
312, 1
313, 1
314, 1
315, 1
316, 1
317, 2
318, 1
319, 1
320, 2
321, 3
322, 1
323, 1
324, 1
325, 1
326, 1
327, 1
328, 1
329, 2
330, 3
331, 3
332, 3
333, 3
334, 3
335, 3
336, 3
337, 4
338, 4
339, 1
340, 1
341, 4
342, 3
343, 2
344, 2
345, 2
346, 1
347, 1
348, 2
349, 3
350, 2
351, 4
352, 4
353, 4
354, 4
355, 4
356, 4
357, 2
358, 1
359, 1
360, 1
361, 1
362, 1
363, 1
364, 1
365, 3
366, 2
367, 2
368, 2
369, 2
370, 1
371, 1
372, 1
373, 1
374, 1
375, 1
376, 2
377, 2
378, 1
379, 4
380, 4
381, 4
382, 2
383, 2
384, 2
385, 2
386, 2
387, 2
388, 2
389, 2
390, 2
391, 2
392, 2
393, 2
394, 2
395, 3
396, 3
397, 3
398, 1
399, 1
400, 1
401, 1
402, 2
403, 2
404, 2
405, 1
406, 2
407, 2
408, 2
409, 2
410, 2
411, 2
412, 2
413, 2
414, 2
415, 2
416, 2
417, 1
418, 2
419, 1
420, 1
421, 1
422, 1
423, 1
424, 3
425, 1
426, 1
427, 1
428, 1
429, 1
430, 1
431, 3
432, 3
433, 3
434, 3
435, 3
436, 4
437, 4
438, 3
439, 3
440, 3
441, 3
442, 3
443, 3
444, 2
445, 2
446, 1
447, 2
448, 2
449, 2
450, 2
451, 2
452, 2
453, 2
454, 2
455, 2
456, 1
457, 1
458, 2
459, 1
460, 0
461, 1
462, 1
463, 2
464, 2
465, 2
466, 2
467, 2
468, 2
469, 1
470, 1
471, 1
472, 1
473, 2
474, 2
475, 2
476, 1
477, 1
478, 1
479, 1
480, 1
481, 1
482, 2
483, 5
484, 5
485, 6
486, 6
487, 5
488, 1
489, 1
490, 2
491, 2
492, 3
493, 1
494, 1
495, 1
496, 1
497, 2
498, 2
499, 2
500, 2
501, 4
502, 3
503, 5
504, 3
505, 4
506, 2
507, 2
508, 3
509, 3
510, 3
511, 1
512, 1
513, 1
514, 1
515, 1
516, 1
517, 1
518, 2
519, 1
520, 2
521, 2
522, 2
523, 2
524, 2
525, 2
526, 3
527, 3
528, 3
529, 2
530, 1
531, 1
532, 1
533, 1
534, 1
535, 1
536, 1
537, 4
538, 5
539, 1
540, 1
541, 1
542, 1
543, 0
544, 2
545, 1
546, 1
547, 1
548, 4
549, 4
550, 4
551, 4
552, 4
553, 4
554, 4
555, 3
556, 3
557, 3
558, 3
559, 3
560, 3
561, 3
562, 3
563, 3
564, 3
565, 1
566, 1
567, 1
568, 1
569, 1
570, 3
571, 1
572, 1
573, 3
574, 3
575, 3
576, 4
577, 4
578, 4
579, 4
580, 4
581, 1
582, 2
583, 1
584, 1
585, 1
586, 1
587, 5
588, 5
589, 4
590, 3
591, 4
592, 2
593, 2
594, 2
595, 2
596, 2
597, 2
598, 2
599, 2
600, 2
601, 1
602, 1
603, 3
604, 4
605, 2
606, 2
607, 2
608, 2
609, 2
610, 2
611, 3
612, 3
613, 3
614, 2
615, 2
616, 3
617, 2
618, 4
619, 3
620, 3
621, 5
622, 5
623, 1
624, 1
625, 1
626, 4
627, 3
628, 3
629, 5
630, 5
631, 3
632, 2
633, 2
634, 2
635, 2
636, 2
637, 2
638, 2
639, 2
640, 3
641, 3
642, 2
643, 1
644, 1
645, 1
646, 1
647, 1
648, 4
649, 4
650, 4
651, 4
652, 5
653, 5
654, 2
655, 2
656, 0
657, 1
658, 0
659, 1
660, 1
661, 1
662, 1
663, 1
664, 1
665, 0
666, 2
667, 2
668, 2
669, 2
670, 2
671, 1
672, 1
673, 3
674, 2
675, 5
676, 1
677, 1
678, 1
679, 1
680, 1
681, 1
682, 5
683, 5
684, 5
685, 2
686, 2
687, 2
688, 2
689, 2
690, 3
691, 1
692, 1
693, 1
694, 1
695, 1
696, 1
697, 1
698, 2
699, 1
700, 1
701, 1
702, 1
703, 1
704, 1
705, 1
706, 1
707, 1
708, 1
709, 2
710, 2
711, 1
712, 1
713, 2
714, 2
715, 2
716, 2
717, 1
718, 1
719, 1
720, 3
721, 1
722, 1
723, 4
724, 3
725, 3
726, 3
727, 3
728, 2
729, 3
730, 2
731, 3
732, 3
733, 3
734, 1
735, 1
736, 1
737, 3
738, 3
739, 2
740, 2
741, 2
742, 2
743, 3
744, 0
745, 0
746, 0
747, 1
748, 3
749, 3
750, 3
751, 3
752, 3
753, 1
754, 1
755, 1
756, 1
757, 2
758, 2
759, 1
760, 1
761, 2
762, 2
763, 2
764, 1
765, 1
766, 1
767, 1
768, 1
769, 1
770, 2
771, 2
772, 1
773, 1
774, 1
775, 3
776, 2
777, 2
778, 3
779, 4
780, 3
781, 2
782, 3
783, 2
784, 1
785, 1
786, 4
787, 4
788, 1
789, 1
790, 1
791, 1
792, 1
793, 1
794, 1
795, 1
796, 1
797, 1
798, 1
799, 1
800, 1
801, 2
802, 2
803, 2
804, 2
805, 2
806, 1
807, 1
808, 3
809, 3
810, 1
811, 1
812, 1
813, 1
814, 2
815, 1
816, 1
817, 1
818, 3
819, 4
820, 1
821, 1
822, 1
823, 1
824, 1
825, 1
826, 1
827, 1
828, 1
829, 4
830, 1
831, 1
832, 1
833, 1
834, 1
835, 1
836, 1
837, 2
838, 2
839, 2
840, 2
841, 3
842, 3
843, 2
844, 1
845, 2
846, 2
847, 2
848, 2
849, 2
850, 2
851, 2
852, 2
853, 2
854, 3
855, 3
856, 1
857, 1
858, 1
859, 1
860, 1
861, 1
862, 1
863, 3
864, 4
865, 3
866, 2
867, 1
868, 3
869, 3
870, 2
871, 1
872, 1
873, 1
874, 2
875, 2
876, 2
877, 2
878, 2
879, 2
880, 2
881, 2
882, 1
883, 1
884, 2
885, 1
886, 1
887, 1
888, 1
889, 2
890, 1
891, 4
892, 3
893, 3
894, 3
895, 2
896, 1
897, 2
898, 3
899, 2
900, 2
901, 2
902, 2
903, 1
904, 1
905, 1
906, 3
907, 3
908, 4
909, 1
910, 4
911, 4
912, 2
913, 3
914, 3
915, 2
916, 2
917, 2
918, 1
919, 0
920, 0
921, 0
922, 0
923, 1
924, 3
925, 2
926, 2
927, 2
928, 2
929, 2
930, 3
931, 3
932, 3
933, 3
934, 3
935, 3
936, 3
937, 3
938, 3
939, 1
940, 2
941, 2
942, 2
943, 1
944, 1
945, 2
946, 2
947, 1
948, 2
949, 2
950, 4
951, 2
952, 3
953, 2
954, 2
955, 2
956, 2
957, 1
958, 1
959, 2
960, 1
961, 1
962, 2
963, 2
964, 3
965, 2
966, 2
967, 2
968, 2
969, 2
970, 2
971, 1
972, 1
973, 1
974, 1
975, 2
976, 2
977, 3
978, 1
979, 1
980, 1
981, 1
982, 1
983, 1
984, 4
985, 2
986, 2
987, 1
988, 4
989, 2
990, 2
991, 2
992, 2
993, 3
994, 3
995, 5
996, 5
997, 5
998, 5
999, 1
1000, 1
1001, 4
1002, 3
1003, 2
1004, 1
1005, 1
1006, 1
1007, 1
1008, 1
1009, 1
1010, 1
1011, 1
1012, 2
1013, 2
1014, 1
1015, 0
1016, 0
1017, 0
1018, 0
1019, 0
1020, 0
1021, 0
1022, 0
1023, 1
1024, 1
1025, 1
1026, 2
1027, 0
1028, 1
1029, 1
1030, 1
1031, 1
1032, 2
1033, 2
1034, 2
1035, 2
1036, 2
1037, 2
1038, 2
1039, 1
1040, 1
1041, 1
1042, 2
1043, 2
1044, 9
1045, 4
1046, 1
1047, 1
1048, 1
1049, 1
1050, 2
1051, 2
1052, 2
1053, 3
1054, 3
1055, 3
1056, 3
1057, 2
1058, 3
1059, 3
1060, 3
1061, 1
1062, 1
1063, 1
1064, 1
1065, 1
1066, 1
1067, 1
1068, 3
1069, 5
1070, 5
1071, 5
1072, 6
1073, 1
1074, 1
1075, 1
1076, 1
1077, 1
1078, 2
1079, 2
1080, 2
1081, 2
1082, 2
1083, 2
1084, 2
1085, 1
1086, 2
1087, 5
1088, 1
1089, 1
1090, 1
1091, 2
1092, 4
1093, 4
1094, 1
1095, 1
1096, 0
1097, 0
1098, 1
1099, 1
1100, 1
1101, 1
1102, 1
1103, 1
1104, 1
1105, 1
1106, 1
1107, 1
1108, 1
1109, 1
1110, 1
1111, 2
1112, 2
1113, 3
1114, 3
1115, 4
1116, 4
1117, 2
1118, 1
1119, 1
1120, 1
1121, 1
1122, 1
1123, 1
1124, 1
1125, 1
1126, 1
1127, 1
1128, 1
1129, 1
1130, 2
1131, 2
1132, 2
1133, 3
1134, 3
1135, 2
1136, 2
1137, 2
1138, 2
1139, 1
1140, 1
1141, 1
1142, 1
1143, 1
1144, 1
1145, 1
1146, 0
1147, 0
1148, 1
1149, 1
1150, 1
1151, 1
1152, 1
1153, 3
1154, 3
1155, 3
1156, 3
1157, 4
1158, 4
1159, 4
1160, 4
1161, 4
1162, 2
1163, 3
1164, 3
1165, 2
1166, 2
1167, 2
1168, 1
1169, 1
1170, 4
1171, 4
1172, 4
1173, 4
1174, 2
1175, 2
1176, 3
1177, 3
1178, 3
1179, 3
1180, 3
1181, 3
1182, 2
1183, 2
1184, 2
1185, 1
1186, 1
1187, 3
1188, 3
1189, 2
1190, 1
1191, 2
1192, 1
1193, 1
1194, 1
1195, 1
1196, 1
1197, 2
1198, 2
1199, 4
1200, 4
1201, 1
1202, 1
1203, 1
1204, 1
1205, 1
1206, 3
1207, 4
1208, 4
1209, 3
1210, 3
1211, 3
1212, 2
1213, 2
1214, 1
1215, 2
1216, 3
1217, 2
1218, 2
1219, 2
1220, 3
1221, 3
1222, 1
1223, 1
1224, 1
1225, 1
1226, 1
1227, 3
1228, 3
1229, 2
1230, 2
1231, 2
1232, 2
1233, 2
1234, 2
1235, 3
1236, 1
1237, 2
1238, 4
1239, 3
1240, 2
1241, 3
1242, 3
1243, 3
1244, 3
1245, 3
1246, 4
1247, 4
1248, 2
1249, 2
1250, 2
1251, 4
1252, 4
1253, 4
1254, 1
1255, 1
1256, 2
1257, 2
1258, 2
1259, 2
1260, 3
1261, 1
1262, 1
1263, 1
1264, 1
1265, 1
1266, 1
1267, 4
1268, 4
1269, 3
1270, 3
1271, 2
1272, 2
1273, 4
1274, 1
1275, 1
1276, 3
1277, 4
1278, 4
1279, 4
1280, 4
1281, 2
1282, 1
1283, 1
1284, 2
1285, 2
1286, 3
1287, 4
1288, 1
1289, 1
1290, 1
1291, 1
1292, 3
1293, 3
1294, 3
1295, 4
1296, 1
1297, 1
1298, 1
1299, 1
1300, 1
1301, 1
1302, 3
1303, 5
1304, 5
1305, 1
1306, 2
1307, 1
1308, 1
1309, 1
1310, 1
1311, 1
1312, 1
1313, 1
1314, 1
1315, 2
1316, 2
1317, 1
1318, 1
1319, 1
1320, 1
1321, 1
1322, 1
1323, 1
1324, 1
1325, 1
1326, 1
1327, 1
1328, 1
1329, 1
1330, 1
1331, 2
1332, 2
1333, 1
1334, 1
1335, 1
1336, 3
1337, 1
1338, 1
1339, 1
1340, 1
1341, 1
1342, 2
1343, 3
1344, 3
1345, 4
1346, 3
1347, 3
1348, 3
1349, 1
1350, 1
1351, 1
1352, 1
1353, 1
1354, 1
1355, 1
1356, 1
1357, 1
1358, 1
1359, 2
1360, 2
1361, 4
1362, 4
1363, 3
1364, 2
1365, 2
1366, 0
1367, 2
1368, 2
1369, 2
1370, 2
1371, 2
1372, 1
1373, 1
1374, 1
1375, 1
1376, 1
1377, 1
1378, 1
1379, 1
1380, 1
1381, 1
1382, 4
1383, 4
1384, 3
1385, 3
1386, 4
1387, 3
1388, 3
1389, 1
1390, 1
1391, 1
1392, 1
1393, 1
1394, 2
1395, 1
1396, 1
1397, 1
1398, 1
1399, 1
1400, 0
1401, 2
1402, 3
1403, 4
1404, 5
1405, 3
1406, 3
1407, 3
1408, 4
1409, 4
1410, 4
1411, 4
1412, 3
1413, 1
1414, 1
1415, 1
1416, 1
1417, 1
1418, 1
1419, 1
1420, 1
1421, 1
1422, 2
1423, 5
1424, 3
1425, 3
1426, 3
1427, 3
1428, 3
1429, 3
1430, 2
1431, 2
1432, 2
1433, 2
1434, 4
1435, 4
1436, 4
1437, 4
1438, 4
1439, 4
1440, 4
1441, 4
1442, 2
1443, 2
1444, 2
1445, 2
1446, 2
1447, 2
1448, 3
1449, 3
1450, 3
1451, 2
1452, 0
1453, 0
1454, 0
1455, 2
1456, 3
1457, 2
1458, 2
1459, 2
1460, 1
1461, 4
1462, 5
1463, 5
1464, 4
1465, 4
1466, 4
1467, 3
1468, 3
1469, 3
1470, 3
1471, 1
1472, 1
1473, 1
1474, 2
1475, 2
1476, 2
1477, 4
1478, 3
1479, 3
1480, 3
1481, 3
1482, 2
1483, 2
1484, 1
1485, 1
1486, 1
1487, 1
1488, 1
1489, 2
1490, 1
1491, 2
1492, 1
1493, 1
1494, 2
1495, 2
1496, 1
1497, 1
1498, 1
1499, 1
1500, 2
1501, 2
1502, 2
1503, 2
1504, 2
1505, 2
1506, 1
1507, 1
1508, 3
1509, 3
1510, 3
1511, 3
1512, 3
1513, 3
1514, 3
1515, 1
1516, 1
1517, 1
1518, 1
1519, 1
1520, 3
1521, 3
1522, 3
1523, 4
1524, 4
1525, 4
1526, 1
1527, 1
1528, 2
1529, 3
1530, 1
1531, 3
1532, 2
1533, 2
1534, 2
1535, 2
1536, 3
1537, 3
1538, 2
1539, 4
1540, 4
1541, 4
1542, 4
1543, 1
1544, 1
1545, 0
1546, 0
1547, 1
1548, 2
1549, 2
1550, 2
1551, 2
1552, 2
1553, 2
1554, 3
1555, 4
1556, 4
1557, 4
1558, 4
1559, 4
1560, 4
1561, 4
1562, 1
1563, 2
1564, 2
1565, 1
1566, 1
1567, 1
1568, 1
1569, 2
1570, 2
1571, 2
1572, 2
1573, 2
1574, 1
1575, 1
1576, 3
1577, 1
1578, 3
1579, 3
1580, 3
1581, 3
1582, 2
1583, 0
1584, 0
1585, 1
1586, 1
1587, 1
1588, 1
1589, 1
1590, 1
1591, 1
1592, 1
1593, 2
1594, 2
1595, 2
1596, 3
1597, 3
1598, 4
1599, 3
1600, 1
1601, 2
1602, 2
1603, 2
1604, 2
1605, 2
1606, 2
1607, 3
1608, 2
1609, 2
1610, 2
1611, 2
1612, 3
1613, 4
1614, 1
1615, 1
1616, 4
1617, 1
1618, 1
1619, 2
1620, 1
1621, 1
1622, 1
1623, 1
1624, 3
1625, 3
1626, 3
1627, 2
1628, 2
1629, 4
1630, 1
1631, 2
1632, 2
1633, 5
1634, 5
1635, 5
1636, 2
1637, 2
1638, 2
1639, 2
1640, 3
1641, 3
1642, 4
1643, 3
1644, 2
1645, 2
1646, 2
1647, 1
1648, 1
1649, 1
1650, 1
1651, 1
1652, 1
1653, 1
1654, 1
1655, 5
1656, 5
1657, 3
1658, 2
1659, 5
1660, 4
1661, 3
1662, 1
1663, 2
1664, 2
1665, 2
1666, 2
1667, 2
1668, 5
1669, 5
1670, 4
1671, 2
1672, 2
1673, 2
1674, 2
1675, 1
1676, 1
1677, 0
1678, 0
1679, 2
1680, 2
1681, 2
1682, 1
1683, 1
1684, 3
1685, 3
1686, 3
1687, 3
1688, 3
1689, 3
1690, 1
1691, 1
1692, 1
1693, 1
1694, 1
1695, 1
1696, 1
1697, 1
1698, 1
1699, 1
1700, 2
1701, 2
1702, 2
1703, 1
1704, 1
1705, 1
1706, 2
1707, 2
1708, 2
1709, 2
1710, 2
1711, 2
1712, 2
1713, 3
1714, 3
1715, 2
1716, 2
1717, 2
1718, 2
1719, 1
1720, 2
1721, 3
1722, 2
1723, 2
1724, 2
1725, 3
1726, 2
1727, 2
1728, 2
1729, 2
1730, 2
1731, 2
1732, 2
1733, 2
1734, 2
1735, 2
1736, 3
1737, 2
1738, 2
1739, 2
1740, 2
1741, 2
1742, 3
1743, 2
1744, 2
1745, 2
1746, 2
1747, 2
1748, 2
1749, 2
1750, 2
1751, 2
1752, 2
1753, 2
1754, 2
1755, 2
1756, 2
1757, 4
1758, 4
1759, 3
1760, 1
1761, 2
1762, 2
1763, 2
1764, 2
1765, 4
1766, 4
1767, 4
1768, 4
1769, 4
1770, 2
1771, 2
1772, 3
1773, 2
1774, 2
1775, 2
1776, 2
1777, 2
1778, 1
1779, 1
1780, 1
1781, 1
1782, 2
1783, 2
1784, 2
1785, 2
1786, 1
1787, 1
1788, 1
1789, 1
1790, 2
1791, 2
1792, 2
1793, 1
1794, 1
1795, 1
1796, 1
1797, 1
1798, 1
1799, 1
1800, 1
1801, 1
1802, 1
1803, 1
1804, 1
1805, 1
1806, 2
1807, 2
1808, 2
1809, 2
1810, 2
1811, 2
1812, 2
1813, 2
1814, 2
1815, 1
1816, 3
1817, 4
1818, 3
1819, 3
1820, 2
1821, 2
1822, 2
1823, 2
1824, 2
1825, 2
1826, 2
1827, 1
1828, 2
1829, 1
1830, 1
1831, 1
1832, 1
1833, 1
1834, 1
1835, 2
1836, 2
1837, 2
1838, 2
1839, 2
1840, 2
1841, 2
1842, 4
1843, 4
1844, 3
1845, 3
1846, 2
1847, 2
1848, 2
1849, 2
1850, 1
1851, 2
1852, 2
1853, 2
1854, 4
1855, 4
1856, 5
1857, 5
1858, 1
1859, 2
1860, 4
1861, 4
1862, 4
1863, 2
1864, 0
1865, 3
1866, 3
1867, 3
1868, 1
1869, 1
1870, 1
1871, 1
1872, 1
1873, 1
1874, 1
1875, 1
1876, 2
1877, 2
1878, 2
1879, 3
1880, 2
1881, 3
1882, 3
1883, 2
1884, 5
1885, 3
1886, 2
1887, 2
1888, 2
1889, 2
1890, 2
1891, 1
1892, 1
1893, 1
1894, 1
1895, 3
1896, 3
1897, 1
1898, 3
1899, 2
1900, 0
1901, 1
1902, 1
1903, 1
1904, 1
1905, 1
1906, 1
1907, 1
1908, 1
1909, 1
1910, 1
1911, 3
1912, 3
1913, 3
1914, 4
1915, 2
1916, 2
1917, 2
1918, 2
1919, 2
1920, 2
1921, 2
1922, 1
1923, 4
1924, 2
1925, 1
1926, 2
1927, 3
1928, 3
1929, 3
1930, 3
1931, 4
1932, 4
1933, 4
1934, 4
1935, 4
1936, 2
1937, 2
1938, 2
1939, 3
1940, 3
1941, 3
1942, 3
1943, 3
1944, 3
1945, 3
1946, 3
1947, 3
1948, 3
1949, 3
1950, 3
1951, 3
1952, 2
1953, 2
1954, 1
1955, 1
1956, 1
1957, 1
1958, 3
1959, 1
1960, 1
1961, 3
1962, 2
1963, 0
1964, 1
1965, 1
1966, 3
1967, 3
1968, 2
1969, 3
1970, 3
1971, 3
1972, 3
1973, 3
1974, 3
1975, 4
1976, 3
1977, 3
1978, 3
1979, 3
1980, 2
1981, 2
1982, 2
1983, 2
1984, 2
1985, 2
1986, 2
1987, 2
1988, 2
1989, 3
1990, 3
1991, 3
1992, 3
1993, 1
1994, 1
1995, 1
1996, 1
1997, 1
1998, 1
1999, 1
2000, 2
2001, 1
2002, 1
2003, 1
2004, 1
2005, 1
2006, 1
2007, 1
2008, 4
2009, 4
2010, 4
2011, 4
2012, 4
2013, 4
2014, 1
2015, 1
2016, 1
2017, 1
2018, 1
2019, 1
2020, 4
2021, 4
2022, 4
2023, 4
2024, 4
2025, 6
2026, 3
2027, 2
2028, 1
2029, 1
2030, 2
2031, 1
2032, 1
2033, 2
2034, 2
2035, 1
2036, 1
2037, 1
2038, 1
2039, 0
2040, 3
2041, 2
2042, 1
2043, 1
2044, 3
2045, 3
2046, 3
2047, 2
2048, 3
2049, 3
2050, 3
2051, 3
2052, 3
2053, 4
2054, 2
2055, 2
2056, 2
2057, 2
2058, 3
2059, 4
2060, 4
2061, 4
2062, 4
2063, 4
2064, 1
2065, 1
2066, 0
2067, 0
2068, 1
2069, 1
2070, 1
2071, 4
2072, 4
2073, 3
2074, 3
2075, 3
2076, 2
2077, 1
2078, 1
2079, 2
2080, 3
2081, 3
2082, 1
2083, 2
2084, 1
2085, 2
2086, 1
2087, 4
2088, 2
2089, 2
2090, 1
2091, 1
2092, 1
2093, 1
2094, 1
2095, 1
2096, 1
2097, 1
2098, 4
2099, 4
2100, 2
2101, 2
2102, 2
2103, 2
2104, 2
2105, 2
2106, 4
2107, 4
2108, 3
2109, 3
2110, 3
2111, 3
2112, 3
2113, 6
2114, 3
2115, 3
2116, 3
2117, 3
2118, 3
2119, 3
2120, 3
2121, 3
2122, 2
2123, 2
2124, 1
2125, 1
2126, 3
2127, 3
2128, 4
2129, 3
2130, 2
2131, 3
2132, 3
2133, 3
2134, 3
2135, 3
2136, 1
2137, 1
2138, 1
2139, 1
2140, 1
2141, 1
2142, 1
2143, 1
2144, 1
2145, 1
2146, 3
2147, 1
2148, 1
2149, 1
2150, 1
2151, 1
2152, 1
2153, 3
2154, 3
2155, 3
2156, 1
2157, 1
2158, 3
2159, 3
2160, 3
2161, 3
2162, 1
2163, 1
2164, 1
2165, 2
2166, 3
2167, 3
2168, 3
2169, 2
2170, 3
2171, 3
2172, 3
2173, 3
2174, 3
2175, 3
2176, 2
2177, 2
2178, 2
2179, 2
2180, 2
2181, 3
2182, 2
2183, 2
2184, 2
2185, 2
2186, 1
2187, 3
2188, 2
2189, 3
2190, 2
2191, 2
2192, 3
2193, 1
2194, 1
2195, 3
2196, 1
2197, 2
2198, 2
2199, 2
2200, 2
2201, 3
2202, 4
2203, 5
2204, 3
2205, 3
2206, 3
2207, 3
2208, 3
2209, 3
2210, 2
2211, 2
2212, 1
2213, 1
2214, 1
2215, 1
2216, 2
2217, 1
2218, 1
2219, 1
2220, 2
2221, 1
2222, 1
2223, 2
2224, 3
2225, 2
2226, 3
2227, 3
2228, 3
2229, 3
2230, 2
2231, 2
2232, 2
2233, 2
2234, 2
2235, 2
2236, 2
2237, 2
2238, 3
2239, 3
2240, 3
2241, 3
2242, 4
2243, 2
2244, 1
2245, 1
2246, 1
2247, 3
2248, 2
2249, 2
2250, 2
2251, 2
2252, 2
2253, 2
2254, 1
2255, 1
2256, 2
2257, 3
2258, 3
2259, 3
2260, 2
2261, 2
2262, 2
2263, 2
2264, 2
2265, 2
2266, 2
2267, 2
2268, 2
2269, 2
2270, 1
2271, 2
2272, 2
2273, 3
2274, 1
2275, 1
2276, 1
2277, 2
2278, 2
2279, 2
2280, 3
2281, 3
2282, 3
2283, 2
2284, 2
2285, 4
2286, 4
2287, 3
2288, 4
2289, 4
2290, 2
2291, 2
2292, 1
2293, 1
2294, 1
2295, 1
2296, 3
2297, 3
2298, 2
2299, 1
2300, 1
2301, 1
2302, 1
2303, 2
2304, 0
2305, 0
2306, 1
2307, 2
2308, 2
2309, 2
2310, 4
2311, 3
2312, 3
2313, 3
2314, 3
2315, 1
2316, 2
2317, 2
2318, 2
2319, 2
2320, 2
2321, 2
2322, 2
2323, 2
2324, 2
2325, 1
2326, 1
2327, 1
2328, 1
2329, 1
2330, 2
2331, 2
2332, 2
2333, 1
2334, 1
2335, 1
2336, 1
2337, 1
2338, 1
2339, 1
2340, 1
2341, 1
2342, 1
2343, 1
2344, 2
2345, 1
2346, 1
2347, 2
2348, 3
2349, 2
2350, 1
2351, 3
2352, 5
2353, 5
2354, 5
2355, 5
2356, 6
2357, 2
2358, 2
2359, 2
2360, 2
2361, 3
2362, 3
2363, 3
2364, 1
2365, 3
2366, 0
2367, 0
2368, 1
2369, 1
2370, 3
2371, 2
2372, 2
2373, 2
2374, 2
2375, 2
2376, 1
2377, 1
2378, 1
2379, 1
2380, 2
2381, 2
2382, 2
2383, 1
2384, 2
2385, 1
2386, 1
2387, 1
2388, 1
2389, 1
2390, 1
2391, 1
2392, 1
2393, 3
2394, 3
2395, 4
2396, 0
2397, 2
2398, 2
2399, 1
2400, 1
2401, 2
2402, 1
2403, 1
2404, 2
2405, 3
2406, 1
2407, 1
2408, 3
2409, 3
2410, 1
2411, 1
2412, 1
2413, 1
2414, 1
2415, 1
2416, 1
2417, 1
2418, 1
2419, 2
2420, 4
2421, 4
2422, 4
2423, 2
2424, 1
2425, 3
2426, 3
2427, 3
2428, 1
2429, 1
2430, 1
2431, 2
2432, 2
2433, 2
2434, 2
2435, 2
2436, 2
2437, 2
2438, 3
2439, 2
2440, 2
2441, 2
2442, 2
2443, 4
2444, 2
2445, 1
2446, 4
2447, 4
2448, 0
2449, 1
2450, 2
2451, 1
2452, 1
2453, 3
2454, 1
2455, 1
2456, 2
2457, 1
2458, 1
2459, 1
2460, 1
2461, 1
2462, 1
2463, 1
2464, 1
2465, 1
2466, 1
2467, 1
2468, 1
2469, 5
2470, 1
2471, 2
2472, 1
2473, 1
2474, 1
2475, 1
2476, 1
2477, 3
2478, 3
2479, 3
2480, 3
2481, 3
2482, 2
2483, 2
2484, 1
2485, 1
2486, 1
2487, 1
2488, 1
2489, 1
2490, 1
2491, 1
2492, 1
2493, 1
2494, 1
2495, 1
2496, 1
2497, 1
2498, 2
2499, 2
2500, 1
2501, 1
2502, 1
2503, 4
2504, 4
2505, 4
2506, 4
2507, 4
2508, 3
2509, 3
2510, 3
2511, 2
2512, 2
2513, 1
2514, 1
2515, 2
2516, 2
2517, 3
2518, 3
2519, 3
2520, 3
2521, 3
2522, 1
2523, 1
2524, 1
2525, 1
2526, 1
2527, 1
2528, 2
2529, 2
2530, 1
2531, 1
2532, 1
2533, 1
2534, 0
2535, 1
2536, 1
2537, 1
2538, 1
2539, 3
2540, 4
2541, 4
2542, 2
2543, 3
2544, 2
2545, 2
2546, 2
2547, 2
2548, 2
2549, 0
2550, 1
2551, 3
2552, 3
2553, 3
2554, 3
2555, 3
2556, 2
2557, 3
2558, 3
2559, 4
2560, 4
2561, 3
2562, 3
2563, 3
2564, 1
2565, 1
2566, 1
2567, 1
2568, 1
2569, 1
2570, 1
2571, 1
2572, 1
2573, 1
2574, 1
2575, 1
2576, 2
2577, 2
2578, 3
2579, 2
2580, 1
2581, 2
2582, 2
2583, 2
2584, 2
2585, 2
2586, 2
2587, 2
2588, 2
2589, 2
2590, 2
2591, 2
2592, 1
2593, 1
2594, 1
2595, 1
2596, 1
2597, 1
2598, 1
2599, 1
2600, 1
2601, 1
2602, 1
2603, 2
2604, 2
2605, 1
2606, 1
2607, 2
2608, 2
2609, 2
2610, 2
2611, 3
2612, 3
2613, 3
2614, 3
2615, 3
2616, 5
2617, 5
2618, 4
2619, 2
2620, 1
2621, 2
2622, 2
2623, 2
2624, 2
2625, 1
2626, 1
2627, 1
2628, 4
2629, 4
2630, 1
2631, 2
2632, 1
2633, 1
2634, 1
2635, 1
2636, 1
2637, 3
2638, 2
2639, 1
2640, 1
2641, 2
2642, 4
2643, 4
2644, 4
2645, 2
2646, 1
2647, 1
2648, 2
2649, 2
2650, 1
2651, 2
2652, 2
2653, 2
2654, 2
2655, 2
2656, 2
2657, 2
2658, 2
2659, 1
2660, 1
2661, 2
2662, 1
2663, 1
2664, 2
2665, 2
2666, 1
2667, 1
2668, 1
2669, 1
2670, 2
2671, 2
2672, 2
2673, 3
2674, 3
2675, 1
2676, 2
2677, 2
2678, 1
2679, 1
2680, 2
2681, 2
2682, 2
2683, 1
2684, 1
2685, 1
2686, 3
2687, 3
2688, 1
2689, 1
2690, 1
2691, 1
2692, 1
2693, 3
2694, 3
2695, 3
2696, 1
2697, 2
2698, 2
2699, 2
2700, 2
2701, 2
2702, 4
2703, 4
2704, 3
2705, 3
2706, 2
2707, 2
2708, 2
2709, 2
2710, 2
2711, 2
2712, 1
2713, 2
2714, 2
2715, 2
2716, 2
2717, 1
2718, 3
2719, 3
2720, 3
2721, 3
2722, 3
2723, 2
2724, 2
2725, 2
2726, 1
2727, 1
2728, 1
2729, 2
2730, 1
2731, 3
2732, 4
2733, 5
2734, 4
2735, 4
2736, 4
2737, 4
2738, 4
2739, 1
2740, 1
2741, 1
2742, 1
2743, 1
2744, 1
2745, 1
2746, 1
2747, 4
2748, 2
2749, 2
2750, 2
2751, 2
2752, 2
2753, 2
2754, 2
2755, 2
2756, 2
2757, 2
2758, 2
2759, 2
2760, 1
2761, 3
2762, 4
2763, 4
2764, 4
2765, 4
2766, 3
2767, 2
2768, 2
2769, 2
2770, 3
2771, 3
2772, 2
2773, 2
2774, 2
2775, 5
2776, 5
2777, 4
2778, 2
2779, 2
2780, 1
2781, 1
2782, 1
2783, 1
2784, 2
2785, 1
2786, 1
2787, 1
2788, 1
2789, 1
2790, 1
2791, 1
2792, 1
2793, 0
2794, 1
2795, 2
2796, 2
2797, 2
2798, 2
2799, 2
2800, 2
2801, 2
2802, 2
2803, 2
2804, 2
2805, 4
2806, 4
2807, 2
2808, 2
2809, 0
2810, 2
2811, 1
2812, 2
2813, 2
2814, 2
2815, 2
2816, 3
2817, 2
2818, 1
2819, 6
2820, 4
2821, 4
2822, 1
2823, 1
2824, 1
2825, 1
2826, 1
2827, 1
2828, 1
2829, 1
2830, 1
2831, 1
2832, 1
2833, 1
2834, 1
2835, 1
2836, 2
2837, 2
2838, 2
2839, 2
2840, 5
2841, 1
2842, 5
2843, 2
2844, 2
2845, 2
2846, 2
2847, 2
2848, 2
2849, 0
2850, 0
2851, 0
2852, 1
2853, 3
2854, 3
2855, 3
2856, 1
2857, 1
2858, 1
2859, 1
2860, 1
2861, 1
2862, 1
2863, 2
2864, 2
2865, 2
2866, 2
2867, 2
2868, 2
2869, 1
2870, 1
2871, 3
2872, 4
2873, 3
2874, 1
2875, 1
2876, 1
2877, 1
2878, 3
2879, 4
2880, 4
2881, 1
2882, 1
2883, 2
2884, 3
2885, 3
2886, 3
2887, 1
2888, 1
2889, 1
2890, 2
2891, 2
2892, 3
2893, 3
2894, 1
2895, 1
2896, 5
2897, 2
2898, 0
2899, 1
2900, 1
2901, 1
2902, 1
2903, 2
2904, 1
2905, 1
2906, 1
2907, 3
2908, 3
2909, 3
2910, 2
2911, 2
2912, 2
2913, 2
2914, 4
2915, 1
2916, 2
2917, 2
2918, 2
2919, 3
2920, 2
2921, 0
2922, 0
2923, 2
2924, 2
2925, 1
2926, 1
2927, 2
2928, 2
2929, 2
2930, 2
2931, 2
2932, 2
2933, 2
2934, 2
2935, 4
2936, 4
2937, 4
2938, 3
2939, 4
2940, 1
2941, 1
2942, 1
2943, 1
2944, 5
2945, 5
2946, 3
2947, 4
2948, 4
2949, 4
2950, 4
2951, 3
2952, 3
2953, 3
2954, 3
2955, 4
2956, 4
2957, 3
2958, 2
2959, 2
2960, 2
2961, 2
2962, 1
2963, 2
2964, 4
2965, 4
2966, 4
2967, 4
2968, 2
2969, 3
2970, 1
2971, 1
2972, 1
2973, 1
2974, 1
2975, 1
2976, 1
2977, 1
2978, 1
2979, 1
2980, 2
2981, 2
2982, 2
2983, 2
2984, 2
2985, 1
2986, 1
2987, 2
2988, 3
2989, 3
2990, 3
2991, 3
2992, 3
2993, 1
2994, 1
2995, 1
2996, 2
2997, 4
2998, 3
2999, 5
3000, 6
3001, 6
3002, 6
3003, 3
3004, 3
3005, 2
3006, 1
3007, 1
3008, 1
3009, 1
3010, 4
3011, 4
3012, 4
3013, 3
3014, 3
3015, 3
3016, 3
3017, 3
3018, 3
3019, 3
3020, 3
3021, 3
3022, 3
3023, 3
3024, 4
3025, 4
3026, 4
3027, 4
3028, 4
3029, 2
3030, 2
3031, 2
3032, 2
3033, 2
3034, 2
3035, 1
3036, 1
3037, 2
3038, 2
3039, 2
3040, 2
3041, 2
3042, 2
3043, 2
3044, 2
3045, 3
3046, 3
3047, 3
3048, 3
3049, 3
3050, 2
3051, 2
3052, 2
3053, 2
3054, 2
3055, 1
3056, 2
3057, 3
3058, 3
3059, 3
3060, 3
3061, 2
3062, 2
3063, 2
3064, 2
3065, 3
3066, 2
3067, 2
3068, 2
3069, 1
3070, 0
3071, 2
3072, 2
3073, 2
3074, 4
3075, 0
3076, 2
3077, 2
3078, 2
3079, 3
3080, 2
3081, 3
3082, 2
3083, 2
3084, 1
3085, 1
3086, 1
3087, 1
3088, 1
3089, 1
3090, 1
3091, 2
3092, 1
3093, 1
3094, 1
3095, 2
3096, 2
3097, 1
3098, 3
3099, 3
3100, 3
3101, 3
3102, 5
3103, 1
3104, 1
3105, 2
3106, 2
3107, 2
3108, 2
3109, 2
3110, 2
3111, 2
3112, 3
3113, 2
3114, 2
3115, 2
3116, 2
3117, 1
3118, 2
3119, 2
3120, 2
3121, 2
3122, 2
3123, 2
3124, 2
3125, 2
3126, 2
3127, 1
3128, 2
3129, 2
3130, 2
3131, 1
3132, 0
3133, 3
3134, 2
3135, 2
3136, 2
3137, 1
3138, 2
3139, 1
3140, 2
3141, 2
3142, 1
3143, 1
3144, 1
3145, 1
3146, 1
3147, 1
3148, 1
3149, 1
3150, 3
3151, 3
3152, 3
3153, 3
3154, 3
3155, 3
3156, 3
3157, 3
3158, 3
3159, 1
3160, 1
3161, 1
3162, 1
3163, 4
3164, 1
3165, 1
3166, 1
3167, 1
3168, 2
3169, 1
3170, 1
3171, 1
3172, 1
3173, 0
3174, 0
3175, 2
3176, 2
3177, 2
3178, 2
3179, 2
3180, 3
3181, 1
3182, 3
3183, 1
3184, 1
3185, 4
3186, 6
3187, 6
3188, 3
3189, 1
3190, 0
3191, 1
3192, 1
3193, 3
3194, 2
3195, 1
3196, 1
3197, 2
3198, 1
3199, 2
3200, 2
3201, 2
3202, 2
3203, 2
3204, 4
3205, 1
3206, 1
3207, 1
3208, 1
3209, 1
3210, 1
3211, 2
3212, 1
3213, 1
3214, 0
3215, 1
3216, 1
3217, 1
3218, 2
3219, 4
3220, 4
3221, 3
3222, 3
3223, 3
3224, 2
3225, 2
3226, 1
3227, 1
3228, 2
3229, 2
3230, 2
3231, 2
3232, 2
3233, 4
3234, 2
3235, 2
3236, 2
3237, 2
3238, 4
3239, 3
3240, 2
3241, 2
3242, 1
3243, 1
3244, 2
3245, 2
3246, 2
3247, 3
3248, 2
3249, 2
3250, 2
3251, 3
3252, 2
3253, 3
3254, 3
3255, 3
3256, 3
3257, 3
3258, 3
3259, 3
3260, 2
3261, 2
3262, 3
3263, 3
3264, 3
3265, 3
3266, 3
3267, 3
3268, 1
3269, 1
3270, 1
3271, 3
3272, 1
3273, 1
3274, 1
3275, 2
3276, 1
3277, 2
3278, 2
3279, 2
3280, 5
3281, 2
3282, 2
3283, 2
3284, 2
3285, 2
3286, 2
3287, 2
3288, 1
3289, 1
3290, 1
3291, 1
3292, 2
3293, 2
3294, 2
3295, 1
3296, 1
3297, 1
3298, 1
3299, 1
3300, 1
3301, 2
3302, 3
3303, 2
3304, 2
3305, 1
3306, 2
3307, 2
3308, 1
3309, 1
3310, 1
3311, 1
3312, 1
3313, 1
3314, 4
3315, 4
3316, 4
3317, 4
3318, 6
3319, 5
3320, 4
3321, 4
3322, 4
3323, 4
3324, 7
3325, 1
3326, 1
3327, 1
3328, 1
3329, 1
3330, 3
3331, 3
3332, 2
3333, 2
3334, 2
3335, 3
3336, 3
3337, 2
3338, 2
3339, 4
3340, 3
3341, 2
3342, 1
3343, 1
3344, 3
3345, 2
3346, 2
3347, 2
3348, 2
3349, 2
3350, 2
3351, 2
3352, 2
3353, 1
3354, 1
3355, 2
3356, 2
3357, 2
3358, 2
3359, 1
3360, 1
3361, 2
3362, 2
3363, 2
3364, 2
3365, 2
3366, 2
3367, 2
3368, 1
3369, 4
3370, 4
3371, 4
3372, 2
3373, 2
3374, 2
3375, 2
3376, 2
3377, 2
3378, 2
3379, 1
3380, 1
3381, 1
3382, 2
3383, 2
3384, 2
3385, 2
3386, 3
3387, 3
3388, 2
3389, 3
3390, 3
3391, 3
3392, 3
3393, 3
3394, 1
3395, 1
3396, 2
3397, 1
3398, 2
3399, 2
3400, 2
3401, 1
3402, 1
3403, 1
3404, 1
3405, 1
3406, 1
3407, 1
3408, 1
3409, 2
3410, 3
3411, 3
3412, 3
3413, 3
3414, 2
3415, 2
3416, 2
3417, 2
3418, 2
3419, 1
3420, 1
3421, 2
3422, 1
3423, 1
3424, 1
3425, 1
3426, 1
3427, 1
3428, 1
3429, 1
3430, 1
3431, 1
3432, 1
3433, 1
3434, 1
3435, 1
3436, 1
3437, 1
3438, 2
3439, 2
3440, 3
3441, 2
3442, 2
3443, 2
3444, 2
3445, 3
3446, 3
3447, 2
3448, 1
3449, 1
3450, 1
3451, 1
3452, 1
3453, 1
3454, 1
3455, 1
3456, 2
3457, 2
3458, 2
3459, 2
3460, 1
3461, 1
3462, 1
3463, 1
3464, 1
3465, 1
3466, 3
3467, 3
3468, 3
3469, 1
3470, 2
3471, 0
3472, 0
3473, 1
3474, 2
3475, 2
3476, 3
3477, 2
3478, 3
3479, 3
3480, 3
3481, 4
3482, 3
3483, 3
3484, 4
3485, 4
3486, 4
3487, 4
3488, 4
3489, 4
3490, 4
3491, 3
3492, 3
3493, 1
3494, 1
3495, 1
3496, 2
3497, 2
3498, 3
3499, 1
3500, 1
3501, 1
3502, 2
3503, 2
3504, 0
3505, 0
3506, 0
3507, 0
3508, 0
3509, 1
3510, 1
3511, 1
3512, 1
3513, 1
3514, 1
3515, 1
3516, 1
3517, 1
3518, 1
3519, 1
3520, 1
3521, 2
3522, 2
3523, 2
3524, 2
3525, 1
3526, 1
3527, 3
3528, 2
3529, 1
3530, 3
3531, 1
3532, 1
3533, 1
3534, 2
3535, 3
3536, 1
3537, 2
3538, 3
3539, 3
3540, 1
3541, 1
3542, 0
3543, 2
3544, 3
3545, 3
3546, 3
3547, 1
3548, 1
3549, 1
3550, 2
3551, 1
3552, 0
3553, 0
3554, 8
3555, 8
3556, 5
3557, 3
3558, 3
3559, 3
3560, 3
3561, 4
3562, 2
3563, 2
3564, 3
3565, 3
3566, 3
3567, 3
3568, 2
3569, 2
3570, 1
3571, 3
3572, 2
3573, 2
3574, 3
3575, 3
3576, 3
3577, 2
3578, 2
3579, 2
3580, 2
3581, 2
3582, 1
3583, 0
3584, 2
3585, 3
3586, 3
3587, 3
3588, 2
3589, 1
3590, 2
3591, 1
3592, 2
3593, 3
3594, 3
3595, 1
3596, 2
3597, 2
3598, 2
3599, 2
3600, 2
3601, 1
3602, 1
3603, 1
3604, 2
3605, 2
3606, 2
3607, 2
3608, 5
3609, 5
3610, 4
3611, 3
3612, 2
3613, 1
3614, 0
3615, 2
3616, 2
3617, 2
3618, 2
3619, 2
3620, 3
3621, 3
3622, 3
3623, 1
3624, 3
3625, 3
3626, 2
3627, 2
3628, 1
3629, 1
3630, 1
3631, 1
3632, 2
3633, 2
3634, 3
3635, 3
3636, 1
3637, 2
3638, 2
3639, 2
3640, 2
3641, 1
3642, 1
3643, 1
3644, 1
3645, 2
3646, 2
3647, 2
3648, 3
3649, 3
3650, 1
3651, 1
3652, 2
3653, 3
3654, 3
3655, 3
3656, 2
3657, 1
3658, 1
3659, 1
3660, 1
3661, 2
3662, 2
3663, 2
3664, 2
3665, 2
3666, 2
3667, 3
3668, 2
3669, 2
3670, 2
3671, 2
3672, 4
3673, 4
3674, 4
3675, 4
3676, 1
3677, 2
3678, 2
3679, 2
3680, 2
3681, 1
3682, 1
3683, 1
3684, 1
3685, 1
3686, 1
3687, 1
3688, 2
3689, 3
3690, 3
3691, 1
3692, 4
3693, 3
3694, 1
3695, 2
3696, 2
3697, 2
3698, 2
3699, 2
3700, 1
3701, 1
3702, 2
3703, 2
3704, 1
3705, 1
3706, 1
3707, 2
3708, 1
3709, 1
3710, 1
3711, 1
3712, 1
3713, 1
3714, 1
3715, 1
3716, 1
3717, 3
3718, 3
3719, 1
3720, 1
3721, 3
3722, 3
3723, 4
3724, 3
3725, 3
3726, 2
3727, 0
3728, 2
3729, 4
3730, 1
3731, 1
3732, 1
3733, 1
3734, 2
3735, 2
3736, 2
3737, 2
3738, 2
3739, 1
3740, 1
3741, 1
3742, 1
3743, 3
3744, 2
3745, 2
3746, 2
3747, 2
3748, 1
3749, 1
3750, 1
3751, 1
3752, 1
3753, 1
3754, 1
3755, 1
3756, 1
3757, 1
3758, 1
3759, 1
3760, 1
3761, 1
3762, 1
3763, 1
3764, 1
3765, 2
3766, 2
3767, 2
3768, 3
3769, 1
3770, 1
3771, 1
3772, 1
3773, 1
3774, 1
3775, 0
3776, 0
3777, 2
3778, 2
3779, 3
3780, 4
3781, 1
3782, 1
3783, 1
3784, 1
3785, 2
3786, 2
3787, 1
3788, 2
3789, 2
3790, 1
3791, 1
3792, 1
3793, 1
3794, 1
3795, 1
3796, 1
3797, 1
3798, 1
3799, 1
3800, 1
3801, 5
3802, 1
3803, 1
3804, 1
3805, 1
3806, 2
3807, 3
3808, 2
3809, 2
3810, 1
3811, 2
3812, 2
3813, 2
3814, 2
3815, 2
3816, 1
3817, 2
3818, 1
3819, 1
3820, 1
3821, 1
3822, 1
3823, 2
3824, 3
3825, 3
3826, 3
3827, 3
3828, 2
3829, 2
3830, 1
3831, 1
3832, 1
3833, 1
3834, 1
3835, 1
3836, 1
3837, 1
3838, 3
3839, 5
3840, 3
3841, 2
3842, 3
3843, 2
3844, 2
3845, 2
3846, 1
3847, 1
3848, 4
3849, 4
3850, 1
3851, 1
3852, 1
3853, 1
3854, 1
3855, 2
3856, 2
3857, 1
3858, 0
3859, 0
3860, 1
3861, 2
3862, 2
3863, 3
3864, 4
3865, 4
3866, 4
3867, 4
3868, 3
3869, 3
3870, 3
3871, 4
3872, 2
3873, 1
3874, 4
3875, 1
3876, 1
3877, 2
3878, 1
3879, 1
3880, 2
3881, 4
3882, 4
3883, 4
3884, 2
3885, 2
3886, 2
3887, 2
3888, 2
3889, 2
3890, 2
3891, 2
3892, 1
3893, 1
3894, 1
3895, 1
3896, 1
3897, 1
3898, 1
3899, 1
3900, 1
3901, 1
3902, 1
3903, 1
3904, 2
3905, 2
3906, 3
3907, 3
3908, 3
3909, 1
3910, 2
3911, 2
3912, 3
3913, 2
3914, 3
3915, 3
3916, 3
3917, 4
3918, 4
3919, 4
3920, 4
3921, 2
3922, 1
3923, 1
3924, 1
3925, 1
3926, 5
3927, 5
3928, 4
3929, 4
3930, 4
3931, 4
3932, 4
3933, 4
3934, 2
3935, 2
3936, 2
3937, 2
3938, 2
3939, 2
3940, 2
3941, 2
3942, 2
3943, 2
3944, 3
3945, 3
3946, 3
3947, 3
3948, 3
3949, 4
3950, 4
3951, 5
3952, 1
3953, 2
3954, 2
3955, 1
3956, 1
3957, 1
3958, 1
3959, 1
3960, 2
3961, 2
3962, 3
3963, 3
3964, 2
3965, 2
3966, 3
3967, 3
3968, 3
3969, 2
3970, 1
3971, 1
3972, 1
3973, 4
3974, 1
3975, 1
3976, 2
3977, 2
3978, 2
3979, 1
3980, 2
3981, 2
3982, 4
3983, 2
3984, 2
3985, 2
3986, 2
3987, 2
3988, 2
3989, 2
3990, 6
3991, 5
3992, 5
3993, 5
3994, 5
3995, 2
3996, 2
3997, 2
3998, 2
3999, 2
4000, 2
4001, 2
4002, 2
4003, 2
4004, 2
4005, 2
4006, 2
4007, 2
4008, 2
4009, 1
4010, 3
4011, 3
4012, 3
4013, 3
4014, 2
4015, 2
4016, 2
4017, 2
4018, 2
4019, 3
4020, 2
4021, 1
4022, 1
4023, 1
4024, 2
4025, 1
4026, 4
4027, 4
4028, 4
4029, 4
4030, 4
4031, 4
4032, 4
4033, 2
4034, 1
4035, 1
4036, 2
4037, 2
4038, 2
4039, 2
4040, 2
4041, 1
4042, 2
4043, 1
4044, 1
4045, 1
4046, 2
4047, 2
4048, 3
4049, 2
4050, 3
4051, 4
4052, 2
4053, 1
4054, 1
4055, 1
4056, 1
4057, 1
4058, 1
4059, 1
4060, 3
4061, 3
4062, 2
4063, 2
4064, 3
4065, 1
4066, 1
4067, 2
4068, 1
4069, 2
4070, 2
4071, 2
4072, 2
4073, 2
4074, 2
4075, 1
4076, 1
4077, 3
4078, 3
4079, 3
4080, 2
4081, 1
4082, 1
4083, 1
4084, 1
4085, 4
4086, 2
4087, 2
4088, 3
4089, 1
4090, 1
4091, 1
4092, 2
4093, 2
4094, 2
4095, 2
4096, 1
4097, 3
4098, 3
4099, 3
4100, 1
4101, 1
4102, 1
4103, 1
4104, 1
4105, 1
4106, 1
4107, 1
4108, 1
4109, 4
4110, 3
4111, 3
4112, 2
4113, 2
4114, 2
4115, 2
4116, 0
4117, 2
4118, 2
4119, 2
4120, 2
4121, 2
4122, 2
4123, 3
4124, 3
4125, 1
4126, 1
4127, 1
4128, 1
4129, 1
4130, 1
4131, 1
4132, 2
4133, 3
4134, 4
4135, 2
4136, 2
4137, 2
4138, 2
4139, 1
4140, 1
4141, 1
4142, 2
4143, 2
4144, 3
4145, 2
4146, 2
4147, 2
4148, 2
4149, 2
4150, 2
4151, 2
4152, 2
4153, 2
4154, 2
4155, 2
4156, 2
4157, 2
4158, 3
4159, 1
4160, 2
4161, 1
4162, 2
4163, 5
4164, 4
4165, 4
4166, 4
4167, 4
4168, 1
4169, 1
4170, 1
4171, 0
4172, 0
4173, 2
4174, 2
4175, 2
4176, 2
4177, 2
4178, 2
4179, 1
4180, 2
4181, 3
4182, 3
4183, 3
4184, 1
4185, 4
4186, 3
4187, 3
4188, 3
4189, 3
4190, 3
4191, 2
4192, 2
4193, 2
4194, 2
4195, 2
4196, 1
4197, 1
4198, 1
4199, 1
4200, 0
4201, 1
4202, 1
4203, 1
4204, 2
4205, 2
4206, 0
4207, 0
4208, 1
4209, 1
4210, 1
4211, 1
4212, 2
4213, 1
4214, 1
4215, 2
4216, 1
4217, 1
4218, 1
4219, 1
4220, 1
4221, 1
4222, 1
4223, 1
4224, 3
4225, 3
4226, 4
4227, 3
4228, 2
4229, 2
4230, 2
4231, 1
4232, 1
4233, 2
4234, 2
4235, 1
4236, 2
4237, 2
4238, 1
4239, 1
4240, 1
4241, 1
4242, 3
4243, 3
4244, 1
4245, 1
4246, 1
4247, 4
4248, 2
4249, 2
4250, 3
4251, 3
4252, 3
4253, 3
4254, 4
4255, 4
4256, 4
4257, 4
4258, 1
4259, 1
4260, 1
4261, 2
4262, 2
4263, 2
4264, 1
4265, 1
4266, 1
4267, 1
4268, 1
4269, 1
4270, 1
4271, 1
4272, 1
4273, 1
4274, 1
4275, 1
4276, 1
4277, 1
4278, 1
4279, 1
4280, 3
4281, 3
4282, 3
4283, 3
4284, 2
4285, 5
4286, 1
4287, 2
4288, 4
4289, 4
4290, 3
4291, 2
4292, 2
4293, 2
4294, 2
4295, 3
4296, 4
4297, 4
4298, 0
4299, 1
4300, 1
4301, 2
4302, 2
4303, 2
4304, 2
4305, 1
4306, 1
4307, 4
4308, 2
4309, 2
4310, 2
4311, 2
4312, 2
4313, 3
4314, 2
4315, 2
4316, 2
4317, 4
4318, 4
4319, 5
4320, 4
4321, 4
4322, 1
4323, 1
4324, 1
4325, 1
4326, 1
4327, 1
4328, 3
4329, 3
4330, 3
4331, 4
4332, 3
4333, 1
4334, 1
4335, 1
4336, 1
4337, 1
4338, 1
4339, 4
4340, 3
4341, 3
4342, 1
4343, 1
4344, 2
4345, 2
4346, 3
4347, 3
4348, 2
4349, 3
4350, 3
4351, 3
4352, 3
4353, 2
4354, 1
4355, 1
4356, 1
4357, 1
4358, 2
4359, 2
4360, 2
4361, 2
4362, 2
4363, 2
4364, 2
4365, 2
4366, 2
4367, 1
4368, 1
4369, 3
4370, 3
4371, 3
4372, 5
4373, 3
4374, 2
4375, 2
4376, 1
4377, 1
4378, 1
4379, 1
4380, 5
4381, 2
4382, 2
4383, 4
4384, 3
4385, 4
4386, 3
4387, 5
4388, 2
4389, 2
4390, 1
4391, 1
4392, 1
4393, 1
4394, 4
4395, 4
4396, 4
4397, 2
4398, 2
4399, 2
4400, 2
4401, 1
4402, 2
4403, 2
4404, 2
4405, 2
4406, 2
4407, 2
4408, 2
4409, 2
4410, 2
4411, 2
4412, 3
4413, 3
4414, 3
4415, 3
4416, 1
4417, 2
4418, 1
4419, 1
4420, 2
4421, 2
4422, 3
4423, 3
4424, 3
4425, 3
4426, 3
4427, 3
4428, 3
4429, 2
4430, 1
4431, 1
4432, 2
4433, 2
4434, 2
4435, 2
4436, 2
4437, 2
4438, 3
4439, 3
4440, 1
4441, 2
4442, 3
4443, 3
4444, 3
4445, 3
4446, 2
4447, 2
4448, 2
4449, 2
4450, 2
4451, 2
4452, 2
4453, 2
4454, 1
4455, 2
4456, 2
4457, 2
4458, 2
4459, 1
4460, 1
4461, 2
4462, 2
4463, 2
4464, 2
4465, 2
4466, 3
4467, 2
4468, 1
4469, 1
4470, 5
4471, 5
4472, 1
4473, 1
4474, 1
4475, 1
4476, 1
4477, 1
4478, 1
4479, 1
4480, 1
4481, 1
4482, 1
4483, 1
4484, 1
4485, 1
4486, 3
4487, 2
4488, 2
4489, 1
4490, 2
4491, 2
4492, 2
4493, 2
4494, 2
4495, 1
4496, 1
4497, 2
4498, 2
4499, 2
4500, 2
4501, 2
4502, 1
4503, 2
4504, 4
4505, 2
4506, 2
4507, 2
4508, 2
4509, 2
4510, 2
4511, 2
4512, 2
4513, 1
4514, 1
4515, 2
4516, 1
4517, 2
4518, 2
4519, 2
4520, 2
4521, 2
4522, 2
4523, 2
4524, 2
4525, 2
4526, 2
4527, 2
4528, 2
4529, 1
4530, 1
4531, 1
4532, 2
4533, 2
4534, 1
4535, 1
4536, 1
4537, 2
4538, 2
4539, 2
4540, 1
4541, 1
4542, 1
4543, 1
4544, 1
4545, 4
4546, 4
4547, 1
4548, 1
4549, 2
4550, 3
4551, 4
4552, 2
4553, 2
4554, 3
4555, 2
4556, 4
4557, 4
4558, 2
4559, 3
4560, 2
4561, 2
4562, 2
4563, 4
4564, 4
4565, 4
4566, 4
4567, 4
4568, 4
4569, 1
4570, 1
4571, 1
4572, 1
4573, 1
4574, 1
4575, 1
4576, 0
4577, 1
4578, 1
4579, 3
4580, 3
4581, 2
4582, 2
4583, 2
4584, 2
4585, 2
4586, 2
4587, 2
4588, 2
4589, 2
4590, 2
4591, 2
4592, 3
4593, 1
4594, 2
4595, 3
4596, 2
4597, 2
4598, 2
4599, 2
4600, 2
4601, 2
4602, 2
4603, 2
4604, 2
4605, 2
4606, 1
4607, 1
4608, 1
4609, 3
4610, 3
4611, 3
4612, 3
4613, 3
4614, 3
4615, 1
4616, 1
4617, 2
4618, 2
4619, 3
4620, 3
4621, 2
4622, 2
4623, 2
4624, 2
4625, 2
4626, 2
4627, 2
4628, 1
4629, 1
4630, 2
4631, 3
4632, 4
4633, 4
4634, 4
4635, 1
4636, 1
4637, 0
4638, 0
4639, 0
4640, 0
4641, 1
4642, 2
4643, 1
4644, 1
4645, 2
4646, 1
4647, 1
4648, 1
4649, 2
4650, 4
4651, 4
4652, 4
4653, 4
4654, 2
4655, 1
4656, 1
4657, 1
4658, 1
4659, 1
4660, 1
4661, 1
4662, 2
4663, 2
4664, 2
4665, 2
4666, 2
4667, 2
4668, 2
4669, 1
4670, 0
4671, 3
4672, 1
4673, 1
4674, 1
4675, 1
4676, 1
4677, 2
4678, 2
4679, 2
4680, 2
4681, 2
4682, 2
4683, 2
4684, 3
4685, 3
4686, 3
4687, 1
4688, 1
4689, 1
4690, 1
4691, 2
4692, 1
4693, 1
4694, 1
4695, 1
4696, 2
4697, 4
4698, 1
4699, 1
4700, 1
4701, 1
4702, 2
4703, 2
4704, 3
4705, 4
4706, 3
4707, 2
4708, 2
4709, 0
4710, 1
4711, 1
4712, 1
4713, 1
4714, 2
4715, 3
4716, 3
4717, 2
4718, 2
4719, 1
4720, 1
4721, 2
4722, 2
4723, 3
4724, 3
4725, 2
4726, 2
4727, 2
4728, 3
4729, 3
4730, 1
4731, 3
4732, 3
4733, 2
4734, 2
4735, 2
4736, 2
4737, 1
4738, 1
4739, 1
4740, 1
4741, 1
4742, 2
4743, 2
4744, 1
4745, 1
4746, 1
4747, 1
4748, 2
4749, 1
4750, 2
4751, 1
4752, 2
4753, 2
4754, 4
4755, 1
4756, 1
4757, 1
4758, 0
4759, 0
4760, 0
4761, 1
4762, 1
4763, 1
4764, 1
4765, 1
4766, 1
4767, 1
4768, 4
4769, 1
4770, 1
4771, 2
4772, 2
4773, 2
4774, 2
4775, 1
4776, 1
4777, 1
4778, 1
4779, 1
4780, 1
4781, 1
4782, 1
4783, 1
4784, 1
4785, 1
4786, 1
4787, 5
4788, 6
4789, 5
4790, 5
4791, 5
4792, 5
4793, 5
4794, 2
4795, 3
4796, 3
4797, 2
4798, 3
4799, 3
4800, 3
4801, 3
4802, 3
4803, 3
4804, 3
4805, 1
4806, 2
4807, 2
4808, 2
4809, 2
4810, 3
4811, 2
4812, 2
4813, 2
4814, 2
4815, 2
4816, 2
4817, 2
4818, 2
4819, 1
4820, 2
4821, 2
4822, 2
4823, 3
4824, 3
4825, 3
4826, 2
4827, 2
4828, 1
4829, 1
4830, 1
4831, 1
4832, 1
4833, 1
4834, 1
4835, 1
4836, 1
4837, 1
4838, 1
4839, 1
4840, 1
4841, 1
4842, 3
4843, 3
4844, 4
4845, 2
4846, 1
4847, 1
4848, 1
4849, 2
4850, 1
4851, 1
4852, 1
4853, 1
4854, 3
4855, 3
4856, 3
4857, 2
4858, 3
4859, 1
4860, 1
4861, 5
4862, 5
4863, 2
4864, 1
4865, 1
4866, 1
4867, 1
4868, 1
4869, 5
4870, 5
4871, 5
4872, 5
4873, 4
4874, 5
4875, 5
4876, 2
4877, 2
4878, 1
4879, 1
4880, 1
4881, 1
4882, 1
4883, 3
4884, 4
4885, 3
4886, 3
4887, 3
4888, 3
4889, 1
4890, 1
4891, 1
4892, 1
4893, 1
4894, 2
4895, 2
4896, 1
4897, 2
4898, 2
4899, 1
4900, 1
4901, 3
4902, 3
4903, 3
4904, 3
4905, 3
4906, 3
4907, 3
4908, 1
4909, 1
4910, 1
4911, 1
4912, 1
4913, 1
4914, 1
4915, 2
4916, 2
4917, 3
4918, 3
4919, 3
4920, 2
4921, 2
4922, 2
4923, 3
4924, 1
4925, 1
4926, 1
4927, 1
4928, 1
4929, 1
4930, 1
4931, 1
4932, 5
4933, 5
4934, 5
4935, 5
4936, 3
4937, 3
4938, 3
4939, 3
4940, 3
4941, 1
4942, 1
4943, 1
4944, 1
4945, 1
4946, 3
4947, 3
4948, 3
4949, 3
4950, 3
4951, 3
4952, 2
4953, 2
4954, 2
4955, 3
4956, 1
4957, 1
4958, 1
4959, 2
4960, 2
4961, 2
4962, 2
4963, 2
4964, 4
4965, 3
4966, 2
4967, 2
4968, 2
4969, 2
4970, 2
4971, 3
4972, 5
4973, 2
4974, 4
4975, 1
4976, 1
4977, 1
4978, 1
4979, 1
4980, 2
4981, 2
4982, 1
4983, 1
4984, 1
4985, 1
4986, 0
4987, 0
4988, 0
4989, 0
4990, 0
4991, 1
4992, 1
4993, 1
4994, 2
4995, 2
4996, 2
4997, 2
4998, 1
4999, 2
5000, 2
5001, 2
5002, 2
5003, 2
5004, 2
5005, 2
5006, 2
5007, 2
5008, 3
5009, 3
5010, 3
5011, 3
5012, 3
5013, 3
5014, 2
5015, 2
5016, 2
5017, 7
5018, 4
5019, 3
5020, 3
5021, 3
5022, 2
5023, 2
5024, 3
5025, 1
5026, 0
5027, 1
5028, 1
5029, 2
5030, 2
5031, 2
5032, 2
5033, 2
5034, 1
5035, 1
5036, 2
5037, 1
5038, 1
5039, 1
5040, 1
5041, 1
5042, 2
5043, 3
5044, 3
5045, 3
5046, 3
5047, 1
5048, 1
5049, 4
5050, 4
5051, 4
5052, 4
5053, 2
5054, 2
5055, 4
5056, 4
5057, 3
5058, 3
5059, 2
5060, 3
5061, 3
5062, 3
5063, 4
5064, 1
5065, 1
5066, 1
5067, 3
5068, 4
5069, 1
5070, 3
5071, 2
5072, 5
5073, 5
5074, 5
5075, 4
5076, 4
5077, 2
5078, 2
5079, 2
5080, 2
5081, 0
5082, 1
5083, 1
5084, 1
5085, 1
5086, 1
5087, 1
5088, 1
5089, 1
5090, 2
5091, 2
5092, 3
5093, 3
5094, 1
5095, 2
5096, 1
5097, 2
5098, 2
5099, 1
5100, 1
5101, 1
5102, 4
5103, 2
5104, 2
5105, 1
5106, 1
5107, 1
5108, 3
5109, 3
5110, 3
5111, 1
5112, 1
5113, 4
5114, 4
5115, 2
5116, 2
5117, 1
5118, 1
5119, 1
5120, 1
5121, 1
5122, 1
5123, 1
5124, 1
5125, 2
5126, 2
5127, 1
5128, 1
5129, 3
5130, 3
5131, 1
5132, 1
5133, 2
5134, 3
5135, 3
5136, 2
5137, 2
5138, 2
5139, 2
5140, 2
5141, 2
5142, 3
5143, 2
5144, 3
5145, 3
5146, 3
5147, 3
5148, 3
5149, 0
5150, 1
5151, 2
5152, 2
5153, 2
5154, 3
5155, 3
5156, 2
5157, 1
5158, 1
5159, 1
5160, 1
5161, 1
5162, 2
5163, 1
5164, 1
5165, 1
5166, 1
5167, 1
5168, 1
5169, 1
5170, 1
5171, 2
5172, 2
5173, 2
5174, 2
5175, 4
5176, 2
5177, 2
5178, 2
5179, 2
5180, 2
5181, 3
5182, 1
5183, 2
5184, 1
5185, 1
5186, 1
5187, 1
5188, 3
5189, 4
5190, 5
5191, 3
5192, 3
5193, 1
5194, 2
5195, 2
5196, 2
5197, 3
5198, 3
5199, 3
5200, 2
5201, 2
5202, 3
5203, 3
5204, 3
5205, 3
5206, 2
5207, 4
5208, 4
5209, 2
5210, 2
5211, 3
5212, 3
5213, 3
5214, 3
5215, 1
5216, 1
5217, 1
5218, 1
5219, 1
5220, 2
5221, 1
5222, 1
5223, 3
5224, 2
5225, 2
5226, 1
5227, 1
5228, 3
5229, 3
5230, 3
5231, 3
5232, 3
5233, 2
5234, 2
5235, 3
5236, 3
5237, 4
5238, 2
5239, 3
5240, 3
5241, 2
5242, 1
5243, 1
5244, 3
5245, 3
5246, 3
5247, 3
5248, 3
5249, 3
5250, 3
5251, 3
5252, 2
5253, 2
5254, 3
5255, 2
5256, 2
5257, 2
5258, 2
5259, 1
5260, 1
5261, 1
5262, 1
5263, 1
5264, 1
5265, 1
5266, 1
5267, 1
5268, 1
5269, 1
5270, 2
5271, 3
5272, 3
5273, 3
5274, 2
5275, 2
5276, 1
5277, 1
5278, 1
5279, 1
5280, 3
5281, 3
5282, 3
5283, 2
5284, 2
5285, 3
5286, 3
5287, 1
5288, 1
5289, 1
5290, 3
5291, 2
5292, 1
5293, 1
5294, 1
5295, 0
5296, 1
5297, 1
5298, 1
5299, 1
5300, 1
5301, 1
5302, 1
5303, 1
5304, 1
5305, 1
5306, 2
5307, 2
5308, 0
5309, 0
5310, 0
5311, 1
5312, 1
5313, 1
5314, 1
5315, 1
5316, 1
5317, 1
5318, 1
5319, 3
5320, 3
5321, 2
5322, 2
5323, 2
5324, 2
5325, 2
5326, 2
5327, 2
5328, 2
5329, 2
5330, 2
5331, 2
5332, 3
5333, 3
5334, 3
5335, 3
5336, 3
5337, 3
5338, 3
5339, 3
5340, 3
5341, 2
5342, 2
5343, 2
5344, 2
5345, 1
5346, 1
5347, 2
5348, 1
5349, 2
5350, 2
5351, 2
5352, 4
5353, 2
5354, 2
5355, 3
5356, 3
5357, 2
5358, 2
5359, 2
5360, 3
5361, 3
5362, 2
5363, 2
5364, 2
5365, 1
5366, 1
5367, 2
5368, 2
5369, 1
5370, 2
5371, 2
5372, 4
5373, 4
5374, 4
5375, 3
5376, 0
5377, 0
5378, 2
5379, 1
5380, 1
5381, 1
5382, 2
5383, 2
5384, 4
5385, 1
5386, 1
5387, 5
5388, 5
5389, 4
5390, 4
5391, 2
5392, 4
5393, 1
5394, 2
5395, 2
5396, 2
5397, 1
5398, 1
5399, 1
5400, 1
5401, 1
5402, 2
5403, 2
5404, 1
5405, 1
5406, 1
5407, 2
5408, 2
5409, 1
5410, 2
5411, 2
5412, 1
5413, 1
5414, 1
5415, 1
5416, 1
5417, 2
5418, 2
5419, 4
5420, 1
5421, 1
5422, 1
5423, 4
5424, 1
5425, 1
5426, 1
5427, 1
5428, 2
5429, 2
5430, 2
5431, 5
5432, 7
5433, 7
5434, 5
5435, 4
5436, 4
5437, 4
5438, 5
5439, 4
5440, 4
5441, 4
5442, 1
5443, 1
5444, 1
5445, 1
5446, 2
5447, 2
5448, 2
5449, 4
5450, 1
5451, 1
5452, 1
5453, 1
5454, 1
5455, 2
5456, 2
5457, 2
5458, 1
5459, 2
5460, 2
5461, 1
5462, 1
5463, 1
5464, 2
5465, 3
5466, 2
5467, 3
5468, 2
5469, 2
5470, 1
5471, 2
5472, 2
5473, 1
5474, 1
5475, 1
5476, 1
5477, 1
5478, 1
5479, 1
5480, 1
5481, 1
5482, 2
5483, 2
5484, 2
5485, 1
5486, 1
5487, 1
5488, 1
5489, 3
5490, 3
5491, 3
5492, 3
5493, 6
5494, 6
5495, 6
5496, 6
5497, 5
5498, 1
5499, 1
5500, 1
5501, 2
5502, 3
5503, 3
5504, 3
5505, 1
5506, 1
5507, 1
5508, 1
5509, 1
5510, 1
5511, 1
5512, 1
5513, 2
5514, 3
5515, 3
5516, 3
5517, 3
5518, 3
5519, 3
5520, 3
5521, 4
5522, 4
5523, 2
5524, 2
5525, 1
5526, 2
5527, 3
5528, 3
5529, 4
5530, 4
5531, 5
5532, 4
5533, 2
5534, 4
5535, 4
5536, 4
5537, 4
5538, 4
5539, 4
5540, 4
5541, 4
5542, 2
5543, 3
5544, 3
5545, 2
5546, 2
5547, 2
5548, 2
5549, 2
5550, 1
5551, 1
5552, 2
5553, 2
5554, 1
5555, 1
5556, 1
5557, 1
5558, 2
5559, 2
5560, 2
5561, 2
5562, 2
5563, 1
5564, 2
5565, 2
5566, 1
5567, 1
5568, 1
5569, 1
5570, 1
5571, 1
5572, 2
5573, 2
5574, 2
5575, 2
5576, 1
5577, 1
5578, 1
5579, 2
5580, 2
5581, 2
5582, 2
5583, 3
5584, 3
5585, 3
5586, 2
5587, 1
5588, 1
5589, 3
5590, 3
5591, 3
5592, 2
5593, 3
5594, 4
5595, 4
5596, 2
5597, 3
5598, 3
5599, 2
5600, 2
5601, 1
5602, 2
5603, 3
5604, 2
5605, 2
5606, 2
5607, 2
5608, 2
5609, 1
5610, 2
5611, 2
5612, 2
5613, 2
5614, 2
5615, 2
5616, 2
5617, 2
5618, 5
5619, 1
5620, 1
5621, 2
5622, 2
5623, 6
5624, 1
5625, 1
5626, 1
5627, 1
5628, 1
5629, 2
5630, 3
5631, 2
5632, 2
5633, 2
5634, 2
5635, 2
5636, 0
5637, 3
5638, 3
5639, 3
5640, 1
5641, 1
5642, 1
5643, 1
5644, 1
5645, 1
5646, 1
5647, 1
5648, 1
5649, 1
5650, 1
5651, 1
5652, 3
5653, 3
5654, 2
5655, 2
5656, 2
5657, 2
5658, 2
5659, 3
5660, 1
5661, 1
5662, 1
5663, 0
5664, 0
5665, 1
5666, 1
5667, 1
5668, 1
5669, 3
5670, 3
5671, 3
5672, 2
5673, 3
5674, 3
5675, 3
5676, 3
5677, 3
5678, 2
5679, 3
5680, 1
5681, 2
5682, 1
5683, 1
5684, 2
5685, 2
5686, 2
5687, 2
5688, 2
5689, 2
5690, 2
5691, 2
5692, 2
5693, 2
5694, 2
5695, 2
5696, 2
5697, 2
5698, 1
5699, 1
5700, 2
5701, 2
5702, 2
5703, 3
5704, 3
5705, 3
5706, 1
5707, 3
5708, 1
5709, 2
5710, 3
5711, 3
5712, 1
5713, 3
5714, 3
5715, 2
5716, 2
5717, 2
5718, 2
5719, 2
5720, 2
5721, 2
5722, 2
5723, 2
5724, 2
5725, 3
5726, 2
5727, 1
5728, 1
5729, 2
5730, 2
5731, 2
5732, 2
5733, 2
5734, 2
5735, 1
5736, 2
5737, 4
5738, 3
5739, 3
5740, 2
5741, 5
5742, 5
5743, 5
5744, 5
5745, 5
5746, 5
5747, 2
5748, 2
5749, 3
5750, 1
5751, 1
5752, 2
5753, 2
5754, 1
5755, 0
5756, 0
5757, 3
5758, 3
5759, 2
5760, 2
5761, 2
5762, 2
5763, 1
5764, 2
5765, 2
5766, 2
5767, 6
5768, 4
5769, 4
5770, 1
5771, 2
5772, 3
5773, 6
5774, 4
5775, 2
5776, 2
5777, 2
5778, 2
5779, 1
5780, 1
5781, 2
5782, 0
5783, 0
5784, 1
5785, 1
5786, 0
5787, 2
5788, 2
5789, 2
5790, 2
5791, 1
5792, 1
5793, 1
5794, 1
5795, 1
5796, 1
5797, 1
5798, 1
5799, 3
5800, 2
5801, 4
5802, 2
5803, 2
5804, 1
5805, 2
5806, 2
5807, 2
5808, 2
5809, 1
5810, 1
5811, 1
5812, 1
5813, 2
5814, 2
5815, 1
5816, 1
5817, 1
5818, 2
5819, 2
5820, 2
5821, 1
5822, 3
5823, 1
5824, 1
5825, 1
5826, 1
5827, 1
5828, 2
5829, 1
5830, 3
5831, 2
5832, 2
5833, 2
5834, 2
5835, 1
5836, 1
5837, 1
5838, 1
5839, 1
5840, 1
5841, 1
5842, 1
5843, 3
5844, 3
5845, 3
5846, 5
5847, 3
5848, 3
5849, 2
5850, 2
5851, 3
5852, 3
5853, 5
5854, 5
5855, 5
5856, 5
5857, 5
5858, 3
5859, 1
5860, 1
5861, 1
5862, 1
5863, 1
5864, 1
5865, 1
5866, 1
5867, 1
5868, 4
5869, 2
5870, 1
5871, 1
5872, 1
5873, 1
5874, 1
5875, 0
5876, 2
5877, 1
5878, 1
5879, 1
5880, 1
5881, 1
5882, 1
5883, 2
5884, 2
5885, 2
5886, 3
5887, 2
5888, 1
5889, 2
5890, 1
5891, 1
5892, 1
5893, 1
5894, 1
5895, 1
5896, 1
5897, 3
5898, 1
5899, 0
5900, 1
5901, 1
5902, 1
5903, 1
5904, 1
5905, 3
5906, 3
5907, 4
5908, 4
5909, 3
5910, 3
5911, 3
5912, 3
5913, 3
5914, 4
5915, 4
5916, 4
5917, 2
5918, 3
5919, 3
5920, 3
5921, 4
5922, 2
5923, 2
5924, 1
5925, 1
5926, 2
5927, 1
5928, 1
5929, 1
5930, 1
5931, 2
5932, 1
5933, 1
5934, 2
5935, 4
5936, 4
5937, 4
5938, 4
5939, 4
5940, 2
5941, 2
5942, 2
5943, 2
5944, 2
5945, 2
5946, 4
5947, 5
5948, 6
5949, 3
5950, 3
5951, 3
5952, 2
5953, 1
5954, 2
5955, 2
5956, 2
5957, 2
5958, 2
5959, 4
5960, 4
5961, 4
5962, 2
5963, 2
5964, 2
5965, 2
5966, 2
5967, 1
5968, 3
5969, 1
5970, 1
5971, 2
5972, 1
5973, 1
5974, 1
5975, 2
5976, 2
5977, 3
5978, 3
5979, 2
5980, 2
5981, 2
5982, 2
5983, 4
5984, 5
5985, 5
5986, 5
5987, 5
5988, 1
5989, 0
5990, 2
5991, 2
5992, 2
5993, 2
5994, 2
5995, 2
5996, 4
5997, 4
5998, 2
5999, 2
6000, 2
6001, 2
6002, 2
6003, 2
6004, 2
6005, 2
6006, 1
6007, 2
6008, 2
6009, 4
6010, 2
6011, 2
6012, 2
6013, 2
6014, 2
6015, 2
6016, 2
6017, 2
6018, 2
6019, 1
6020, 1
6021, 1
6022, 1
6023, 2
6024, 2
6025, 1
6026, 3
6027, 4
6028, 4
6029, 4
6030, 3
6031, 2
6032, 2
6033, 2
6034, 2
6035, 1
6036, 1
6037, 1
6038, 4
6039, 4
6040, 1
6041, 2
6042, 3
6043, 1
6044, 1
6045, 1
6046, 1
6047, 2
6048, 2
6049, 2
6050, 2
6051, 2
6052, 2
6053, 2
6054, 3
6055, 3
6056, 3
6057, 2
6058, 2
6059, 3
6060, 3
6061, 2
6062, 3
6063, 3
6064, 3
6065, 2
6066, 3
6067, 1
6068, 1
6069, 1
6070, 3
6071, 1
6072, 4
6073, 3
6074, 5
6075, 5
6076, 5
6077, 3
6078, 3
6079, 1
6080, 1
6081, 3
6082, 2
6083, 2
6084, 2
6085, 2
6086, 2
6087, 2
6088, 2
6089, 2
6090, 3
6091, 6
6092, 6
6093, 5
6094, 2
6095, 1
6096, 1
6097, 4
6098, 5
6099, 5
6100, 2
6101, 2
6102, 2
6103, 2
6104, 2
6105, 3
6106, 3
6107, 2
6108, 2
6109, 1
6110, 1
6111, 1
6112, 1
6113, 1
6114, 2
6115, 2
6116, 2
6117, 1
6118, 1
6119, 1
6120, 1
6121, 1
6122, 3
6123, 3
6124, 3
6125, 3
6126, 3
6127, 3
6128, 3
6129, 2
6130, 2
6131, 2
6132, 2
6133, 2
6134, 2
6135, 2
6136, 2
6137, 2
6138, 3
6139, 2
6140, 2
6141, 2
6142, 3
6143, 2
6144, 2
6145, 2
6146, 2
6147, 2
6148, 2
6149, 2
6150, 3
6151, 2
6152, 2
6153, 2
6154, 2
6155, 2
6156, 2
6157, 2
6158, 2
6159, 2
6160, 2
6161, 2
6162, 2
6163, 2
6164, 1
6165, 1
6166, 1
6167, 0
6168, 0
6169, 1
6170, 1
6171, 1
6172, 1
6173, 1
6174, 3
6175, 3
6176, 3
6177, 3
6178, 3
6179, 1
6180, 1
6181, 1
6182, 1
6183, 1
6184, 1
6185, 2
6186, 2
6187, 3
6188, 3
6189, 3
6190, 3
6191, 2
6192, 2
6193, 2
6194, 1
6195, 1
6196, 1
6197, 4
6198, 4
6199, 2
6200, 2
6201, 2
6202, 3
6203, 4
6204, 4
6205, 4
6206, 4
6207, 4
6208, 1
6209, 1
6210, 1
6211, 2
6212, 2
6213, 2
6214, 2
6215, 2
6216, 2
6217, 2
6218, 2
6219, 2
6220, 2
6221, 2
6222, 2
6223, 2
6224, 3
6225, 3
6226, 3
6227, 1
6228, 3
6229, 1
6230, 2
6231, 2
6232, 2
6233, 2
6234, 2
6235, 1
6236, 1
6237, 1
6238, 2
6239, 2
6240, 2
6241, 3
6242, 3
6243, 3
6244, 3
6245, 2
6246, 2
6247, 2
6248, 2
6249, 2
6250, 1
6251, 2
6252, 3
6253, 2
6254, 2
6255, 2
6256, 2
6257, 2
6258, 1
6259, 1
6260, 1
6261, 1
6262, 1
6263, 1
6264, 1
6265, 2
6266, 1
6267, 1
6268, 1
6269, 1
6270, 1
6271, 5
6272, 6
6273, 1
6274, 3
6275, 3
6276, 1
6277, 1
6278, 1
6279, 2
6280, 4
6281, 4
6282, 1
6283, 2
6284, 4
6285, 4
6286, 4
6287, 3
6288, 3
6289, 3
6290, 3
6291, 3
6292, 3
6293, 3
6294, 2
6295, 2
6296, 1
6297, 1
6298, 1
6299, 1
6300, 1
6301, 1
6302, 1
6303, 1
6304, 1
6305, 4
6306, 4
6307, 2
6308, 2
6309, 2
6310, 2
6311, 2
6312, 2
6313, 2
6314, 2
6315, 3
6316, 3
6317, 1
6318, 1
6319, 1
6320, 2
6321, 3
6322, 3
6323, 3
6324, 3
6325, 3
6326, 1
6327, 2
6328, 2
6329, 2
6330, 2
6331, 2
6332, 2
6333, 1
6334, 1
6335, 1
6336, 2
6337, 2
6338, 2
6339, 2
6340, 2
6341, 3
6342, 3
6343, 2
6344, 2
6345, 1
6346, 1
6347, 1
6348, 3
6349, 3
6350, 3
6351, 3
6352, 3
6353, 2
6354, 2
6355, 2
6356, 1
6357, 1
6358, 1
6359, 1
6360, 1
6361, 1
6362, 2
6363, 2
6364, 2
6365, 2
6366, 2
6367, 1
6368, 1
6369, 1
6370, 1
6371, 1
6372, 1
6373, 0
6374, 1
6375, 1
6376, 1
6377, 1
6378, 1
6379, 1
6380, 4
6381, 3
6382, 2
6383, 2
6384, 2
6385, 2
6386, 1
6387, 2
6388, 2
6389, 2
6390, 3
6391, 3
6392, 3
6393, 3
6394, 1
6395, 1
6396, 1
6397, 1
6398, 1
6399, 3
6400, 3
6401, 3
6402, 1
6403, 1
6404, 1
6405, 1
6406, 1
6407, 2
6408, 2
6409, 2
6410, 2
6411, 1
6412, 1
6413, 1
6414, 1
6415, 3
6416, 2
6417, 3
6418, 3
6419, 3
6420, 3
6421, 3
6422, 3
6423, 1
6424, 1
6425, 1
6426, 1
6427, 3
6428, 3
6429, 3
6430, 3
6431, 3
6432, 3
6433, 2
6434, 2
6435, 2
6436, 2
6437, 4
6438, 1
6439, 1
6440, 1
6441, 1
6442, 2
6443, 2
6444, 2
6445, 2
6446, 1
6447, 1
6448, 1
6449, 2
6450, 2
6451, 3
6452, 1
6453, 2
6454, 2
6455, 2
6456, 1
6457, 1
6458, 1
6459, 1
6460, 0
6461, 0
6462, 0
6463, 3
6464, 3
6465, 3
6466, 3
6467, 2
6468, 1
6469, 1
6470, 1
6471, 1
6472, 1
6473, 1
6474, 4
6475, 3
6476, 3
6477, 1
6478, 1
6479, 1
6480, 1
6481, 1
6482, 3
6483, 3
6484, 1
6485, 1
6486, 1
6487, 1
6488, 1
6489, 1
6490, 1
6491, 2
6492, 1
6493, 1
6494, 1
6495, 1
6496, 2
6497, 3
6498, 3
6499, 3
6500, 4
6501, 3
6502, 3
6503, 3
6504, 3
6505, 2
6506, 2
6507, 3
6508, 1
6509, 1
6510, 1
6511, 1
6512, 0
6513, 5
6514, 4
6515, 2
6516, 1
6517, 2
6518, 2
6519, 1
6520, 1
6521, 3
6522, 4
6523, 4
6524, 2
6525, 1
6526, 1
6527, 2
6528, 2
6529, 2
6530, 2
6531, 2
6532, 2
6533, 2
6534, 2
6535, 2
6536, 1
6537, 1
6538, 1
6539, 2
6540, 2
6541, 2
6542, 1
6543, 1
6544, 1
6545, 2
6546, 2
6547, 2
6548, 2
6549, 1
6550, 2
6551, 2
6552, 2
6553, 2
6554, 2
6555, 2
6556, 2
6557, 2
6558, 1
6559, 1
6560, 3
6561, 1
6562, 2
6563, 2
6564, 2
6565, 2
6566, 2
6567, 2
6568, 1
6569, 2
6570, 2
6571, 1
6572, 1
6573, 1
6574, 1
6575, 2
6576, 1
6577, 2
6578, 2
6579, 2
6580, 2
6581, 2
6582, 2
6583, 2
6584, 2
6585, 1
6586, 1
6587, 1
6588, 1
6589, 1
6590, 1
6591, 1
6592, 2
6593, 2
6594, 2
6595, 1
6596, 1
6597, 2
6598, 2
6599, 2
6600, 2
6601, 2
6602, 2
6603, 1
6604, 2
6605, 2
6606, 2
6607, 2
6608, 2
6609, 3
6610, 2
6611, 1
6612, 1
6613, 4
6614, 4
6615, 2
6616, 1
6617, 1
6618, 3
6619, 3
6620, 3
6621, 3
6622, 3
6623, 4
6624, 1
6625, 1
6626, 1
6627, 1
6628, 1
6629, 1
6630, 1
6631, 1
6632, 1
6633, 1
6634, 3
6635, 3
6636, 3
6637, 2
6638, 3
6639, 2
6640, 2
6641, 2
6642, 2
6643, 2
6644, 2
6645, 2
6646, 1
6647, 1
6648, 1
6649, 3
6650, 3
6651, 3
6652, 3
6653, 3
6654, 3
6655, 3
6656, 1
6657, 1
6658, 1
6659, 1
6660, 1
6661, 1
6662, 1
6663, 1
6664, 2
6665, 2
6666, 2
6667, 2
6668, 3
6669, 3
6670, 3
6671, 1
6672, 1
6673, 1
6674, 2
6675, 2
6676, 2
6677, 2
6678, 2
6679, 2
6680, 2
6681, 2
6682, 2
6683, 2
6684, 2
6685, 1
6686, 1
6687, 1
6688, 1
6689, 1
6690, 1
6691, 1
6692, 1
6693, 1
6694, 1
6695, 1
6696, 2
6697, 2
6698, 2
6699, 2
6700, 2
6701, 2
6702, 4
6703, 4
6704, 3
6705, 4
6706, 3
6707, 3
6708, 3
6709, 1
6710, 1
6711, 1
6712, 1
6713, 2
6714, 2
6715, 2
6716, 2
6717, 2
6718, 2
6719, 0
6720, 1
6721, 1
6722, 1
6723, 2
6724, 1
6725, 1
6726, 1
6727, 1
6728, 1
6729, 1
6730, 1
6731, 2
6732, 2
6733, 3
6734, 2
6735, 3
6736, 2
6737, 4
6738, 2
6739, 2
6740, 2
6741, 2
6742, 1
6743, 1
6744, 3
6745, 2
6746, 2
6747, 2
6748, 2
6749, 3
6750, 2
6751, 2
6752, 2
6753, 2
6754, 2
6755, 1
6756, 1
6757, 2
6758, 2
6759, 2
6760, 2
6761, 2
6762, 2
6763, 1
6764, 1
6765, 3
6766, 3
6767, 1
6768, 1
6769, 2
6770, 2
6771, 2
6772, 2
6773, 2
6774, 2
6775, 2
6776, 3
6777, 2
6778, 4
6779, 4
6780, 2
6781, 1
6782, 1
6783, 1
6784, 2
6785, 1
6786, 2
6787, 4
6788, 2
6789, 2
6790, 0
6791, 0
6792, 1
6793, 1
6794, 1
6795, 1
6796, 1
6797, 1
6798, 1
6799, 2
6800, 2
6801, 2
6802, 2
6803, 2
6804, 2
6805, 2
6806, 2
6807, 2
6808, 2
6809, 2
6810, 3
6811, 1
6812, 1
6813, 1
6814, 1
6815, 1
6816, 1
6817, 1
6818, 1
6819, 3
6820, 3
6821, 3
6822, 2
6823, 2
6824, 3
6825, 3
6826, 3
6827, 3
6828, 1
6829, 1
6830, 1
6831, 1
6832, 4
6833, 4
6834, 3
6835, 3
6836, 1
6837, 1
6838, 1
6839, 1
6840, 2
6841, 2
6842, 3
6843, 4
6844, 2
6845, 3
6846, 3
6847, 5
6848, 5
6849, 3
6850, 3
6851, 2
6852, 1
6853, 1
6854, 1
6855, 1
6856, 2
6857, 2
6858, 4
6859, 1
6860, 1
6861, 1
6862, 1
6863, 1
6864, 1
6865, 1
6866, 1
6867, 1
6868, 1
6869, 2
6870, 2
6871, 2
6872, 2
6873, 2
6874, 2
6875, 2
6876, 3
6877, 3
6878, 3
6879, 3
6880, 1
6881, 1
6882, 1
6883, 2
6884, 2
6885, 0
6886, 1
6887, 2
6888, 3
6889, 2
6890, 2
6891, 2
6892, 2
6893, 2
6894, 2
6895, 2
6896, 2
6897, 3
6898, 3
6899, 2
6900, 2
6901, 2
6902, 2
6903, 2
6904, 2
6905, 2
6906, 2
6907, 2
6908, 2
6909, 2
6910, 2
6911, 2
6912, 2
6913, 2
6914, 2
6915, 2
6916, 2
6917, 3
6918, 1
6919, 1
6920, 1
6921, 1
6922, 1
6923, 3
6924, 2
6925, 1
6926, 5
6927, 5
6928, 2
6929, 2
6930, 2
6931, 1
6932, 1
6933, 1
6934, 1
6935, 1
6936, 1
6937, 3
6938, 3
6939, 0
6940, 0
6941, 0
6942, 0
6943, 2
6944, 1
6945, 4
6946, 3
6947, 3
6948, 1
6949, 1
6950, 1
6951, 1
6952, 1
6953, 2
6954, 2
6955, 2
6956, 2
6957, 2
6958, 2
6959, 2
6960, 2
6961, 2
6962, 3
6963, 3
6964, 2
6965, 3
6966, 4
6967, 2
6968, 4
6969, 4
6970, 3
6971, 1
6972, 1
6973, 2
6974, 2
6975, 4
6976, 3
6977, 2
6978, 2
6979, 1
6980, 1
6981, 1
6982, 1
6983, 2
6984, 2
6985, 2
6986, 1
6987, 3
6988, 3
6989, 3
6990, 3
6991, 2
6992, 2
6993, 2
6994, 2
6995, 2
6996, 2
6997, 2
6998, 2
6999, 3
7000, 5
7001, 5
7002, 4
7003, 2
7004, 3
7005, 3
7006, 3
7007, 3
7008, 3
7009, 3
7010, 2
7011, 2
7012, 3
7013, 1
7014, 0
7015, 1
7016, 1
7017, 1
7018, 1
7019, 1
7020, 0
7021, 3
7022, 1
7023, 1
7024, 1
7025, 1
7026, 1
7027, 1
7028, 1
7029, 1
7030, 2
7031, 3
7032, 2
7033, 2
7034, 2
7035, 4
7036, 4
7037, 2
7038, 1
7039, 1
7040, 1
7041, 1
7042, 1
7043, 1
7044, 2
7045, 1
7046, 1
7047, 1
7048, 1
7049, 2
7050, 2
7051, 2
7052, 2
7053, 4
7054, 4
7055, 3
7056, 3
7057, 3
7058, 3
7059, 3
7060, 3
7061, 3
7062, 4
7063, 4
7064, 1
7065, 1
7066, 1
7067, 1
7068, 1
7069, 0
7070, 1
7071, 3
7072, 6
7073, 6
7074, 1
7075, 1
7076, 1
7077, 1
7078, 1
7079, 1
7080, 1
7081, 1
7082, 2
7083, 1
7084, 1
7085, 3
7086, 2
7087, 2
7088, 2
7089, 4
7090, 4
7091, 3
7092, 4
7093, 4
7094, 4
7095, 3
7096, 4
7097, 3
7098, 4
7099, 1
7100, 1
7101, 1
7102, 1
7103, 1
7104, 1
7105, 2
7106, 2
7107, 2
7108, 1
7109, 2
7110, 2
7111, 2
7112, 2
7113, 2
7114, 2
7115, 2
7116, 2
7117, 2
7118, 2
7119, 1
7120, 3
7121, 1
7122, 0
7123, 1
7124, 1
7125, 1
7126, 1
7127, 1
7128, 1
7129, 0
7130, 1
7131, 1
7132, 4
7133, 4
7134, 3
7135, 3
7136, 3
7137, 2
7138, 2
7139, 2
7140, 2
7141, 2
7142, 3
7143, 2
7144, 2
7145, 2
7146, 3
7147, 1
7148, 1
7149, 1
7150, 1
7151, 1
7152, 3
7153, 1
7154, 1
7155, 2
7156, 2
7157, 2
7158, 2
7159, 3
7160, 3
7161, 4
7162, 2
7163, 1
7164, 2
7165, 2
7166, 1
7167, 1
7168, 2
7169, 2
7170, 2
7171, 2
7172, 2
7173, 1
7174, 3
7175, 2
7176, 2
7177, 2
7178, 2
7179, 2
7180, 3
7181, 1
7182, 1
7183, 2
7184, 2
7185, 2
7186, 0
7187, 1
7188, 1
7189, 1
7190, 1
7191, 1
7192, 1
7193, 2
7194, 3
7195, 1
7196, 1
7197, 1
7198, 3
7199, 2
7200, 2
7201, 2
7202, 2
7203, 2
7204, 2
7205, 6
7206, 3
7207, 1
7208, 1
7209, 1
7210, 1
7211, 1
7212, 3
7213, 3
7214, 3
7215, 3
7216, 1
7217, 1
7218, 3
7219, 3
7220, 3
7221, 3
7222, 4
7223, 3
7224, 3
7225, 3
7226, 3
7227, 1
7228, 2
7229, 2
7230, 2
7231, 2
7232, 3
7233, 3
7234, 3
7235, 3
7236, 3
7237, 3
7238, 3
7239, 2
7240, 2
7241, 2
7242, 2
7243, 2
7244, 2
7245, 3
7246, 4
7247, 4
7248, 3
7249, 3
7250, 3
7251, 2
7252, 2
7253, 2
7254, 2
7255, 4
7256, 2
7257, 2
7258, 2
7259, 2
7260, 2
7261, 1
7262, 2
7263, 3
7264, 4
7265, 1
7266, 3
7267, 1
7268, 1
7269, 1
7270, 2
7271, 2
7272, 3
7273, 2
7274, 2
7275, 2
7276, 2
7277, 2
7278, 2
7279, 3
7280, 3
7281, 3
7282, 3
7283, 3
7284, 2
7285, 0
7286, 0
7287, 0
7288, 0
7289, 0
7290, 1
7291, 1
7292, 1
7293, 1
7294, 3
7295, 4
7296, 4
7297, 2
7298, 2
7299, 0
7300, 0
7301, 2
7302, 2
7303, 2
7304, 1
7305, 2
7306, 2
7307, 3
7308, 2
7309, 2
7310, 2
7311, 3
7312, 2
7313, 2
7314, 2
7315, 2
7316, 2
7317, 2
7318, 1
7319, 1
7320, 1
7321, 2
7322, 3
7323, 3
7324, 3
7325, 3
7326, 3
7327, 3
7328, 1
7329, 1
7330, 1
7331, 1
7332, 1
7333, 5
7334, 5
7335, 5
7336, 5
7337, 5
7338, 3
7339, 3
7340, 1
7341, 1
7342, 2
7343, 2
7344, 1
7345, 2
7346, 2
7347, 2
7348, 3
7349, 2
7350, 4
7351, 4
7352, 1
7353, 1
7354, 2
7355, 1
7356, 1
7357, 2
7358, 2
7359, 1
7360, 1
7361, 1
7362, 1
7363, 1
7364, 1
7365, 1
7366, 1
7367, 1
7368, 1
7369, 1
7370, 2
7371, 2
7372, 2
7373, 1
7374, 1
7375, 1
7376, 1
7377, 1
7378, 1
7379, 1
7380, 1
7381, 1
7382, 1
7383, 1
7384, 1
7385, 1
7386, 1
7387, 1
7388, 1
7389, 1
7390, 2
7391, 2
7392, 2
7393, 3
7394, 3
7395, 4
7396, 4
7397, 1
7398, 1
7399, 1
7400, 2
7401, 2
7402, 2
7403, 2
7404, 3
7405, 1
7406, 1
7407, 1
7408, 1
7409, 1
7410, 2
7411, 4
7412, 4
7413, 1
7414, 1
7415, 2
7416, 3
7417, 3
7418, 3
7419, 3
7420, 3
7421, 3
7422, 1
7423, 1
7424, 1
7425, 2
7426, 2
7427, 2
7428, 3
7429, 2
7430, 2
7431, 2
7432, 3
7433, 1
7434, 2
7435, 3
7436, 3
7437, 3
7438, 2
7439, 2
7440, 2
7441, 2
7442, 1
7443, 2
7444, 2
7445, 2
7446, 3
7447, 2
7448, 2
7449, 2
7450, 2
7451, 2
7452, 1
7453, 2
7454, 2
7455, 2
7456, 2
7457, 2
7458, 2
7459, 2
7460, 3
7461, 3
7462, 3
7463, 3
7464, 0
7465, 0
7466, 0
7467, 2
7468, 2
7469, 2
7470, 2
7471, 2
7472, 3
7473, 2
7474, 2
7475, 2
7476, 2
7477, 2
7478, 2
7479, 1
7480, 1
7481, 1
7482, 1
7483, 1
7484, 1
7485, 1
7486, 1
7487, 1
7488, 1
7489, 1
7490, 3
7491, 3
7492, 3
7493, 1
7494, 2
7495, 2
7496, 2
7497, 2
7498, 2
7499, 2
7500, 2
7501, 2
7502, 2
7503, 2
7504, 2
7505, 2
7506, 2
7507, 2
7508, 2
7509, 2
7510, 2
7511, 2
7512, 1
7513, 2
7514, 3
7515, 2
7516, 2
7517, 2
7518, 2
7519, 2
7520, 2
7521, 1
7522, 1
7523, 1
7524, 2
7525, 2
7526, 2
7527, 2
7528, 2
7529, 3
7530, 1
7531, 4
7532, 4
7533, 4
7534, 4
7535, 4
7536, 2
7537, 2
7538, 2
7539, 2
7540, 2
7541, 2
7542, 2
7543, 1
7544, 1
7545, 1
7546, 1
7547, 1
7548, 1
7549, 1
7550, 2
7551, 2
7552, 2
7553, 4
7554, 4
7555, 4
7556, 4
7557, 3
7558, 3
7559, 3
7560, 2
7561, 2
7562, 4
7563, 4
7564, 4
7565, 4
7566, 4
7567, 4
7568, 3
7569, 3
7570, 1
7571, 1
7572, 3
7573, 2
7574, 3
7575, 2
7576, 3
7577, 3
7578, 3
7579, 3
7580, 3
7581, 3
7582, 3
7583, 2
7584, 2
7585, 4
7586, 2
7587, 6
7588, 6
7589, 2
7590, 2
7591, 2
7592, 2
7593, 2
7594, 2
7595, 1
7596, 2
7597, 2
7598, 3
7599, 1
7600, 1
7601, 1
7602, 1
7603, 1
7604, 1
7605, 2
7606, 1
7607, 1
7608, 2
7609, 2
7610, 2
7611, 4
7612, 3
7613, 3
7614, 3
7615, 5
7616, 5
7617, 2
7618, 2
7619, 4
7620, 3
7621, 2
7622, 4
7623, 5
7624, 6
7625, 2
7626, 2
7627, 2
7628, 3
7629, 2
7630, 2
7631, 2
7632, 2
7633, 2
7634, 2
7635, 2
7636, 2
7637, 3
7638, 3
7639, 4
7640, 3
7641, 3
7642, 3
7643, 4
7644, 4
7645, 2
7646, 4
7647, 4
7648, 4
7649, 4
7650, 4
7651, 3
7652, 3
7653, 2
7654, 3
7655, 3
7656, 2
7657, 3
7658, 4
7659, 2
7660, 2
7661, 3
7662, 4
7663, 1
7664, 1
7665, 1
7666, 1
7667, 1
7668, 1
7669, 1
7670, 1
7671, 1
7672, 2
7673, 2
7674, 2
7675, 1
7676, 1
7677, 3
7678, 1
7679, 1
7680, 1
7681, 1
7682, 1
7683, 2
7684, 2
7685, 3
7686, 3
7687, 3
7688, 1
7689, 1
7690, 1
7691, 1
7692, 6
7693, 6
7694, 6
7695, 3
7696, 3
7697, 3
7698, 3
7699, 3
7700, 2
7701, 2
7702, 2
7703, 4
7704, 3
7705, 3
7706, 3
7707, 3
7708, 6
7709, 6
7710, 7
7711, 7
7712, 3
7713, 3
7714, 3
7715, 4
7716, 4
7717, 3
7718, 1
7719, 1
7720, 3
7721, 1
7722, 1
7723, 1
7724, 1
7725, 0
7726, 0
7727, 1
7728, 1
7729, 2
7730, 2
7731, 1
7732, 1
7733, 2
7734, 4
7735, 4
7736, 3
7737, 1
7738, 2
7739, 2
7740, 2
7741, 2
7742, 2
7743, 5
7744, 5
7745, 2
7746, 2
7747, 1
7748, 1
7749, 1
7750, 1
7751, 1
7752, 1
7753, 2
7754, 1
7755, 1
7756, 1
7757, 1
7758, 1
7759, 1
7760, 1
7761, 1
7762, 2
7763, 3
7764, 2
7765, 1
7766, 1
7767, 1
7768, 1
7769, 2
7770, 2
7771, 4
7772, 4
7773, 2
7774, 2
7775, 3
7776, 3
7777, 3
7778, 3
7779, 3
7780, 2
7781, 2
7782, 0
7783, 1
7784, 1
7785, 1
7786, 1
7787, 2
7788, 3
7789, 1
7790, 1
7791, 3
7792, 3
7793, 1
7794, 1
7795, 1
7796, 1
7797, 1
7798, 5
7799, 2
7800, 2
7801, 1
7802, 1
7803, 1
7804, 1
7805, 2
7806, 2
7807, 2
7808, 2
7809, 2
7810, 2
7811, 2
7812, 2
7813, 1
7814, 1
7815, 1
7816, 2
7817, 2
7818, 3
7819, 3
7820, 2
7821, 1
7822, 2
7823, 1
7824, 1
7825, 2
7826, 2
7827, 1
7828, 1
7829, 1
7830, 1
7831, 1
7832, 2
7833, 2
7834, 2
7835, 3
7836, 3
7837, 2
7838, 3
7839, 2
7840, 2
7841, 2
7842, 2
7843, 1
7844, 1
7845, 3
7846, 3
7847, 1
7848, 1
7849, 2
7850, 2
7851, 2
7852, 2
7853, 2
7854, 2
7855, 2
7856, 2
7857, 2
7858, 2
7859, 2
7860, 2
7861, 2
7862, 2
7863, 2
7864, 3
7865, 3
7866, 3
7867, 1
7868, 1
7869, 1
7870, 2
7871, 1
7872, 1
7873, 1
7874, 1
7875, 1
7876, 1
7877, 1
7878, 3
7879, 3
7880, 1
7881, 1
7882, 1
7883, 2
7884, 4
7885, 3
7886, 3
7887, 1
7888, 1
7889, 1
7890, 1
7891, 1
7892, 1
7893, 1
7894, 3
7895, 3
7896, 4
7897, 2
7898, 3
7899, 3
7900, 3
7901, 2
7902, 1
7903, 1
7904, 1
7905, 2
7906, 2
7907, 2
7908, 2
7909, 1
7910, 1
7911, 1
7912, 1
7913, 2
7914, 1
7915, 1
7916, 1
7917, 1
7918, 1
7919, 1
7920, 1
7921, 1
7922, 1
7923, 2
7924, 2
7925, 2
7926, 2
7927, 1
7928, 2
7929, 2
7930, 4
7931, 4
7932, 3
7933, 6
7934, 6
7935, 3
7936, 2
7937, 2
7938, 2
7939, 2
7940, 1
7941, 4
7942, 3
7943, 3
7944, 5
7945, 4
7946, 5
7947, 2
7948, 1
7949, 1
7950, 2
7951, 2
7952, 2
7953, 1
7954, 1
7955, 1
7956, 1
7957, 1
7958, 1
7959, 1
7960, 1
7961, 1
7962, 5
7963, 5
7964, 3
7965, 3
7966, 3
7967, 3
7968, 3
7969, 3
7970, 3
7971, 3
7972, 3
7973, 3
7974, 2
7975, 2
7976, 3
7977, 2
7978, 2
7979, 2
7980, 3
7981, 3
7982, 3
7983, 5
7984, 1
7985, 1
7986, 2
7987, 2
7988, 2
7989, 3
7990, 2
7991, 2
7992, 2
7993, 2
7994, 2
7995, 3
7996, 3
7997, 3
7998, 2
7999, 2
8000, 2
8001, 2
8002, 3
8003, 3
8004, 3
8005, 2
8006, 2
8007, 2
8008, 2
8009, 3
8010, 2
8011, 3
8012, 1
8013, 1
8014, 1
8015, 1
8016, 1
8017, 2
8018, 1
8019, 1
8020, 1
8021, 1
8022, 2
8023, 1
8024, 1
8025, 1
8026, 0
8027, 2
8028, 1
8029, 1
8030, 2
8031, 2
8032, 3
8033, 3
8034, 3
8035, 3
8036, 3
8037, 3
8038, 3
8039, 3
8040, 3
8041, 3
8042, 4
8043, 4
8044, 4
8045, 3
8046, 3
8047, 3
8048, 3
8049, 3
8050, 4
8051, 4
8052, 1
8053, 1
8054, 1
8055, 1
8056, 1
8057, 2
8058, 2
8059, 2
8060, 2
8061, 2
8062, 2
8063, 5
8064, 5
8065, 4
8066, 2
8067, 3
8068, 3
8069, 3
8070, 3
8071, 1
8072, 1
8073, 1
8074, 0
8075, 1
8076, 1
8077, 1
8078, 1
8079, 1
8080, 1
8081, 2
8082, 2
8083, 2
8084, 2
8085, 1
8086, 0
8087, 1
8088, 1
8089, 1
8090, 1
8091, 1
8092, 1
8093, 1
8094, 1
8095, 1
8096, 3
8097, 3
8098, 2
8099, 2
8100, 2
8101, 2
8102, 2
8103, 2
8104, 2
8105, 3
8106, 1
8107, 1
8108, 1
8109, 2
8110, 1
8111, 1
8112, 3
8113, 3
8114, 3
8115, 1
8116, 3
8117, 2
8118, 2
8119, 2
8120, 2
8121, 2
8122, 1
8123, 1
8124, 1
8125, 1
8126, 1
8127, 4
8128, 4
8129, 2
8130, 2
8131, 1
8132, 2
8133, 1
8134, 2
8135, 1
8136, 1
8137, 1
8138, 3
8139, 2
8140, 2
8141, 2
8142, 2
8143, 1
8144, 2
8145, 2
8146, 3
8147, 4
8148, 2
8149, 5
8150, 4
8151, 4
8152, 2
8153, 5
8154, 2
8155, 1
8156, 1
8157, 3
8158, 2
8159, 1
8160, 1
8161, 1
8162, 2
8163, 6
8164, 5
8165, 5
8166, 5
8167, 5
8168, 5
8169, 4
8170, 4
8171, 4
8172, 4
8173, 4
8174, 4
8175, 4
8176, 4
8177, 2
8178, 2
8179, 2
8180, 2
8181, 2
8182, 2
8183, 2
8184, 2
8185, 3
8186, 3
8187, 3
8188, 3
8189, 2
8190, 2
8191, 2
8192, 2
8193, 1
8194, 1
8195, 1
8196, 2
8197, 3
8198, 2
8199, 3
8200, 0
8201, 1
8202, 1
8203, 1
8204, 1
8205, 1
8206, 0
8207, 0
8208, 0
8209, 1
8210, 1
8211, 1
8212, 1
8213, 3
8214, 2
8215, 2
8216, 2
8217, 2
8218, 2
8219, 1
8220, 1
8221, 1
8222, 1
8223, 1
8224, 1
8225, 2
8226, 2
8227, 2
8228, 2
8229, 2
8230, 2
8231, 2
8232, 2
8233, 2
8234, 2
8235, 2
8236, 2
8237, 2
8238, 1
8239, 1
8240, 1
8241, 1
8242, 3
8243, 3
8244, 1
8245, 1
8246, 1
8247, 1
8248, 1
8249, 1
8250, 1
8251, 4
8252, 1
8253, 1
8254, 2
8255, 3
8256, 3
8257, 3
8258, 3
8259, 3
8260, 2
8261, 2
8262, 2
8263, 2
8264, 1
8265, 1
8266, 1
8267, 1
8268, 1
8269, 1
8270, 1
8271, 1
8272, 1
8273, 1
8274, 2
8275, 2
8276, 2
8277, 2
8278, 2
8279, 1
8280, 1
8281, 1
8282, 1
8283, 1
8284, 1
8285, 1
8286, 2
8287, 4
8288, 3
8289, 1
8290, 3
8291, 2
8292, 1
8293, 1
8294, 1
8295, 1
8296, 1
8297, 1
8298, 1
8299, 2
8300, 1
8301, 1
8302, 1
8303, 2
8304, 1
8305, 1
8306, 2
8307, 2
8308, 2
8309, 4
8310, 4
8311, 3
8312, 1
8313, 1
8314, 2
8315, 5
8316, 2
8317, 2
8318, 2
8319, 2
8320, 2
8321, 2
8322, 2
8323, 1
8324, 0
8325, 1
8326, 1
8327, 2
8328, 2
8329, 3
8330, 2
8331, 2
8332, 2
8333, 2
8334, 2
8335, 2
8336, 2
8337, 2
8338, 2
8339, 2
8340, 1
8341, 1
8342, 2
8343, 2
8344, 2
8345, 2
8346, 2
8347, 2
8348, 2
8349, 1
8350, 2
8351, 2
8352, 2
8353, 2
8354, 1
8355, 2
8356, 2
8357, 2
8358, 2
8359, 2
8360, 4
8361, 1
8362, 2
8363, 2
8364, 1
8365, 1
8366, 1
8367, 1
8368, 1
8369, 1
8370, 2
8371, 2
8372, 2
8373, 2
8374, 2
8375, 2
8376, 2
8377, 2
8378, 1
8379, 2
8380, 2
8381, 3
8382, 3
8383, 2
8384, 4
8385, 4
8386, 3
8387, 1
8388, 1
8389, 1
8390, 2
8391, 2
8392, 2
8393, 2
8394, 2
8395, 2
8396, 2
8397, 3
8398, 4
8399, 1
8400, 1
8401, 2
8402, 1
8403, 2
8404, 2
8405, 3
8406, 3
8407, 2
8408, 3
8409, 4
8410, 4
8411, 4
8412, 4
8413, 4
8414, 1
8415, 1
8416, 1
8417, 1
8418, 1
8419, 2
8420, 1
8421, 1
8422, 1
8423, 1
8424, 4
8425, 1
8426, 1
8427, 1
8428, 1
8429, 2
8430, 2
8431, 1
8432, 1
8433, 1
8434, 2
8435, 2
8436, 3
8437, 2
8438, 3
8439, 3
8440, 3
8441, 1
8442, 1
8443, 1
8444, 2
8445, 3
8446, 2
8447, 3
8448, 2
8449, 2
8450, 1
8451, 2
8452, 1
8453, 1
8454, 1
8455, 1
8456, 1
8457, 1
8458, 1
8459, 1
8460, 2
8461, 2
8462, 3
8463, 2
8464, 3
8465, 3
8466, 3
8467, 2
8468, 1
8469, 1
8470, 4
8471, 4
8472, 4
8473, 4
8474, 4
8475, 4
8476, 2
8477, 2
8478, 2
8479, 3
8480, 2
8481, 5
8482, 5
8483, 5
8484, 5
8485, 2
8486, 1
8487, 1
8488, 1
8489, 2
8490, 1
8491, 5
8492, 3
8493, 4
8494, 4
8495, 3
8496, 3
8497, 3
8498, 2
8499, 2
8500, 2
8501, 1
8502, 1
8503, 1
8504, 3
8505, 3
8506, 2
8507, 2
8508, 3
8509, 2
8510, 3
8511, 2
8512, 2
8513, 6
8514, 1
8515, 2
8516, 2
8517, 2
8518, 2
8519, 2
8520, 2
8521, 2
8522, 2
8523, 2
8524, 2
8525, 2
8526, 2
8527, 3
8528, 2
8529, 1
8530, 2
8531, 2
8532, 2
8533, 2
8534, 2
8535, 5
8536, 5
8537, 5
8538, 5
8539, 5
8540, 1
8541, 2
8542, 3
8543, 2
8544, 3
8545, 2
8546, 1
8547, 1
8548, 1
8549, 2
8550, 3
8551, 2
8552, 2
8553, 2
8554, 2
8555, 2
8556, 1
8557, 1
8558, 1
8559, 1
8560, 3
8561, 3
8562, 2
8563, 1
8564, 1
8565, 1
8566, 2
8567, 2
8568, 1
8569, 1
8570, 1
8571, 1
8572, 1
8573, 1
8574, 1
8575, 2
8576, 2
8577, 0
8578, 1
8579, 1
8580, 1
8581, 1
8582, 0
8583, 0
8584, 0
8585, 4
8586, 4
8587, 3
8588, 3
8589, 4
8590, 4
8591, 1
8592, 2
8593, 3
8594, 1
8595, 1
8596, 1
8597, 1
8598, 4
8599, 4
8600, 4
8601, 2
8602, 1
8603, 1
8604, 1
8605, 1
8606, 1
8607, 2
8608, 2
8609, 2
8610, 2
8611, 1
8612, 1
8613, 1
8614, 1
8615, 1
8616, 1
8617, 1
8618, 2
8619, 2
8620, 2
8621, 2
8622, 2
8623, 2
8624, 2
8625, 2
8626, 2
8627, 1
8628, 1
8629, 1
8630, 2
8631, 2
8632, 2
8633, 2
8634, 1
8635, 1
8636, 1
8637, 1
8638, 1
8639, 1
8640, 1
8641, 2
8642, 3
8643, 2
8644, 2
8645, 2
8646, 3
8647, 4
8648, 3
8649, 3
8650, 2
8651, 2
8652, 2
8653, 2
8654, 2
8655, 1
8656, 1
8657, 2
8658, 1
8659, 1
8660, 1
8661, 1
8662, 3
8663, 3
8664, 3
8665, 1
8666, 3
8667, 3
8668, 2
8669, 2
8670, 1
8671, 1
8672, 3
8673, 3
8674, 3
8675, 3
8676, 3
8677, 3
8678, 3
8679, 3
8680, 3
8681, 1
8682, 3
8683, 3
8684, 3
8685, 2
8686, 2
8687, 2
8688, 2
8689, 2
8690, 2
8691, 2
8692, 2
8693, 3
8694, 2
8695, 2
8696, 2
8697, 2
8698, 2
8699, 2
8700, 2
8701, 2
8702, 2
8703, 2
8704, 2
8705, 1
8706, 1
8707, 1
8708, 1
8709, 1
8710, 1
8711, 1
8712, 1
8713, 1
8714, 1
8715, 1
8716, 1
8717, 1
8718, 4
8719, 4
8720, 3
8721, 3
8722, 4
8723, 4
8724, 3
8725, 3
8726, 3
8727, 3
8728, 3
8729, 3
8730, 2
8731, 2
8732, 1
8733, 3
8734, 1
8735, 2
8736, 2
8737, 1
8738, 1
8739, 2
8740, 2
8741, 3
8742, 2
8743, 2
8744, 2
8745, 2
8746, 2
8747, 2
8748, 2
8749, 2
8750, 2
8751, 3
8752, 3
8753, 3
8754, 2
8755, 2
8756, 4
8757, 4
8758, 4
8759, 4
8760, 3
8761, 3
8762, 1
8763, 1
8764, 2
8765, 2
8766, 2
8767, 2
8768, 2
8769, 2
8770, 2
8771, 4
8772, 2
8773, 2
8774, 2
8775, 2
8776, 2
8777, 4
8778, 4
8779, 4
8780, 1
8781, 3
8782, 4
8783, 4
8784, 4
8785, 2
8786, 3
8787, 2
8788, 2
8789, 2
8790, 3
8791, 3
8792, 3
8793, 2
8794, 2
8795, 2
8796, 2
8797, 2
8798, 2
8799, 3
8800, 3
8801, 1
8802, 1
8803, 1
8804, 6
8805, 2
8806, 3
8807, 3
8808, 3
8809, 1
8810, 2
8811, 2
8812, 2
8813, 2
8814, 2
8815, 2
8816, 2
8817, 1
8818, 1
8819, 1
8820, 0
8821, 1
8822, 1
8823, 1
8824, 1
8825, 2
8826, 4
8827, 4
8828, 4
8829, 4
8830, 1
8831, 1
8832, 1
8833, 1
8834, 4
8835, 3
8836, 2
8837, 1
8838, 1
8839, 3
8840, 1
8841, 1
8842, 1
8843, 2
8844, 2
8845, 2
8846, 5
8847, 2
8848, 2
8849, 2
8850, 2
8851, 3
8852, 3
8853, 3
8854, 4
8855, 2
8856, 2
8857, 2
8858, 2
8859, 2
8860, 2
8861, 2
8862, 4
8863, 4
8864, 5
8865, 2
8866, 1
8867, 1
8868, 1
8869, 4
8870, 3
8871, 7
8872, 6
8873, 1
8874, 3
8875, 3
8876, 3
8877, 3
8878, 1
8879, 2
8880, 2
8881, 2
8882, 5
8883, 3
8884, 2
8885, 2
8886, 2
8887, 2
8888, 2
8889, 2
8890, 3
8891, 2
8892, 1
8893, 1
8894, 1
8895, 2
8896, 2
8897, 1
8898, 0
8899, 0
8900, 0
8901, 2
8902, 1
8903, 1
8904, 1
8905, 1
8906, 6
8907, 2
8908, 4
8909, 4
8910, 1
8911, 1
8912, 1
8913, 1
8914, 3
8915, 3
8916, 1
8917, 2
8918, 2
8919, 2
8920, 4
8921, 4
8922, 2
8923, 1
8924, 6
8925, 6
8926, 6
8927, 7
8928, 7
8929, 7
8930, 7
8931, 8
8932, 8
8933, 8
8934, 4
8935, 4
8936, 4
8937, 4
8938, 2
8939, 2
8940, 2
8941, 2
8942, 2
8943, 1
8944, 1
8945, 1
8946, 2
8947, 2
8948, 2
8949, 2
8950, 2
8951, 2
8952, 2
8953, 0
8954, 1
8955, 2
8956, 2
8957, 1
8958, 1
8959, 1
8960, 1
8961, 1
8962, 1
8963, 1
8964, 3
8965, 3
8966, 3
8967, 2
8968, 1
8969, 2
8970, 3
8971, 3
8972, 2
8973, 2
8974, 2
8975, 2
8976, 3
8977, 4
8978, 2
8979, 1
8980, 1
8981, 2
8982, 4
8983, 1
8984, 1
8985, 1
8986, 1
8987, 1
8988, 0
8989, 1
8990, 2
8991, 0
8992, 0
8993, 2
8994, 1
8995, 1
8996, 1
8997, 1
8998, 1
8999, 1
9000, 1
9001, 2
9002, 2
9003, 1
9004, 2
9005, 5
9006, 5
9007, 5
9008, 5
9009, 5
9010, 5
9011, 5
9012, 1
9013, 1
9014, 2
9015, 3
9016, 1
9017, 1
9018, 1
9019, 1
9020, 1
9021, 1
9022, 1
9023, 1
9024, 1
9025, 2
9026, 2
9027, 4
9028, 1
9029, 1
9030, 2
9031, 3
9032, 3
9033, 3
9034, 2
9035, 2
9036, 1
9037, 1
9038, 3
9039, 3
9040, 2
9041, 3
9042, 4
9043, 4
9044, 3
9045, 3
9046, 1
9047, 0
9048, 2
9049, 2
9050, 2
9051, 2
9052, 2
9053, 1
9054, 1
9055, 2
9056, 2
9057, 1
9058, 1
9059, 2
9060, 1
9061, 1
9062, 1
9063, 1
9064, 1
9065, 1
9066, 3
9067, 4
9068, 4
9069, 4
9070, 4
9071, 4
9072, 1
9073, 1
9074, 1
9075, 1
9076, 1
9077, 1
9078, 3
9079, 3
9080, 4
9081, 4
9082, 4
9083, 5
9084, 5
9085, 5
9086, 5
9087, 5
9088, 5
9089, 5
9090, 1
9091, 1
9092, 2
9093, 4
9094, 4
9095, 4
9096, 4
9097, 2
9098, 2
9099, 3
9100, 1
9101, 2
9102, 2
9103, 2
9104, 1
9105, 1
9106, 3
9107, 3
9108, 2
9109, 2
9110, 2
9111, 2
9112, 1
9113, 1
9114, 1
9115, 3
9116, 3
9117, 3
9118, 1
9119, 1
9120, 2
9121, 2
9122, 1
9123, 4
9124, 4
9125, 2
9126, 2
9127, 2
9128, 2
9129, 4
9130, 4
9131, 4
9132, 2
9133, 5
9134, 3
9135, 1
9136, 1
9137, 1
9138, 0
9139, 0
9140, 0
9141, 0
9142, 1
9143, 1
9144, 1
9145, 1
9146, 1
9147, 1
9148, 1
9149, 1
9150, 2
9151, 0
9152, 2
9153, 2
9154, 2
9155, 2
9156, 3
9157, 3
9158, 3
9159, 2
9160, 2
9161, 1
9162, 2
9163, 1
9164, 1
9165, 1
9166, 1
9167, 1
9168, 1
9169, 1
9170, 1
9171, 1
9172, 2
9173, 1
9174, 1
9175, 3
9176, 1
9177, 1
9178, 1
9179, 1
9180, 1
9181, 1
9182, 1
9183, 1
9184, 1
9185, 1
9186, 1
9187, 1
9188, 2
9189, 5
9190, 5
9191, 2
9192, 3
9193, 3
9194, 3
9195, 1
9196, 1
9197, 1
9198, 3
9199, 0
9200, 2
9201, 2
9202, 5
9203, 2
9204, 2
9205, 2
9206, 1
9207, 2
9208, 1
9209, 1
9210, 1
9211, 1
9212, 1
9213, 1
9214, 2
9215, 1
9216, 1
9217, 1
9218, 2
9219, 1
9220, 1
9221, 1
9222, 1
9223, 3
9224, 3
9225, 2
9226, 1
9227, 1
9228, 1
9229, 2
9230, 2
9231, 2
9232, 2
9233, 2
9234, 4
9235, 2
9236, 2
9237, 2
9238, 2
9239, 2
9240, 2
9241, 2
9242, 2
9243, 2
9244, 2
9245, 2
9246, 2
9247, 3
9248, 2
9249, 2
9250, 2
9251, 2
9252, 2
9253, 2
9254, 1
9255, 2
9256, 2
9257, 1
9258, 1
9259, 1
9260, 1
9261, 1
9262, 3
9263, 3
9264, 4
9265, 4
9266, 3
9267, 2
9268, 4
9269, 6
9270, 0
9271, 0
9272, 2
9273, 4
9274, 4
9275, 5
9276, 5
9277, 5
9278, 6
9279, 2
9280, 2
9281, 2
9282, 2
9283, 2
9284, 3
9285, 2
9286, 2
9287, 2
9288, 1
9289, 1
9290, 1
9291, 2
9292, 2
9293, 2
9294, 3
9295, 2
9296, 2
9297, 2
9298, 2
9299, 2
9300, 2
9301, 2
9302, 2
9303, 2
9304, 1
9305, 1
9306, 3
9307, 3
9308, 2
9309, 2
9310, 2
9311, 2
9312, 2
9313, 2
9314, 2
9315, 2
9316, 2
9317, 2
9318, 3
9319, 3
9320, 3
9321, 1
9322, 1
9323, 1
9324, 2
9325, 2
9326, 2
9327, 2
9328, 2
9329, 2
9330, 1
9331, 1
9332, 1
9333, 3
9334, 3
9335, 4
9336, 6
9337, 5
9338, 5
9339, 2
9340, 5
9341, 4
9342, 4
9343, 1
9344, 2
9345, 4
9346, 2
9347, 2
9348, 1
9349, 1
9350, 2
9351, 2
9352, 2
9353, 2
9354, 3
9355, 2
9356, 2
9357, 2
9358, 3
9359, 3
9360, 2
9361, 2
9362, 1
9363, 1
9364, 1
9365, 2
9366, 2
9367, 2
9368, 3
9369, 3
9370, 2
9371, 2
9372, 2
9373, 1
9374, 1
9375, 1
9376, 2
9377, 2
9378, 2
9379, 1
9380, 1
9381, 1
9382, 1
9383, 1
9384, 1
9385, 1
9386, 1
9387, 1
9388, 2
9389, 4
9390, 4
9391, 1
9392, 1
9393, 5
9394, 5
9395, 5
9396, 4
9397, 2
9398, 3
9399, 3
9400, 3
9401, 1
9402, 1
9403, 3
9404, 3
9405, 3
9406, 2
9407, 2
9408, 2
9409, 1
9410, 1
9411, 2
9412, 2
9413, 3
9414, 3
9415, 2
9416, 3
9417, 1
9418, 1
9419, 1
9420, 1
9421, 1
9422, 1
9423, 1
9424, 1
9425, 1
9426, 1
9427, 1
9428, 1
9429, 1
9430, 1
9431, 3
9432, 1
9433, 1
9434, 3
9435, 2
9436, 2
9437, 2
9438, 2
9439, 3
9440, 3
9441, 3
9442, 3
9443, 3
9444, 2
9445, 2
9446, 2
9447, 2
9448, 2
9449, 2
9450, 1
9451, 0
9452, 1
9453, 2
9454, 2
9455, 2
9456, 1
9457, 1
9458, 1
9459, 3
9460, 1
9461, 2
9462, 2
9463, 2
9464, 1
9465, 3
9466, 2
9467, 1
9468, 1
9469, 1
9470, 1
9471, 1
9472, 1
9473, 2
9474, 3
9475, 2
9476, 1
9477, 1
9478, 1
9479, 3
9480, 3
9481, 2
9482, 1
9483, 4
9484, 4
9485, 4
9486, 4
9487, 1
9488, 2
9489, 1
9490, 1
9491, 1
9492, 1
9493, 1
9494, 1
9495, 1
9496, 1
9497, 1
9498, 1
9499, 1
9500, 1
9501, 3
9502, 3
9503, 2
9504, 4
9505, 4
9506, 4
9507, 4
9508, 4
9509, 4
9510, 3
9511, 2
9512, 2
9513, 2
9514, 2
9515, 2
9516, 4
9517, 3
9518, 1
9519, 1
9520, 2
9521, 2
9522, 2
9523, 2
9524, 2
9525, 2
9526, 3
9527, 3
9528, 3
9529, 3
9530, 3
9531, 3
9532, 3
9533, 4
9534, 1
9535, 3
9536, 4
9537, 1
9538, 1
9539, 1
9540, 1
9541, 1
9542, 1
9543, 2
9544, 5
9545, 5
9546, 3
9547, 1
9548, 1
9549, 0
9550, 1
9551, 4
9552, 1
9553, 1
9554, 1
9555, 2
9556, 2
9557, 2
9558, 1
9559, 2
9560, 2
9561, 2
9562, 2
9563, 2
9564, 2
9565, 2
9566, 1
9567, 1
9568, 2
9569, 4
9570, 0
9571, 1
9572, 1
9573, 1
9574, 1
9575, 1
9576, 1
9577, 1
9578, 1
9579, 1
9580, 3
9581, 3
9582, 3
9583, 1
9584, 1
9585, 1
9586, 1
9587, 1
9588, 1
9589, 1
9590, 1
9591, 1
9592, 2
9593, 2
9594, 2
9595, 2
9596, 1
9597, 1
9598, 1
9599, 1
9600, 1
9601, 2
9602, 1
9603, 1
9604, 1
9605, 1
9606, 2
9607, 4
9608, 2
9609, 2
9610, 2
9611, 1
9612, 2
9613, 2
9614, 1
9615, 1
9616, 1
9617, 1
9618, 1
9619, 1
9620, 1
9621, 1
9622, 1
9623, 5
9624, 5
9625, 5
9626, 5
9627, 5
9628, 4
9629, 4
9630, 4
9631, 4
9632, 4
9633, 4
9634, 4
9635, 4
9636, 4
9637, 1
9638, 2
9639, 2
9640, 1
9641, 1
9642, 2
9643, 2
9644, 2
9645, 1
9646, 1
9647, 1
9648, 1
9649, 1
9650, 1
9651, 2
9652, 2
9653, 1
9654, 2
9655, 1
9656, 1
9657, 1
9658, 2
9659, 3
9660, 3
9661, 1
9662, 1
9663, 1
9664, 1
9665, 1
9666, 1
9667, 1
9668, 1
9669, 2
9670, 2
9671, 2
9672, 1
9673, 3
9674, 2
9675, 5
9676, 5
9677, 1
9678, 1
9679, 1
9680, 3
9681, 3
9682, 3
9683, 3
9684, 3
9685, 3
9686, 3
9687, 2
9688, 3
9689, 2
9690, 2
9691, 2
9692, 3
9693, 3
9694, 3
9695, 3
9696, 3
9697, 3
9698, 2
9699, 2
9700, 2
9701, 3
9702, 3
9703, 3
9704, 1
9705, 1
9706, 1
9707, 1
9708, 1
9709, 2
9710, 2
9711, 2
9712, 2
9713, 1
9714, 1
9715, 1
9716, 1
9717, 1
9718, 1
9719, 1
9720, 2
9721, 2
9722, 2
9723, 1
9724, 1
9725, 3
9726, 3
9727, 2
9728, 2
9729, 3
9730, 3
9731, 3
9732, 3
9733, 2
9734, 2
9735, 2
9736, 2
9737, 2
9738, 2
9739, 2
9740, 2
9741, 1
9742, 1
9743, 1
9744, 1
9745, 1
9746, 1
9747, 1
9748, 2
9749, 4
9750, 1
9751, 2
9752, 2
9753, 2
9754, 2
9755, 2
9756, 2
9757, 2
9758, 1
9759, 2
9760, 2
9761, 2
9762, 2
9763, 2
9764, 2
9765, 2
9766, 2
9767, 2
9768, 2
9769, 3
9770, 2
9771, 1
9772, 1
9773, 1
9774, 1
9775, 1
9776, 1
9777, 1
9778, 1
9779, 1
9780, 1
9781, 1
9782, 4
9783, 4
9784, 4
9785, 1
9786, 2
9787, 2
9788, 2
9789, 2
9790, 3
9791, 1
9792, 3
9793, 1
9794, 1
9795, 3
9796, 3
9797, 3
9798, 3
9799, 4
9800, 1
9801, 1
9802, 1
9803, 1
9804, 1
9805, 1
9806, 1
9807, 1
9808, 1
9809, 1
9810, 1
9811, 1
9812, 1
9813, 1
9814, 1
9815, 1
9816, 0
9817, 1
9818, 1
9819, 4
9820, 4
9821, 4
9822, 2
9823, 2
9824, 2
9825, 2
9826, 2
9827, 2
9828, 6
9829, 6
9830, 6
9831, 4
9832, 4
9833, 3
9834, 4
9835, 4
9836, 2
9837, 1
9838, 1
9839, 1
9840, 1
9841, 2
9842, 2
9843, 4
9844, 4
9845, 4
9846, 4
9847, 4
9848, 4
9849, 4
9850, 4
9851, 3
9852, 4
9853, 4
9854, 1
9855, 1
9856, 1
9857, 2
9858, 1
9859, 3
9860, 1
9861, 1
9862, 1
9863, 1
9864, 1
9865, 0
9866, 1
9867, 1
9868, 1
9869, 1
9870, 1
9871, 1
9872, 1
9873, 1
9874, 1
9875, 1
9876, 1
9877, 2
9878, 0
9879, 0
9880, 1
9881, 0
9882, 0
9883, 1
9884, 1
9885, 1
9886, 1
9887, 1
9888, 2
9889, 3
9890, 3
9891, 4
9892, 2
9893, 2
9894, 2
9895, 2
9896, 2
9897, 2
9898, 0
9899, 1
9900, 2
9901, 1
9902, 1
9903, 1
9904, 2
9905, 1
9906, 1
9907, 1
9908, 0
9909, 0
9910, 2
9911, 1
9912, 1
9913, 1
9914, 1
9915, 1
9916, 1
9917, 1
9918, 2
9919, 1
9920, 1
9921, 1
9922, 2
9923, 2
9924, 2
9925, 2
9926, 1
9927, 3
9928, 3
9929, 3
9930, 3
9931, 1
9932, 1
9933, 2
9934, 2
9935, 1
9936, 1
9937, 2
9938, 2
9939, 2
9940, 2
9941, 1
9942, 1
9943, 1
9944, 4
9945, 2
9946, 2
9947, 2
9948, 1
9949, 2
9950, 2
9951, 2
9952, 2
9953, 2
9954, 2
9955, 2
9956, 2
9957, 2
9958, 2
9959, 2
9960, 2
9961, 3
9962, 2
9963, 1
9964, 1
9965, 1
9966, 1
9967, 1
9968, 3
9969, 3
9970, 4
9971, 3
9972, 3
9973, 3
9974, 3
9975, 3
9976, 2
9977, 2
9978, 3
9979, 3
9980, 2
9981, 2
9982, 2
9983, 2
9984, 2
9985, 2
9986, 3
9987, 2
9988, 2
9989, 2
9990, 2
9991, 2
9992, 2
9993, 2
9994, 1
9995, 0
9996, 0
9997, 0
9998, 1
9999, 1
10000, 2
10001, 3
