iter, nrecombs
0, 0
1, 3
2, 0
3, 2
4, 1
5, 0
6, 0
7, 0
8, 3
9, 2
10, 1
11, 2
12, 1
13, 1
14, 3
15, 1
16, 3
17, 2
18, 3
19, 0
20, 4
21, 1
22, 3
23, 2
24, 1
25, 6
26, 4
27, 1
28, 3
29, 1
30, 2
31, 3
32, 4
33, 4
34, 1
35, 1
36, 0
37, 2
38, 0
39, 1
40, 3
41, 1
42, 0
43, 1
44, 5
45, 1
46, 2
47, 3
48, 5
49, 1
50, 2
51, 1
52, 0
53, 0
54, 4
55, 1
56, 2
57, 1
58, 1
59, 3
60, 3
61, 0
62, 2
63, 0
64, 3
65, 0
66, 3
67, 1
68, 1
69, 2
70, 0
71, 1
72, 1
73, 3
74, 3
75, 1
76, 0
77, 2
78, 0
79, 1
80, 1
81, 3
82, 2
83, 1
84, 4
85, 2
86, 2
87, 1
88, 2
89, 0
90, 1
91, 1
92, 5
93, 2
94, 0
95, 4
96, 0
97, 2
98, 2
99, 1
100, 1
101, 2
102, 1
103, 4
104, 6
105, 1
106, 0
107, 3
108, 0
109, 1
110, 2
111, 2
112, 0
113, 4
114, 5
115, 1
116, 4
117, 4
118, 1
119, 2
120, 2
121, 3
122, 1
123, 0
124, 1
125, 0
126, 2
127, 2
128, 2
129, 2
130, 3
131, 2
132, 4
133, 1
134, 0
135, 2
136, 3
137, 1
138, 1
139, 0
140, 2
141, 1
142, 1
143, 2
144, 9
145, 1
146, 1
147, 2
148, 1
149, 0
150, 3
151, 1
152, 2
153, 0
154, 2
155, 0
156, 5
157, 1
158, 2
159, 1
160, 0
161, 2
162, 1
163, 1
164, 3
165, 0
166, 1
167, 1
168, 3
169, 0
170, 4
171, 1
172, 2
173, 2
174, 1
175, 2
176, 1
177, 2
178, 1
179, 0
180, 4
181, 1
182, 2
183, 2
184, 2
185, 1
186, 1
187, 3
188, 6
189, 0
190, 3
191, 0
192, 6
193, 3
194, 3
195, 1
196, 2
197, 2
198, 3
199, 1
200, 5
201, 1
202, 1
203, 2
204, 2
205, 1
206, 0
207, 3
208, 5
209, 1
210, 4
211, 2
212, 2
213, 4
214, 4
215, 3
216, 2
217, 2
218, 2
219, 4
220, 2
221, 5
222, 0
223, 3
224, 5
225, 2
226, 3
227, 3
228, 5
229, 2
230, 3
231, 1
232, 4
233, 0
234, 4
235, 3
236, 0
237, 0
238, 1
239, 2
240, 5
241, 1
242, 3
243, 2
244, 1
245, 0
246, 1
247, 2
248, 1
249, 2
250, 2
251, 1
252, 2
253, 0
254, 1
255, 1
256, 6
257, 4
258, 1
259, 3
260, 2
261, 1
262, 2
263, 2
264, 1
265, 2
266, 1
267, 3
268, 1
269, 2
270, 2
271, 1
272, 2
273, 2
274, 1
275, 5
276, 2
277, 3
278, 0
279, 4
280, 1
281, 0
282, 2
283, 2
284, 2
285, 5
286, 2
287, 3
288, 4
289, 2
290, 2
291, 1
292, 3
293, 1
294, 3
295, 2
296, 4
297, 0
298, 2
299, 2
300, 0
301, 0
302, 1
303, 6
304, 3
305, 1
306, 3
307, 1
308, 2
309, 1
310, 1
311, 4
312, 4
313, 1
314, 1
315, 1
316, 2
317, 1
318, 2
319, 1
320, 2
321, 1
322, 2
323, 1
324, 1
325, 0
326, 1
327, 5
328, 4
329, 2
330, 2
331, 3
332, 2
333, 1
334, 3
335, 1
336, 4
337, 3
338, 1
339, 0
340, 2
341, 0
342, 1
343, 2
344, 1
345, 1
346, 2
347, 2
348, 1
349, 1
350, 5
351, 2
352, 2
353, 2
354, 1
355, 2
356, 1
357, 4
358, 4
359, 4
360, 1
361, 1
362, 3
363, 1
364, 1
365, 0
366, 0
367, 3
368, 4
369, 0
370, 3
371, 0
372, 2
373, 2
374, 3
375, 3
376, 4
377, 4
378, 0
379, 1
380, 2
381, 1
382, 2
383, 1
384, 1
385, 0
386, 2
387, 2
388, 2
389, 0
390, 5
391, 0
392, 2
393, 2
394, 2
395, 2
396, 2
397, 2
398, 4
399, 1
400, 3
401, 0
402, 4
403, 3
404, 3
405, 3
406, 1
407, 1
408, 1
409, 1
410, 3
411, 2
412, 1
413, 0
414, 3
415, 0
416, 2
417, 2
418, 2
419, 3
420, 2
421, 3
422, 0
423, 1
424, 1
425, 4
426, 3
427, 1
428, 2
429, 3
430, 5
431, 0
432, 2
433, 2
434, 2
435, 2
436, 3
437, 1
438, 1
439, 2
440, 2
441, 2
442, 1
443, 2
444, 1
445, 2
446, 2
447, 2
448, 2
449, 2
450, 2
451, 2
452, 2
453, 0
454, 5
455, 4
456, 3
457, 0
458, 2
459, 1
460, 4
461, 3
462, 2
463, 2
464, 1
465, 1
466, 3
467, 2
468, 3
469, 1
470, 3
471, 1
472, 0
473, 2
474, 3
475, 3
476, 2
477, 2
478, 1
479, 3
480, 4
481, 1
482, 2
483, 2
484, 1
485, 2
486, 2
487, 1
488, 2
489, 1
490, 3
491, 2
492, 1
493, 2
494, 1
495, 2
496, 3
497, 1
498, 1
499, 2
500, 3
501, 1
502, 3
503, 1
504, 0
505, 3
506, 1
507, 3
508, 4
509, 1
510, 1
511, 2
512, 1
513, 1
514, 1
515, 1
516, 1
517, 4
518, 2
519, 2
520, 3
521, 1
522, 2
523, 0
524, 3
525, 4
526, 3
527, 3
528, 1
529, 1
530, 3
531, 6
532, 5
533, 3
534, 4
535, 3
536, 3
537, 7
538, 2
539, 3
540, 3
541, 6
542, 1
543, 4
544, 2
545, 2
546, 3
547, 2
548, 1
549, 1
550, 1
551, 2
552, 1
553, 2
554, 1
555, 6
556, 2
557, 1
558, 2
559, 0
560, 3
561, 2
562, 4
563, 1
564, 1
565, 1
566, 2
567, 1
568, 1
569, 1
570, 2
571, 3
572, 5
573, 2
574, 2
575, 3
576, 4
577, 3
578, 3
579, 3
580, 0
581, 1
582, 1
583, 3
584, 3
585, 3
586, 3
587, 2
588, 2
589, 2
590, 2
591, 2
592, 2
593, 4
594, 2
595, 2
596, 2
597, 3
598, 0
599, 4
600, 1
601, 5
602, 3
603, 4
604, 3
605, 5
606, 5
607, 6
608, 3
609, 3
610, 3
611, 3
612, 2
613, 3
614, 2
615, 2
616, 4
617, 4
618, 1
619, 1
620, 1
621, 2
622, 4
623, 4
624, 2
625, 4
626, 1
627, 3
628, 1
629, 2
630, 3
631, 2
632, 2
633, 4
634, 1
635, 2
636, 0
637, 1
638, 4
639, 1
640, 2
641, 4
642, 0
643, 1
644, 2
645, 1
646, 2
647, 3
648, 1
649, 3
650, 3
651, 3
652, 1
653, 2
654, 2
655, 3
656, 1
657, 2
658, 3
659, 1
660, 2
661, 2
662, 3
663, 3
664, 2
665, 3
666, 2
667, 3
668, 2
669, 2
670, 3
671, 2
672, 1
673, 6
674, 2
675, 2
676, 7
677, 4
678, 1
679, 4
680, 3
681, 3
682, 3
683, 1
684, 2
685, 2
686, 3
687, 2
688, 3
689, 2
690, 2
691, 2
692, 4
693, 1
694, 3
695, 1
696, 5
697, 2
698, 3
699, 3
700, 2
701, 1
702, 4
703, 2
704, 1
705, 4
706, 1
707, 3
708, 4
709, 4
710, 3
711, 1
712, 1
713, 1
714, 1
715, 1
716, 2
717, 1
718, 2
719, 3
720, 2
721, 0
722, 6
723, 2
724, 1
725, 3
726, 2
727, 4
728, 6
729, 1
730, 4
731, 1
732, 2
733, 1
734, 1
735, 2
736, 3
737, 1
738, 4
739, 3
740, 5
741, 1
742, 3
743, 2
744, 3
745, 0
746, 0
747, 3
748, 1
749, 5
750, 2
751, 2
752, 2
753, 3
754, 5
755, 1
756, 4
757, 1
758, 0
759, 1
760, 4
761, 3
762, 2
763, 2
764, 2
765, 2
766, 0
767, 1
768, 3
769, 3
770, 3
771, 2
772, 7
773, 1
774, 2
775, 1
776, 3
777, 2
778, 4
779, 3
780, 3
781, 4
782, 2
783, 3
784, 2
785, 2
786, 3
787, 2
788, 4
789, 1
790, 2
791, 2
792, 1
793, 2
794, 3
795, 2
796, 1
797, 5
798, 3
799, 3
800, 3
801, 2
802, 2
803, 5
804, 3
805, 3
806, 2
807, 1
808, 3
809, 4
810, 2
811, 1
812, 1
813, 3
814, 4
815, 1
816, 0
817, 3
818, 1
819, 5
820, 2
821, 2
822, 2
823, 1
824, 2
825, 5
826, 2
827, 5
828, 2
829, 4
830, 2
831, 2
832, 0
833, 1
834, 1
835, 1
836, 1
837, 5
838, 0
839, 2
840, 3
841, 1
842, 3
843, 1
844, 3
845, 3
846, 3
847, 3
848, 1
849, 1
850, 1
851, 3
852, 1
853, 3
854, 1
855, 1
856, 0
857, 2
858, 1
859, 3
860, 1
861, 0
862, 5
863, 3
864, 0
865, 2
866, 4
867, 4
868, 0
869, 3
870, 1
871, 1
872, 3
873, 10
874, 3
875, 1
876, 0
877, 0
878, 2
879, 4
880, 2
881, 2
882, 0
883, 2
884, 2
885, 2
886, 2
887, 1
888, 2
889, 2
890, 1
891, 3
892, 2
893, 5
894, 5
895, 2
896, 2
897, 0
898, 4
899, 2
900, 3
901, 4
902, 4
903, 4
904, 0
905, 1
906, 6
907, 4
908, 2
909, 3
910, 3
911, 2
912, 3
913, 2
914, 1
915, 1
916, 5
917, 5
918, 1
919, 2
920, 2
921, 3
922, 1
923, 1
924, 4
925, 1
926, 2
927, 2
928, 2
929, 1
930, 4
931, 1
932, 3
933, 1
934, 4
935, 4
936, 0
937, 3
938, 2
939, 1
940, 3
941, 3
942, 5
943, 3
944, 3
945, 3
946, 4
947, 3
948, 1
949, 5
950, 4
951, 1
952, 1
953, 4
954, 5
955, 1
956, 2
957, 1
958, 1
959, 1
960, 3
961, 3
962, 1
963, 5
964, 3
965, 5
966, 3
967, 5
968, 1
969, 4
970, 3
971, 1
972, 2
973, 2
974, 0
975, 1
976, 2
977, 1
978, 2
979, 1
980, 1
981, 2
982, 1
983, 1
984, 0
985, 1
986, 1
987, 3
988, 3
989, 3
990, 2
991, 4
992, 1
993, 3
994, 2
995, 3
996, 1
997, 1
998, 2
999, 4
1000, 1
1001, 5
1002, 3
1003, 3
1004, 5
1005, 5
1006, 4
1007, 3
1008, 2
1009, 3
1010, 4
1011, 1
1012, 1
1013, 1
1014, 1
1015, 1
1016, 5
1017, 2
1018, 1
1019, 2
1020, 0
1021, 3
1022, 3
1023, 2
1024, 1
1025, 1
1026, 4
1027, 4
1028, 1
1029, 6
1030, 1
1031, 1
1032, 2
1033, 3
1034, 2
1035, 1
1036, 2
1037, 2
1038, 3
1039, 2
1040, 1
1041, 1
1042, 2
1043, 3
1044, 7
1045, 2
1046, 4
1047, 1
1048, 2
1049, 2
1050, 6
1051, 2
1052, 2
1053, 3
1054, 3
1055, 1
1056, 3
1057, 3
1058, 3
1059, 1
1060, 1
1061, 2
1062, 2
1063, 1
1064, 3
1065, 3
1066, 2
1067, 4
1068, 3
1069, 2
1070, 1
1071, 1
1072, 4
1073, 3
1074, 1
1075, 1
1076, 4
1077, 3
1078, 2
1079, 1
1080, 1
1081, 4
1082, 2
1083, 3
1084, 1
1085, 3
1086, 2
1087, 3
1088, 1
1089, 1
1090, 3
1091, 2
1092, 2
1093, 3
1094, 1
1095, 4
1096, 2
1097, 1
1098, 1
1099, 1
1100, 1
1101, 4
1102, 1
1103, 4
1104, 6
1105, 2
1106, 2
1107, 3
1108, 3
1109, 6
1110, 5
1111, 4
1112, 4
1113, 2
1114, 1
1115, 2
1116, 0
1117, 3
1118, 2
1119, 2
1120, 5
1121, 3
1122, 2
1123, 3
1124, 4
1125, 1
1126, 2
1127, 2
1128, 1
1129, 3
1130, 1
1131, 2
1132, 3
1133, 2
1134, 2
1135, 3
1136, 0
1137, 1
1138, 1
1139, 1
1140, 2
1141, 2
1142, 2
1143, 2
1144, 0
1145, 1
1146, 2
1147, 2
1148, 4
1149, 1
1150, 2
1151, 4
1152, 3
1153, 3
1154, 1
1155, 5
1156, 3
1157, 2
1158, 2
1159, 2
1160, 2
1161, 4
1162, 2
1163, 1
1164, 2
1165, 1
1166, 2
1167, 1
1168, 3
1169, 1
1170, 3
1171, 1
1172, 1
1173, 1
1174, 2
1175, 4
1176, 3
1177, 5
1178, 2
1179, 2
1180, 1
1181, 3
1182, 2
1183, 4
1184, 1
1185, 3
1186, 3
1187, 2
1188, 2
1189, 6
1190, 1
1191, 3
1192, 3
1193, 1
1194, 4
1195, 2
1196, 1
1197, 1
1198, 6
1199, 2
1200, 7
1201, 2
1202, 2
1203, 2
1204, 2
1205, 4
1206, 1
1207, 1
1208, 4
1209, 1
1210, 5
1211, 2
1212, 2
1213, 1
1214, 3
1215, 2
1216, 1
1217, 3
1218, 4
1219, 1
1220, 3
1221, 1
1222, 1
1223, 4
1224, 3
1225, 3
1226, 2
1227, 1
1228, 1
1229, 2
1230, 3
1231, 5
1232, 2
1233, 2
1234, 2
1235, 1
1236, 3
1237, 3
1238, 4
1239, 3
1240, 2
1241, 2
1242, 1
1243, 2
1244, 1
1245, 4
1246, 1
1247, 5
1248, 3
1249, 5
1250, 4
1251, 2
1252, 4
1253, 6
1254, 4
1255, 1
1256, 2
1257, 7
1258, 3
1259, 2
1260, 4
1261, 1
1262, 4
1263, 2
1264, 4
1265, 4
1266, 4
1267, 2
1268, 2
1269, 2
1270, 2
1271, 1
1272, 1
1273, 2
1274, 5
1275, 1
1276, 3
1277, 3
1278, 5
1279, 2
1280, 1
1281, 4
1282, 3
1283, 3
1284, 2
1285, 3
1286, 6
1287, 3
1288, 4
1289, 1
1290, 1
1291, 1
1292, 5
1293, 3
1294, 3
1295, 3
1296, 1
1297, 1
1298, 1
1299, 1
1300, 2
1301, 3
1302, 2
1303, 1
1304, 2
1305, 1
1306, 4
1307, 1
1308, 2
1309, 1
1310, 4
1311, 5
1312, 1
1313, 1
1314, 1
1315, 2
1316, 4
1317, 2
1318, 4
1319, 2
1320, 4
1321, 2
1322, 2
1323, 1
1324, 4
1325, 2
1326, 2
1327, 2
1328, 4
1329, 2
1330, 5
1331, 2
1332, 5
1333, 2
1334, 2
1335, 2
1336, 6
1337, 1
1338, 1
1339, 2
1340, 0
1341, 2
1342, 2
1343, 4
1344, 1
1345, 1
1346, 0
1347, 1
1348, 4
1349, 2
1350, 0
1351, 1
1352, 2
1353, 1
1354, 4
1355, 1
1356, 2
1357, 1
1358, 4
1359, 1
1360, 1
1361, 1
1362, 6
1363, 1
1364, 4
1365, 6
1366, 3
1367, 2
1368, 2
1369, 2
1370, 0
1371, 1
1372, 3
1373, 2
1374, 2
1375, 4
1376, 5
1377, 2
1378, 4
1379, 1
1380, 3
1381, 1
1382, 2
1383, 2
1384, 1
1385, 2
1386, 4
1387, 3
1388, 2
1389, 1
1390, 2
1391, 2
1392, 4
1393, 4
1394, 4
1395, 1
1396, 3
1397, 2
1398, 3
1399, 2
1400, 3
1401, 2
1402, 5
1403, 2
1404, 4
1405, 3
1406, 2
1407, 4
1408, 2
1409, 2
1410, 3
1411, 2
1412, 3
1413, 3
1414, 2
1415, 3
1416, 4
1417, 2
1418, 4
1419, 2
1420, 1
1421, 3
1422, 6
1423, 3
1424, 2
1425, 2
1426, 4
1427, 4
1428, 6
1429, 3
1430, 3
1431, 3
1432, 1
1433, 2
1434, 3
1435, 1
1436, 3
1437, 1
1438, 1
1439, 0
1440, 3
1441, 2
1442, 1
1443, 2
1444, 2
1445, 3
1446, 4
1447, 1
1448, 1
1449, 4
1450, 1
1451, 3
1452, 3
1453, 5
1454, 0
1455, 1
1456, 1
1457, 4
1458, 4
1459, 2
1460, 3
1461, 2
1462, 2
1463, 2
1464, 1
1465, 3
1466, 3
1467, 2
1468, 2
1469, 2
1470, 1
1471, 4
1472, 2
1473, 1
1474, 2
1475, 4
1476, 3
1477, 4
1478, 3
1479, 4
1480, 6
1481, 2
1482, 1
1483, 1
1484, 4
1485, 2
1486, 1
1487, 1
1488, 2
1489, 1
1490, 3
1491, 1
1492, 1
1493, 2
1494, 2
1495, 2
1496, 2
1497, 4
1498, 2
1499, 3
1500, 2
1501, 3
1502, 1
1503, 7
1504, 2
1505, 2
1506, 2
1507, 2
1508, 2
1509, 3
1510, 2
1511, 2
1512, 1
1513, 4
1514, 3
1515, 6
1516, 3
1517, 2
1518, 5
1519, 3
1520, 3
1521, 1
1522, 3
1523, 4
1524, 4
1525, 1
1526, 1
1527, 2
1528, 3
1529, 2
1530, 8
1531, 1
1532, 3
1533, 2
1534, 2
1535, 2
1536, 2
1537, 4
1538, 1
1539, 1
1540, 2
1541, 2
1542, 2
1543, 3
1544, 1
1545, 3
1546, 3
1547, 4
1548, 3
1549, 2
1550, 1
1551, 2
1552, 4
1553, 7
1554, 3
1555, 2
1556, 4
1557, 2
1558, 2
1559, 3
1560, 1
1561, 3
1562, 4
1563, 2
1564, 2
1565, 2
1566, 3
1567, 3
1568, 1
1569, 1
1570, 1
1571, 4
1572, 2
1573, 1
1574, 1
1575, 3
1576, 2
1577, 2
1578, 2
1579, 5
1580, 1
1581, 4
1582, 1
1583, 1
1584, 1
1585, 4
1586, 2
1587, 2
1588, 2
1589, 2
1590, 2
1591, 2
1592, 1
1593, 3
1594, 1
1595, 1
1596, 2
1597, 2
1598, 0
1599, 1
1600, 0
1601, 1
1602, 1
1603, 2
1604, 1
1605, 3
1606, 2
1607, 3
1608, 3
1609, 1
1610, 4
1611, 1
1612, 5
1613, 1
1614, 1
1615, 5
1616, 2
1617, 4
1618, 3
1619, 3
1620, 3
1621, 2
1622, 3
1623, 3
1624, 2
1625, 2
1626, 1
1627, 1
1628, 3
1629, 1
1630, 5
1631, 4
1632, 3
1633, 1
1634, 3
1635, 2
1636, 2
1637, 2
1638, 3
1639, 4
1640, 5
1641, 2
1642, 5
1643, 2
1644, 7
1645, 1
1646, 2
1647, 4
1648, 3
1649, 3
1650, 5
1651, 4
1652, 3
1653, 2
1654, 4
1655, 2
1656, 2
1657, 2
1658, 4
1659, 2
1660, 3
1661, 3
1662, 2
1663, 1
1664, 1
1665, 2
1666, 3
1667, 2
1668, 3
1669, 1
1670, 4
1671, 1
1672, 4
1673, 1
1674, 4
1675, 1
1676, 3
1677, 4
1678, 4
1679, 3
1680, 5
1681, 1
1682, 2
1683, 2
1684, 2
1685, 1
1686, 2
1687, 2
1688, 2
1689, 1
1690, 4
1691, 1
1692, 3
1693, 1
1694, 2
1695, 4
1696, 3
1697, 4
1698, 3
1699, 2
1700, 4
1701, 4
1702, 2
1703, 1
1704, 1
1705, 1
1706, 1
1707, 1
1708, 3
1709, 2
1710, 2
1711, 1
1712, 1
1713, 5
1714, 3
1715, 1
1716, 1
1717, 3
1718, 3
1719, 3
1720, 1
1721, 3
1722, 1
1723, 3
1724, 2
1725, 3
1726, 1
1727, 2
1728, 3
1729, 5
1730, 3
1731, 4
1732, 1
1733, 3
1734, 3
1735, 3
1736, 2
1737, 4
1738, 1
1739, 2
1740, 3
1741, 3
1742, 1
1743, 1
1744, 1
1745, 3
1746, 1
1747, 3
1748, 2
1749, 2
1750, 2
1751, 1
1752, 3
1753, 1
1754, 2
1755, 2
1756, 1
1757, 5
1758, 2
1759, 1
1760, 2
1761, 4
1762, 2
1763, 3
1764, 2
1765, 2
1766, 2
1767, 2
1768, 3
1769, 2
1770, 1
1771, 2
1772, 5
1773, 5
1774, 3
1775, 1
1776, 1
1777, 2
1778, 2
1779, 5
1780, 2
1781, 4
1782, 2
1783, 1
1784, 3
1785, 1
1786, 6
1787, 2
1788, 4
1789, 2
1790, 6
1791, 4
1792, 4
1793, 1
1794, 3
1795, 1
1796, 4
1797, 4
1798, 1
1799, 5
1800, 2
1801, 4
1802, 4
1803, 4
1804, 1
1805, 1
1806, 2
1807, 4
1808, 4
1809, 1
1810, 4
1811, 1
1812, 4
1813, 2
1814, 3
1815, 3
1816, 3
1817, 5
1818, 1
1819, 3
1820, 2
1821, 2
1822, 4
1823, 1
1824, 2
1825, 3
1826, 7
1827, 1
1828, 4
1829, 3
1830, 3
1831, 4
1832, 6
1833, 3
1834, 2
1835, 3
1836, 4
1837, 5
1838, 2
1839, 2
1840, 3
1841, 2
1842, 2
1843, 5
1844, 1
1845, 2
1846, 2
1847, 3
1848, 2
1849, 2
1850, 1
1851, 3
1852, 4
1853, 3
1854, 3
1855, 2
1856, 3
1857, 5
1858, 5
1859, 5
1860, 3
1861, 3
1862, 4
1863, 1
1864, 1
1865, 1
1866, 2
1867, 1
1868, 1
1869, 5
1870, 2
1871, 2
1872, 1
1873, 3
1874, 2
1875, 3
1876, 2
1877, 2
1878, 3
1879, 2
1880, 4
1881, 1
1882, 3
1883, 1
1884, 4
1885, 2
1886, 2
1887, 2
1888, 1
1889, 1
1890, 1
1891, 2
1892, 3
1893, 2
1894, 2
1895, 2
1896, 0
1897, 3
1898, 1
1899, 2
1900, 2
1901, 0
1902, 2
1903, 0
1904, 0
1905, 3
1906, 3
1907, 2
1908, 1
1909, 2
1910, 3
1911, 4
1912, 2
1913, 2
1914, 1
1915, 3
1916, 3
1917, 1
1918, 3
1919, 3
1920, 1
1921, 3
1922, 2
1923, 0
1924, 2
1925, 3
1926, 2
1927, 2
1928, 2
1929, 1
1930, 1
1931, 6
1932, 2
1933, 0
1934, 1
1935, 4
1936, 0
1937, 3
1938, 2
1939, 2
1940, 5
1941, 2
1942, 1
1943, 1
1944, 2
1945, 1
1946, 2
1947, 3
1948, 3
1949, 2
1950, 1
1951, 3
1952, 2
1953, 2
1954, 3
1955, 5
1956, 2
1957, 2
1958, 3
1959, 3
1960, 3
1961, 2
1962, 2
1963, 3
1964, 3
1965, 2
1966, 2
1967, 4
1968, 3
1969, 0
1970, 4
1971, 3
1972, 1
1973, 2
1974, 3
1975, 2
1976, 1
1977, 2
1978, 3
1979, 0
1980, 2
1981, 2
1982, 3
1983, 3
1984, 3
1985, 3
1986, 4
1987, 1
1988, 5
1989, 2
1990, 1
1991, 3
1992, 3
1993, 2
1994, 4
1995, 2
1996, 2
1997, 2
1998, 2
1999, 1
2000, 3
2001, 5
2002, 2
2003, 1
2004, 1
2005, 0
2006, 3
2007, 1
2008, 1
2009, 3
2010, 1
2011, 1
2012, 3
2013, 1
2014, 3
2015, 2
2016, 1
2017, 1
2018, 5
2019, 3
2020, 1
2021, 1
2022, 3
2023, 1
2024, 1
2025, 3
2026, 2
2027, 4
2028, 2
2029, 4
2030, 3
2031, 5
2032, 1
2033, 2
2034, 1
2035, 2
2036, 2
2037, 1
2038, 1
2039, 1
2040, 1
2041, 4
2042, 4
2043, 3
2044, 2
2045, 3
2046, 2
2047, 3
2048, 2
2049, 1
2050, 2
2051, 2
2052, 2
2053, 2
2054, 2
2055, 3
2056, 4
2057, 1
2058, 1
2059, 2
2060, 1
2061, 2
2062, 1
2063, 1
2064, 3
2065, 3
2066, 3
2067, 3
2068, 3
2069, 1
2070, 3
2071, 1
2072, 2
2073, 2
2074, 3
2075, 3
2076, 3
2077, 2
2078, 2
2079, 3
2080, 5
2081, 2
2082, 3
2083, 3
2084, 1
2085, 1
2086, 2
2087, 3
2088, 1
2089, 4
2090, 1
2091, 3
2092, 2
2093, 2
2094, 4
2095, 2
2096, 2
2097, 3
2098, 5
2099, 4
2100, 2
2101, 3
2102, 1
2103, 3
2104, 4
2105, 2
2106, 1
2107, 1
2108, 1
2109, 1
2110, 6
2111, 0
2112, 1
2113, 1
2114, 3
2115, 3
2116, 2
2117, 2
2118, 4
2119, 1
2120, 5
2121, 5
2122, 3
2123, 4
2124, 3
2125, 2
2126, 3
2127, 4
2128, 7
2129, 2
2130, 2
2131, 2
2132, 2
2133, 1
2134, 2
2135, 2
2136, 1
2137, 3
2138, 2
2139, 2
2140, 3
2141, 4
2142, 1
2143, 2
2144, 2
2145, 2
2146, 2
2147, 2
2148, 1
2149, 2
2150, 0
2151, 0
2152, 1
2153, 4
2154, 2
2155, 2
2156, 5
2157, 2
2158, 2
2159, 4
2160, 3
2161, 3
2162, 3
2163, 2
2164, 2
2165, 4
2166, 2
2167, 2
2168, 1
2169, 5
2170, 1
2171, 1
2172, 1
2173, 4
2174, 2
2175, 1
2176, 2
2177, 2
2178, 3
2179, 2
2180, 3
2181, 1
2182, 1
2183, 1
2184, 3
2185, 0
2186, 4
2187, 2
2188, 1
2189, 1
2190, 4
2191, 1
2192, 3
2193, 2
2194, 2
2195, 2
2196, 3
2197, 1
2198, 2
2199, 5
2200, 5
2201, 3
2202, 1
2203, 4
2204, 0
2205, 1
2206, 1
2207, 2
2208, 1
2209, 1
2210, 0
2211, 1
2212, 2
2213, 4
2214, 3
2215, 4
2216, 3
2217, 1
2218, 3
2219, 3
2220, 1
2221, 0
2222, 1
2223, 3
2224, 2
2225, 0
2226, 2
2227, 1
2228, 1
2229, 1
2230, 3
2231, 1
2232, 3
2233, 3
2234, 4
2235, 2
2236, 3
2237, 1
2238, 3
2239, 2
2240, 1
2241, 1
2242, 1
2243, 1
2244, 1
2245, 2
2246, 1
2247, 3
2248, 4
2249, 1
2250, 2
2251, 2
2252, 4
2253, 1
2254, 2
2255, 3
2256, 1
2257, 2
2258, 3
2259, 1
2260, 3
2261, 3
2262, 3
2263, 2
2264, 2
2265, 2
2266, 2
2267, 2
2268, 2
2269, 1
2270, 2
2271, 3
2272, 1
2273, 2
2274, 1
2275, 4
2276, 1
2277, 1
2278, 6
2279, 2
2280, 2
2281, 3
2282, 2
2283, 2
2284, 2
2285, 3
2286, 2
2287, 1
2288, 2
2289, 3
2290, 3
2291, 3
2292, 4
2293, 1
2294, 1
2295, 2
2296, 1
2297, 2
2298, 3
2299, 2
2300, 3
2301, 3
2302, 3
2303, 1
2304, 2
2305, 1
2306, 2
2307, 2
2308, 3
2309, 1
2310, 2
2311, 1
2312, 3
2313, 3
2314, 2
2315, 3
2316, 3
2317, 4
2318, 3
2319, 2
2320, 3
2321, 1
2322, 1
2323, 2
2324, 4
2325, 5
2326, 3
2327, 2
2328, 3
2329, 1
2330, 2
2331, 2
2332, 3
2333, 4
2334, 2
2335, 2
2336, 1
2337, 2
2338, 4
2339, 3
2340, 2
2341, 1
2342, 5
2343, 2
2344, 2
2345, 3
2346, 2
2347, 1
2348, 2
2349, 2
2350, 2
2351, 3
2352, 2
2353, 1
2354, 2
2355, 2
2356, 2
2357, 1
2358, 4
2359, 2
2360, 3
2361, 2
2362, 2
2363, 2
2364, 3
2365, 3
2366, 3
2367, 4
2368, 2
2369, 3
2370, 2
2371, 2
2372, 2
2373, 2
2374, 3
2375, 4
2376, 3
2377, 4
2378, 2
2379, 2
2380, 4
2381, 1
2382, 2
2383, 1
2384, 2
2385, 1
2386, 2
2387, 1
2388, 3
2389, 2
2390, 1
2391, 3
2392, 1
2393, 2
2394, 2
2395, 2
2396, 1
2397, 1
2398, 1
2399, 2
2400, 1
2401, 5
2402, 4
2403, 3
2404, 1
2405, 2
2406, 1
2407, 4
2408, 5
2409, 1
2410, 2
2411, 5
2412, 3
2413, 2
2414, 3
2415, 5
2416, 2
2417, 1
2418, 3
2419, 1
2420, 4
2421, 3
2422, 1
2423, 4
2424, 3
2425, 2
2426, 1
2427, 2
2428, 3
2429, 2
2430, 2
2431, 2
2432, 1
2433, 3
2434, 2
2435, 2
2436, 1
2437, 2
2438, 1
2439, 2
2440, 2
2441, 3
2442, 1
2443, 2
2444, 1
2445, 4
2446, 1
2447, 3
2448, 1
2449, 2
2450, 2
2451, 3
2452, 3
2453, 4
2454, 2
2455, 2
2456, 2
2457, 2
2458, 1
2459, 3
2460, 1
2461, 2
2462, 1
2463, 2
2464, 5
2465, 2
2466, 4
2467, 3
2468, 2
2469, 4
2470, 1
2471, 3
2472, 0
2473, 4
2474, 0
2475, 3
2476, 4
2477, 3
2478, 2
2479, 3
2480, 0
2481, 2
2482, 1
2483, 5
2484, 2
2485, 3
2486, 2
2487, 3
2488, 3
2489, 1
2490, 2
2491, 3
2492, 4
2493, 3
2494, 3
2495, 6
2496, 2
2497, 3
2498, 2
2499, 3
2500, 4
2501, 3
2502, 4
2503, 1
2504, 2
2505, 5
2506, 2
2507, 2
2508, 1
2509, 4
2510, 2
2511, 4
2512, 2
2513, 5
2514, 2
2515, 4
2516, 0
2517, 3
2518, 0
2519, 3
2520, 1
2521, 4
2522, 3
2523, 3
2524, 3
2525, 2
2526, 1
2527, 3
2528, 1
2529, 2
2530, 4
2531, 1
2532, 5
2533, 2
2534, 1
2535, 6
2536, 1
2537, 1
2538, 1
2539, 2
2540, 2
2541, 1
2542, 2
2543, 3
2544, 1
2545, 1
2546, 3
2547, 2
2548, 4
2549, 4
2550, 5
2551, 4
2552, 2
2553, 2
2554, 1
2555, 3
2556, 3
2557, 2
2558, 3
2559, 1
2560, 1
2561, 1
2562, 5
2563, 3
2564, 2
2565, 2
2566, 3
2567, 3
2568, 2
2569, 3
2570, 3
2571, 1
2572, 4
2573, 3
2574, 2
2575, 1
2576, 2
2577, 2
2578, 1
2579, 2
2580, 1
2581, 3
2582, 4
2583, 1
2584, 3
2585, 2
2586, 4
2587, 3
2588, 3
2589, 3
2590, 5
2591, 2
2592, 2
2593, 3
2594, 1
2595, 2
2596, 2
2597, 1
2598, 2
2599, 4
2600, 2
2601, 2
2602, 1
2603, 4
2604, 5
2605, 2
2606, 2
2607, 4
2608, 2
2609, 4
2610, 1
2611, 1
2612, 3
2613, 6
2614, 1
2615, 2
2616, 4
2617, 2
2618, 1
2619, 2
2620, 3
2621, 1
2622, 2
2623, 3
2624, 2
2625, 1
2626, 2
2627, 1
2628, 1
2629, 2
2630, 4
2631, 2
2632, 2
2633, 1
2634, 2
2635, 3
2636, 3
2637, 5
2638, 2
2639, 3
2640, 2
2641, 3
2642, 4
2643, 4
2644, 1
2645, 2
2646, 1
2647, 2
2648, 1
2649, 3
2650, 2
2651, 4
2652, 3
2653, 3
2654, 3
2655, 1
2656, 2
2657, 2
2658, 1
2659, 2
2660, 3
2661, 5
2662, 3
2663, 2
2664, 4
2665, 2
2666, 6
2667, 2
2668, 2
2669, 2
2670, 4
2671, 3
2672, 3
2673, 3
2674, 2
2675, 2
2676, 1
2677, 1
2678, 1
2679, 7
2680, 1
2681, 5
2682, 2
2683, 1
2684, 5
2685, 4
2686, 1
2687, 2
2688, 1
2689, 2
2690, 1
2691, 3
2692, 2
2693, 2
2694, 4
2695, 4
2696, 1
2697, 1
2698, 3
2699, 3
2700, 3
2701, 3
2702, 5
2703, 3
2704, 2
2705, 3
2706, 2
2707, 3
2708, 5
2709, 4
2710, 2
2711, 4
2712, 2
2713, 3
2714, 2
2715, 2
2716, 3
2717, 4
2718, 1
2719, 3
2720, 1
2721, 1
2722, 4
2723, 2
2724, 2
2725, 4
2726, 4
2727, 1
2728, 2
2729, 1
2730, 2
2731, 2
2732, 3
2733, 2
2734, 1
2735, 1
2736, 4
2737, 3
2738, 3
2739, 2
2740, 1
2741, 2
2742, 2
2743, 3
2744, 1
2745, 3
2746, 2
2747, 2
2748, 3
2749, 5
2750, 3
2751, 4
2752, 3
2753, 4
2754, 2
2755, 3
2756, 4
2757, 2
2758, 3
2759, 2
2760, 1
2761, 2
2762, 1
2763, 3
2764, 3
2765, 3
2766, 2
2767, 4
2768, 3
2769, 2
2770, 1
2771, 2
2772, 2
2773, 4
2774, 3
2775, 1
2776, 2
2777, 2
2778, 2
2779, 5
2780, 2
2781, 1
2782, 2
2783, 1
2784, 5
2785, 1
2786, 1
2787, 3
2788, 3
2789, 5
2790, 4
2791, 2
2792, 3
2793, 1
2794, 2
2795, 3
2796, 3
2797, 1
2798, 1
2799, 1
2800, 2
2801, 1
2802, 3
2803, 1
2804, 3
2805, 2
2806, 2
2807, 5
2808, 2
2809, 2
2810, 3
2811, 2
2812, 4
2813, 2
2814, 3
2815, 2
2816, 1
2817, 2
2818, 2
2819, 2
2820, 2
2821, 2
2822, 3
2823, 1
2824, 1
2825, 2
2826, 1
2827, 3
2828, 2
2829, 3
2830, 2
2831, 2
2832, 2
2833, 3
2834, 2
2835, 2
2836, 3
2837, 3
2838, 2
2839, 2
2840, 2
2841, 2
2842, 2
2843, 2
2844, 1
2845, 4
2846, 2
2847, 4
2848, 1
2849, 2
2850, 2
2851, 4
2852, 2
2853, 2
2854, 3
2855, 3
2856, 1
2857, 2
2858, 1
2859, 1
2860, 2
2861, 1
2862, 2
2863, 1
2864, 1
2865, 1
2866, 1
2867, 1
2868, 1
2869, 1
2870, 2
2871, 1
2872, 2
2873, 1
2874, 1
2875, 2
2876, 1
2877, 4
2878, 4
2879, 1
2880, 4
2881, 6
2882, 1
2883, 3
2884, 1
2885, 2
2886, 2
2887, 3
2888, 3
2889, 3
2890, 4
2891, 2
2892, 0
2893, 2
2894, 0
2895, 4
2896, 4
2897, 2
2898, 4
2899, 2
2900, 3
2901, 2
2902, 3
2903, 1
2904, 6
2905, 2
2906, 2
2907, 2
2908, 1
2909, 3
2910, 2
2911, 3
2912, 4
2913, 3
2914, 1
2915, 2
2916, 2
2917, 2
2918, 6
2919, 1
2920, 3
2921, 4
2922, 5
2923, 1
2924, 4
2925, 1
2926, 5
2927, 3
2928, 0
2929, 1
2930, 4
2931, 2
2932, 3
2933, 4
2934, 5
2935, 1
2936, 3
2937, 6
2938, 4
2939, 4
2940, 5
2941, 2
2942, 1
2943, 4
2944, 2
2945, 3
2946, 2
2947, 1
2948, 1
2949, 2
2950, 5
2951, 3
2952, 3
2953, 6
2954, 5
2955, 4
2956, 1
2957, 3
2958, 1
2959, 2
2960, 0
2961, 1
2962, 3
2963, 1
2964, 2
2965, 3
2966, 5
2967, 1
2968, 4
2969, 5
2970, 3
2971, 1
2972, 6
2973, 4
2974, 3
2975, 2
2976, 0
2977, 2
2978, 2
2979, 4
2980, 0
2981, 4
2982, 3
2983, 1
2984, 0
2985, 1
2986, 2
2987, 2
2988, 3
2989, 1
2990, 5
2991, 2
2992, 1
2993, 2
2994, 1
2995, 1
2996, 3
2997, 1
2998, 3
2999, 1
3000, 2
3001, 1
3002, 5
3003, 2
3004, 2
3005, 2
3006, 1
3007, 1
3008, 2
3009, 2
3010, 1
3011, 3
3012, 1
3013, 2
3014, 1
3015, 4
3016, 5
3017, 2
3018, 4
3019, 2
3020, 5
3021, 3
3022, 6
3023, 1
3024, 3
3025, 4
3026, 5
3027, 3
3028, 5
3029, 2
3030, 1
3031, 2
3032, 1
3033, 1
3034, 1
3035, 3
3036, 2
3037, 4
3038, 2
3039, 3
3040, 4
3041, 4
3042, 2
3043, 4
3044, 1
3045, 2
3046, 2
3047, 2
3048, 1
3049, 2
3050, 2
3051, 3
3052, 1
3053, 2
3054, 1
3055, 3
3056, 1
3057, 3
3058, 1
3059, 4
3060, 3
3061, 2
3062, 3
3063, 3
3064, 4
3065, 1
3066, 0
3067, 3
3068, 0
3069, 1
3070, 4
3071, 2
3072, 2
3073, 2
3074, 2
3075, 4
3076, 3
3077, 1
3078, 3
3079, 3
3080, 1
3081, 1
3082, 2
3083, 1
3084, 2
3085, 3
3086, 5
3087, 2
3088, 1
3089, 2
3090, 1
3091, 2
3092, 3
3093, 2
3094, 3
3095, 2
3096, 3
3097, 3
3098, 4
3099, 2
3100, 3
3101, 1
3102, 3
3103, 1
3104, 4
3105, 1
3106, 3
3107, 1
3108, 2
3109, 4
3110, 5
3111, 1
3112, 3
3113, 1
3114, 3
3115, 2
3116, 3
3117, 1
3118, 2
3119, 1
3120, 1
3121, 2
3122, 3
3123, 4
3124, 2
3125, 3
3126, 3
3127, 4
3128, 3
3129, 2
3130, 2
3131, 1
3132, 1
3133, 2
3134, 2
3135, 3
3136, 1
3137, 4
3138, 3
3139, 5
3140, 2
3141, 1
3142, 1
3143, 2
3144, 3
3145, 2
3146, 2
3147, 1
3148, 2
3149, 3
3150, 2
3151, 2
3152, 2
3153, 1
3154, 5
3155, 1
3156, 2
3157, 3
3158, 1
3159, 2
3160, 3
3161, 1
3162, 1
3163, 2
3164, 2
3165, 3
3166, 2
3167, 1
3168, 3
3169, 3
3170, 3
3171, 2
3172, 2
3173, 2
3174, 3
3175, 1
3176, 3
3177, 4
3178, 1
3179, 5
3180, 4
3181, 4
3182, 1
3183, 1
3184, 5
3185, 4
3186, 1
3187, 4
3188, 5
3189, 4
3190, 5
3191, 2
3192, 1
3193, 2
3194, 2
3195, 1
3196, 4
3197, 2
3198, 1
3199, 2
3200, 1
3201, 3
3202, 1
3203, 3
3204, 2
3205, 3
3206, 1
3207, 2
3208, 2
3209, 2
3210, 3
3211, 5
3212, 1
3213, 2
3214, 2
3215, 1
3216, 3
3217, 4
3218, 4
3219, 4
3220, 5
3221, 2
3222, 4
3223, 1
3224, 2
3225, 1
3226, 3
3227, 4
3228, 2
3229, 1
3230, 1
3231, 0
3232, 1
3233, 0
3234, 4
3235, 1
3236, 5
3237, 4
3238, 4
3239, 3
3240, 1
3241, 1
3242, 3
3243, 3
3244, 5
3245, 3
3246, 2
3247, 1
3248, 4
3249, 2
3250, 1
3251, 1
3252, 3
3253, 2
3254, 2
3255, 1
3256, 6
3257, 3
3258, 7
3259, 3
3260, 2
3261, 3
3262, 2
3263, 3
3264, 3
3265, 2
3266, 3
3267, 3
3268, 4
3269, 2
3270, 2
3271, 0
3272, 2
3273, 3
3274, 3
3275, 1
3276, 2
3277, 4
3278, 3
3279, 1
3280, 3
3281, 1
3282, 4
3283, 1
3284, 5
3285, 1
3286, 4
3287, 1
3288, 3
3289, 1
3290, 4
3291, 1
3292, 1
3293, 1
3294, 5
3295, 1
3296, 1
3297, 1
3298, 1
3299, 3
3300, 4
3301, 1
3302, 3
3303, 3
3304, 1
3305, 2
3306, 2
3307, 4
3308, 3
3309, 1
3310, 2
3311, 1
3312, 6
3313, 3
3314, 6
3315, 4
3316, 2
3317, 3
3318, 2
3319, 2
3320, 3
3321, 4
3322, 3
3323, 0
3324, 4
3325, 3
3326, 1
3327, 1
3328, 4
3329, 1
3330, 3
3331, 1
3332, 3
3333, 1
3334, 3
3335, 2
3336, 1
3337, 1
3338, 8
3339, 1
3340, 1
3341, 2
3342, 3
3343, 1
3344, 4
3345, 4
3346, 3
3347, 4
3348, 3
3349, 2
3350, 1
3351, 2
3352, 3
3353, 4
3354, 3
3355, 3
3356, 3
3357, 3
3358, 3
3359, 2
3360, 2
3361, 2
3362, 1
3363, 1
3364, 1
3365, 2
3366, 3
3367, 1
3368, 3
3369, 2
3370, 2
3371, 1
3372, 1
3373, 3
3374, 5
3375, 2
3376, 1
3377, 3
3378, 2
3379, 3
3380, 4
3381, 2
3382, 3
3383, 2
3384, 3
3385, 3
3386, 2
3387, 2
3388, 2
3389, 1
3390, 3
3391, 3
3392, 3
3393, 1
3394, 4
3395, 2
3396, 3
3397, 5
3398, 2
3399, 2
3400, 4
3401, 1
3402, 2
3403, 2
3404, 2
3405, 3
3406, 5
3407, 2
3408, 2
3409, 1
3410, 3
3411, 2
3412, 3
3413, 2
3414, 1
3415, 1
3416, 4
3417, 1
3418, 4
3419, 1
3420, 2
3421, 3
3422, 4
3423, 2
3424, 2
3425, 1
3426, 2
3427, 1
3428, 2
3429, 4
3430, 1
3431, 4
3432, 3
3433, 2
3434, 2
3435, 1
3436, 3
3437, 4
3438, 3
3439, 2
3440, 5
3441, 3
3442, 1
3443, 3
3444, 3
3445, 1
3446, 1
3447, 1
3448, 5
3449, 3
3450, 3
3451, 3
3452, 4
3453, 3
3454, 1
3455, 3
3456, 4
3457, 3
3458, 2
3459, 2
3460, 4
3461, 2
3462, 1
3463, 2
3464, 2
3465, 3
3466, 7
3467, 5
3468, 3
3469, 7
3470, 3
3471, 3
3472, 4
3473, 4
3474, 3
3475, 2
3476, 2
3477, 2
3478, 3
3479, 1
3480, 3
3481, 2
3482, 1
3483, 2
3484, 3
3485, 1
3486, 6
3487, 2
3488, 1
3489, 3
3490, 2
3491, 2
3492, 1
3493, 4
3494, 2
3495, 3
3496, 1
3497, 3
3498, 1
3499, 1
3500, 1
3501, 3
3502, 3
3503, 2
3504, 1
3505, 2
3506, 1
3507, 3
3508, 5
3509, 2
3510, 1
3511, 2
3512, 3
3513, 1
3514, 3
3515, 3
3516, 3
3517, 2
3518, 1
3519, 2
3520, 1
3521, 2
3522, 4
3523, 2
3524, 1
3525, 4
3526, 5
3527, 5
3528, 6
3529, 3
3530, 1
3531, 1
3532, 1
3533, 3
3534, 2
3535, 2
3536, 2
3537, 1
3538, 1
3539, 4
3540, 3
3541, 1
3542, 1
3543, 3
3544, 2
3545, 1
3546, 1
3547, 2
3548, 3
3549, 1
3550, 2
3551, 1
3552, 2
3553, 3
3554, 1
3555, 3
3556, 2
3557, 2
3558, 1
3559, 3
3560, 3
3561, 1
3562, 3
3563, 2
3564, 2
3565, 2
3566, 2
3567, 2
3568, 1
3569, 2
3570, 3
3571, 3
3572, 4
3573, 1
3574, 2
3575, 5
3576, 1
3577, 3
3578, 5
3579, 1
3580, 3
3581, 3
3582, 4
3583, 1
3584, 2
3585, 4
3586, 2
3587, 2
3588, 3
3589, 2
3590, 3
3591, 2
3592, 4
3593, 1
3594, 2
3595, 2
3596, 3
3597, 0
3598, 3
3599, 2
3600, 3
3601, 1
3602, 1
3603, 1
3604, 1
3605, 3
3606, 3
3607, 3
3608, 1
3609, 1
3610, 2
3611, 1
3612, 3
3613, 2
3614, 2
3615, 2
3616, 3
3617, 2
3618, 4
3619, 1
3620, 2
3621, 1
3622, 2
3623, 1
3624, 2
3625, 0
3626, 4
3627, 2
3628, 4
3629, 4
3630, 3
3631, 1
3632, 2
3633, 0
3634, 2
3635, 1
3636, 2
3637, 3
3638, 4
3639, 3
3640, 3
3641, 2
3642, 4
3643, 3
3644, 3
3645, 3
3646, 1
3647, 1
3648, 4
3649, 3
3650, 1
3651, 3
3652, 2
3653, 1
3654, 1
3655, 1
3656, 2
3657, 2
3658, 3
3659, 4
3660, 2
3661, 6
3662, 2
3663, 1
3664, 2
3665, 1
3666, 3
3667, 1
3668, 4
3669, 2
3670, 1
3671, 1
3672, 1
3673, 1
3674, 4
3675, 3
3676, 1
3677, 1
3678, 2
3679, 1
3680, 1
3681, 1
3682, 2
3683, 2
3684, 2
3685, 1
3686, 3
3687, 1
3688, 2
3689, 4
3690, 1
3691, 2
3692, 4
3693, 2
3694, 2
3695, 1
3696, 1
3697, 2
3698, 1
3699, 1
3700, 4
3701, 2
3702, 2
3703, 1
3704, 3
3705, 1
3706, 3
3707, 2
3708, 4
3709, 3
3710, 4
3711, 1
3712, 1
3713, 1
3714, 3
3715, 7
3716, 1
3717, 0
3718, 3
3719, 3
3720, 1
3721, 3
3722, 3
3723, 6
3724, 2
3725, 2
3726, 1
3727, 4
3728, 1
3729, 4
3730, 3
3731, 4
3732, 1
3733, 4
3734, 2
3735, 3
3736, 3
3737, 3
3738, 3
3739, 2
3740, 3
3741, 5
3742, 4
3743, 1
3744, 2
3745, 1
3746, 1
3747, 3
3748, 2
3749, 1
3750, 2
3751, 4
3752, 2
3753, 0
3754, 1
3755, 1
3756, 2
3757, 3
3758, 2
3759, 2
3760, 1
3761, 1
3762, 3
3763, 3
3764, 2
3765, 1
3766, 2
3767, 4
3768, 2
3769, 2
3770, 5
3771, 4
3772, 2
3773, 3
3774, 4
3775, 2
3776, 1
3777, 3
3778, 1
3779, 1
3780, 2
3781, 1
3782, 4
3783, 2
3784, 1
3785, 0
3786, 2
3787, 2
3788, 3
3789, 0
3790, 2
3791, 2
3792, 3
3793, 0
3794, 1
3795, 3
3796, 3
3797, 4
3798, 1
3799, 2
3800, 1
3801, 2
3802, 2
3803, 3
3804, 2
3805, 4
3806, 3
3807, 2
3808, 2
3809, 2
3810, 1
3811, 2
3812, 2
3813, 2
3814, 1
3815, 2
3816, 3
3817, 4
3818, 2
3819, 5
3820, 2
3821, 2
3822, 2
3823, 1
3824, 3
3825, 3
3826, 2
3827, 2
3828, 1
3829, 3
3830, 4
3831, 4
3832, 2
3833, 1
3834, 1
3835, 2
3836, 1
3837, 4
3838, 3
3839, 3
3840, 5
3841, 4
3842, 1
3843, 3
3844, 2
3845, 1
3846, 2
3847, 4
3848, 2
3849, 1
3850, 2
3851, 2
3852, 3
3853, 1
3854, 1
3855, 6
3856, 2
3857, 6
3858, 2
3859, 4
3860, 2
3861, 7
3862, 1
3863, 1
3864, 2
3865, 1
3866, 4
3867, 2
3868, 3
3869, 3
3870, 4
3871, 1
3872, 3
3873, 1
3874, 2
3875, 1
3876, 2
3877, 2
3878, 2
3879, 3
3880, 3
3881, 2
3882, 1
3883, 1
3884, 1
3885, 4
3886, 3
3887, 2
3888, 4
3889, 3
3890, 5
3891, 6
3892, 3
3893, 1
3894, 3
3895, 1
3896, 4
3897, 3
3898, 3
3899, 3
3900, 2
3901, 4
3902, 4
3903, 3
3904, 1
3905, 3
3906, 3
3907, 2
3908, 2
3909, 3
3910, 1
3911, 1
3912, 3
3913, 1
3914, 2
3915, 3
3916, 3
3917, 1
3918, 1
3919, 1
3920, 5
3921, 4
3922, 6
3923, 2
3924, 2
3925, 2
3926, 2
3927, 4
3928, 2
3929, 2
3930, 3
3931, 1
3932, 4
3933, 2
3934, 3
3935, 2
3936, 2
3937, 2
3938, 1
3939, 5
3940, 1
3941, 3
3942, 7
3943, 2
3944, 2
3945, 1
3946, 3
3947, 6
3948, 5
3949, 2
3950, 2
3951, 1
3952, 1
3953, 1
3954, 1
3955, 5
3956, 3
3957, 3
3958, 3
3959, 3
3960, 3
3961, 2
3962, 1
3963, 2
3964, 2
3965, 0
3966, 3
3967, 3
3968, 3
3969, 3
3970, 0
3971, 3
3972, 1
3973, 2
3974, 3
3975, 4
3976, 4
3977, 2
3978, 4
3979, 3
3980, 2
3981, 1
3982, 5
3983, 2
3984, 5
3985, 2
3986, 4
3987, 1
3988, 4
3989, 4
3990, 2
3991, 2
3992, 2
3993, 2
3994, 4
3995, 3
3996, 3
3997, 3
3998, 1
3999, 2
4000, 2
4001, 1
4002, 2
4003, 4
4004, 1
4005, 3
4006, 4
4007, 4
4008, 2
4009, 2
4010, 4
4011, 4
4012, 3
4013, 5
4014, 2
4015, 2
4016, 2
4017, 1
4018, 5
4019, 5
4020, 6
4021, 3
4022, 1
4023, 1
4024, 1
4025, 3
4026, 4
4027, 2
4028, 2
4029, 1
4030, 1
4031, 3
4032, 1
4033, 1
4034, 3
4035, 3
4036, 4
4037, 3
4038, 3
4039, 3
4040, 0
4041, 2
4042, 3
4043, 1
4044, 0
4045, 2
4046, 3
4047, 3
4048, 5
4049, 2
4050, 4
4051, 3
4052, 2
4053, 1
4054, 1
4055, 2
4056, 2
4057, 3
4058, 0
4059, 3
4060, 5
4061, 3
4062, 5
4063, 1
4064, 4
4065, 3
4066, 6
4067, 3
4068, 5
4069, 3
4070, 4
4071, 1
4072, 1
4073, 4
4074, 1
4075, 2
4076, 4
4077, 1
4078, 6
4079, 2
4080, 2
4081, 3
4082, 5
4083, 1
4084, 0
4085, 2
4086, 5
4087, 1
4088, 3
4089, 2
4090, 2
4091, 1
4092, 5
4093, 1
4094, 4
4095, 3
4096, 4
4097, 5
4098, 2
4099, 1
4100, 5
4101, 3
4102, 3
4103, 1
4104, 2
4105, 3
4106, 6
4107, 2
4108, 1
4109, 1
4110, 3
4111, 4
4112, 1
4113, 2
4114, 2
4115, 4
4116, 4
4117, 2
4118, 5
4119, 4
4120, 3
4121, 1
4122, 3
4123, 3
4124, 1
4125, 2
4126, 7
4127, 4
4128, 1
4129, 2
4130, 2
4131, 2
4132, 2
4133, 1
4134, 3
4135, 1
4136, 3
4137, 2
4138, 3
4139, 4
4140, 1
4141, 2
4142, 1
4143, 4
4144, 2
4145, 3
4146, 1
4147, 4
4148, 5
4149, 1
4150, 2
4151, 2
4152, 2
4153, 1
4154, 3
4155, 1
4156, 3
4157, 1
4158, 4
4159, 1
4160, 0
4161, 2
4162, 3
4163, 1
4164, 4
4165, 1
4166, 2
4167, 1
4168, 2
4169, 1
4170, 3
4171, 1
4172, 1
4173, 1
4174, 2
4175, 1
4176, 1
4177, 1
4178, 1
4179, 4
4180, 2
4181, 4
4182, 5
4183, 2
4184, 2
4185, 2
4186, 2
4187, 1
4188, 2
4189, 4
4190, 1
4191, 1
4192, 2
4193, 3
4194, 2
4195, 3
4196, 3
4197, 2
4198, 1
4199, 4
4200, 2
4201, 1
4202, 1
4203, 2
4204, 1
4205, 4
4206, 1
4207, 1
4208, 2
4209, 1
4210, 1
4211, 1
4212, 2
4213, 1
4214, 3
4215, 1
4216, 1
4217, 3
4218, 2
4219, 3
4220, 3
4221, 2
4222, 1
4223, 2
4224, 1
4225, 1
4226, 1
4227, 2
4228, 2
4229, 2
4230, 1
4231, 2
4232, 1
4233, 1
4234, 4
4235, 2
4236, 1
4237, 1
4238, 4
4239, 1
4240, 1
4241, 4
4242, 2
4243, 2
4244, 1
4245, 2
4246, 1
4247, 2
4248, 7
4249, 4
4250, 3
4251, 2
4252, 4
4253, 2
4254, 2
4255, 2
4256, 2
4257, 1
4258, 3
4259, 3
4260, 1
4261, 2
4262, 1
4263, 2
4264, 4
4265, 1
4266, 5
4267, 1
4268, 3
4269, 3
4270, 4
4271, 2
4272, 4
4273, 4
4274, 1
4275, 2
4276, 3
4277, 2
4278, 4
4279, 3
4280, 6
4281, 3
4282, 1
4283, 1
4284, 4
4285, 1
4286, 3
4287, 3
4288, 3
4289, 1
4290, 1
4291, 1
4292, 1
4293, 1
4294, 3
4295, 3
4296, 2
4297, 2
4298, 2
4299, 5
4300, 3
4301, 2
4302, 3
4303, 4
4304, 1
4305, 3
4306, 0
4307, 3
4308, 2
4309, 2
4310, 3
4311, 4
4312, 4
4313, 2
4314, 4
4315, 1
4316, 2
4317, 1
4318, 1
4319, 4
4320, 2
4321, 3
4322, 3
4323, 2
4324, 2
4325, 5
4326, 3
4327, 1
4328, 4
4329, 3
4330, 2
4331, 1
4332, 4
4333, 5
4334, 2
4335, 1
4336, 2
4337, 2
4338, 4
4339, 1
4340, 4
4341, 2
4342, 2
4343, 3
4344, 2
4345, 6
4346, 1
4347, 3
4348, 2
4349, 1
4350, 5
4351, 3
4352, 2
4353, 1
4354, 1
4355, 4
4356, 2
4357, 2
4358, 3
4359, 2
4360, 2
4361, 1
4362, 2
4363, 2
4364, 1
4365, 3
4366, 1
4367, 3
4368, 1
4369, 2
4370, 4
4371, 1
4372, 1
4373, 1
4374, 1
4375, 3
4376, 2
4377, 5
4378, 3
4379, 4
4380, 2
4381, 4
4382, 2
4383, 4
4384, 5
4385, 3
4386, 2
4387, 2
4388, 2
4389, 2
4390, 3
4391, 4
4392, 1
4393, 2
4394, 3
4395, 5
4396, 2
4397, 1
4398, 1
4399, 5
4400, 4
4401, 1
4402, 4
4403, 2
4404, 3
4405, 5
4406, 3
4407, 4
4408, 3
4409, 3
4410, 4
4411, 3
4412, 2
4413, 4
4414, 1
4415, 5
4416, 4
4417, 1
4418, 2
4419, 2
4420, 4
4421, 4
4422, 2
4423, 3
4424, 1
4425, 3
4426, 3
4427, 3
4428, 1
4429, 5
4430, 4
4431, 2
4432, 6
4433, 4
4434, 2
4435, 3
4436, 2
4437, 4
4438, 3
4439, 3
4440, 4
4441, 7
4442, 4
4443, 9
4444, 2
4445, 2
4446, 1
4447, 3
4448, 3
4449, 5
4450, 2
4451, 5
4452, 1
4453, 4
4454, 1
4455, 3
4456, 3
4457, 5
4458, 1
4459, 1
4460, 1
4461, 3
4462, 2
4463, 2
4464, 1
4465, 1
4466, 2
4467, 1
4468, 3
4469, 1
4470, 2
4471, 4
4472, 2
4473, 1
4474, 1
4475, 2
4476, 2
4477, 2
4478, 2
4479, 1
4480, 3
4481, 1
4482, 3
4483, 5
4484, 1
4485, 1
4486, 2
4487, 3
4488, 2
4489, 3
4490, 1
4491, 3
4492, 2
4493, 3
4494, 1
4495, 3
4496, 2
4497, 6
4498, 1
4499, 2
4500, 2
4501, 3
4502, 4
4503, 0
4504, 2
4505, 1
4506, 3
4507, 1
4508, 2
4509, 0
4510, 2
4511, 5
4512, 3
4513, 5
4514, 2
4515, 1
4516, 3
4517, 2
4518, 2
4519, 2
4520, 3
4521, 3
4522, 2
4523, 2
4524, 2
4525, 2
4526, 2
4527, 3
4528, 1
4529, 2
4530, 3
4531, 4
4532, 1
4533, 4
4534, 1
4535, 3
4536, 3
4537, 4
4538, 1
4539, 4
4540, 1
4541, 2
4542, 1
4543, 2
4544, 2
4545, 2
4546, 2
4547, 1
4548, 4
4549, 3
4550, 2
4551, 0
4552, 1
4553, 2
4554, 5
4555, 3
4556, 2
4557, 1
4558, 3
4559, 1
4560, 1
4561, 2
4562, 1
4563, 5
4564, 6
4565, 1
4566, 1
4567, 3
4568, 1
4569, 4
4570, 1
4571, 2
4572, 1
4573, 3
4574, 4
4575, 3
4576, 1
4577, 1
4578, 1
4579, 2
4580, 1
4581, 2
4582, 2
4583, 1
4584, 1
4585, 3
4586, 2
4587, 3
4588, 1
4589, 4
4590, 2
4591, 3
4592, 3
4593, 2
4594, 1
4595, 2
4596, 2
4597, 3
4598, 1
4599, 1
4600, 4
4601, 3
4602, 2
4603, 4
4604, 4
4605, 2
4606, 0
4607, 4
4608, 2
4609, 3
4610, 2
4611, 2
4612, 1
4613, 5
4614, 1
4615, 2
4616, 1
4617, 1
4618, 1
4619, 4
4620, 2
4621, 5
4622, 2
4623, 3
4624, 1
4625, 0
4626, 1
4627, 4
4628, 3
4629, 3
4630, 1
4631, 1
4632, 3
4633, 3
4634, 2
4635, 4
4636, 3
4637, 0
4638, 2
4639, 4
4640, 4
4641, 3
4642, 3
4643, 2
4644, 4
4645, 4
4646, 3
4647, 4
4648, 1
4649, 3
4650, 2
4651, 4
4652, 3
4653, 3
4654, 7
4655, 3
4656, 5
4657, 5
4658, 1
4659, 4
4660, 1
4661, 2
4662, 2
4663, 1
4664, 4
4665, 3
4666, 2
4667, 2
4668, 2
4669, 3
4670, 2
4671, 2
4672, 3
4673, 1
4674, 4
4675, 2
4676, 1
4677, 1
4678, 2
4679, 3
4680, 4
4681, 2
4682, 2
4683, 1
4684, 2
4685, 4
4686, 1
4687, 2
4688, 2
4689, 3
4690, 3
4691, 1
4692, 1
4693, 3
4694, 4
4695, 4
4696, 1
4697, 2
4698, 3
4699, 3
4700, 2
4701, 4
4702, 2
4703, 1
4704, 3
4705, 1
4706, 1
4707, 4
4708, 2
4709, 4
4710, 2
4711, 2
4712, 3
4713, 2
4714, 4
4715, 1
4716, 1
4717, 1
4718, 1
4719, 4
4720, 2
4721, 3
4722, 3
4723, 1
4724, 4
4725, 5
4726, 1
4727, 1
4728, 4
4729, 1
4730, 1
4731, 3
4732, 2
4733, 2
4734, 2
4735, 2
4736, 2
4737, 1
4738, 2
4739, 2
4740, 2
4741, 0
4742, 5
4743, 2
4744, 4
4745, 5
4746, 2
4747, 3
4748, 3
4749, 3
4750, 1
4751, 2
4752, 4
4753, 4
4754, 2
4755, 2
4756, 4
4757, 3
4758, 1
4759, 3
4760, 1
4761, 4
4762, 2
4763, 1
4764, 5
4765, 2
4766, 2
4767, 1
4768, 1
4769, 1
4770, 1
4771, 1
4772, 2
4773, 2
4774, 2
4775, 6
4776, 1
4777, 3
4778, 3
4779, 2
4780, 4
4781, 1
4782, 2
4783, 3
4784, 2
4785, 1
4786, 2
4787, 1
4788, 2
4789, 2
4790, 2
4791, 1
4792, 2
4793, 3
4794, 3
4795, 2
4796, 2
4797, 4
4798, 2
4799, 5
4800, 1
4801, 2
4802, 2
4803, 3
4804, 2
4805, 6
4806, 1
4807, 3
4808, 5
4809, 1
4810, 2
4811, 2
4812, 1
4813, 4
4814, 4
4815, 3
4816, 1
4817, 2
4818, 1
4819, 5
4820, 0
4821, 5
4822, 2
4823, 3
4824, 1
4825, 5
4826, 1
4827, 2
4828, 1
4829, 2
4830, 1
4831, 2
4832, 2
4833, 2
4834, 2
4835, 2
4836, 4
4837, 5
4838, 1
4839, 2
4840, 3
4841, 3
4842, 2
4843, 3
4844, 2
4845, 2
4846, 6
4847, 1
4848, 3
4849, 3
4850, 2
4851, 2
4852, 3
4853, 5
4854, 2
4855, 3
4856, 5
4857, 5
4858, 1
4859, 3
4860, 5
4861, 3
4862, 5
4863, 1
4864, 1
4865, 1
4866, 1
4867, 1
4868, 5
4869, 2
4870, 1
4871, 2
4872, 2
4873, 5
4874, 1
4875, 4
4876, 1
4877, 1
4878, 3
4879, 4
4880, 2
4881, 3
4882, 0
4883, 3
4884, 2
4885, 3
4886, 3
4887, 4
4888, 2
4889, 3
4890, 3
4891, 1
4892, 1
4893, 2
4894, 3
4895, 4
4896, 3
4897, 4
4898, 3
4899, 2
4900, 1
4901, 1
4902, 1
4903, 4
4904, 1
4905, 2
4906, 3
4907, 2
4908, 3
4909, 1
4910, 2
4911, 2
4912, 4
4913, 2
4914, 4
4915, 2
4916, 2
4917, 1
4918, 1
4919, 2
4920, 4
4921, 3
4922, 3
4923, 5
4924, 2
4925, 3
4926, 2
4927, 2
4928, 3
4929, 4
4930, 3
4931, 2
4932, 1
4933, 2
4934, 3
4935, 5
4936, 3
4937, 2
4938, 1
4939, 1
4940, 2
4941, 1
4942, 2
4943, 5
4944, 4
4945, 3
4946, 2
4947, 2
4948, 1
4949, 3
4950, 1
4951, 3
4952, 1
4953, 1
4954, 3
4955, 3
4956, 2
4957, 1
4958, 2
4959, 5
4960, 2
4961, 1
4962, 1
4963, 2
4964, 3
4965, 2
4966, 2
4967, 1
4968, 2
4969, 2
4970, 2
4971, 1
4972, 1
4973, 5
4974, 1
4975, 2
4976, 2
4977, 2
4978, 1
4979, 1
4980, 1
4981, 1
4982, 2
4983, 3
4984, 1
4985, 1
4986, 1
4987, 3
4988, 1
4989, 3
4990, 2
4991, 4
4992, 3
4993, 3
4994, 1
4995, 2
4996, 4
4997, 2
4998, 3
4999, 3
5000, 2
5001, 1
5002, 3
5003, 6
5004, 2
5005, 3
5006, 3
5007, 2
5008, 3
5009, 2
5010, 3
5011, 3
5012, 2
5013, 1
5014, 1
5015, 3
5016, 1
5017, 2
5018, 1
5019, 2
5020, 4
5021, 2
5022, 2
5023, 2
5024, 2
5025, 1
5026, 6
5027, 5
5028, 1
5029, 3
5030, 3
5031, 3
5032, 3
5033, 3
5034, 1
5035, 1
5036, 5
5037, 1
5038, 3
5039, 3
5040, 1
5041, 5
5042, 2
5043, 1
5044, 2
5045, 2
5046, 2
5047, 1
5048, 3
5049, 4
5050, 3
5051, 1
5052, 5
5053, 1
5054, 1
5055, 3
5056, 5
5057, 3
5058, 4
5059, 2
5060, 4
5061, 1
5062, 1
5063, 5
5064, 3
5065, 1
5066, 1
5067, 4
5068, 2
5069, 2
5070, 2
5071, 2
5072, 3
5073, 1
5074, 2
5075, 2
5076, 3
5077, 2
5078, 4
5079, 2
5080, 2
5081, 1
5082, 1
5083, 3
5084, 3
5085, 1
5086, 3
5087, 3
5088, 4
5089, 3
5090, 2
5091, 2
5092, 4
5093, 3
5094, 3
5095, 3
5096, 2
5097, 3
5098, 3
5099, 1
5100, 5
5101, 3
5102, 3
5103, 1
5104, 2
5105, 4
5106, 2
5107, 3
5108, 1
5109, 2
5110, 4
5111, 2
5112, 2
5113, 2
5114, 3
5115, 2
5116, 4
5117, 2
5118, 1
5119, 3
5120, 4
5121, 4
5122, 3
5123, 2
5124, 1
5125, 1
5126, 3
5127, 1
5128, 2
5129, 1
5130, 1
5131, 2
5132, 4
5133, 3
5134, 2
5135, 1
5136, 4
5137, 4
5138, 2
5139, 4
5140, 2
5141, 3
5142, 2
5143, 2
5144, 1
5145, 3
5146, 1
5147, 3
5148, 2
5149, 4
5150, 1
5151, 4
5152, 5
5153, 2
5154, 5
5155, 5
5156, 1
5157, 1
5158, 2
5159, 1
5160, 1
5161, 1
5162, 3
5163, 3
5164, 2
5165, 2
5166, 3
5167, 3
5168, 1
5169, 1
5170, 3
5171, 2
5172, 3
5173, 1
5174, 3
5175, 2
5176, 3
5177, 3
5178, 3
5179, 2
5180, 2
5181, 1
5182, 2
5183, 2
5184, 3
5185, 2
5186, 2
5187, 3
5188, 4
5189, 2
5190, 3
5191, 4
5192, 1
5193, 4
5194, 3
5195, 2
5196, 2
5197, 6
5198, 1
5199, 6
5200, 2
5201, 1
5202, 2
5203, 1
5204, 3
5205, 5
5206, 2
5207, 2
5208, 4
5209, 1
5210, 2
5211, 1
5212, 2
5213, 2
5214, 1
5215, 1
5216, 2
5217, 4
5218, 1
5219, 6
5220, 2
5221, 2
5222, 1
5223, 4
5224, 3
5225, 3
5226, 1
5227, 8
5228, 1
5229, 1
5230, 2
5231, 5
5232, 2
5233, 6
5234, 3
5235, 1
5236, 4
5237, 1
5238, 3
5239, 4
5240, 3
5241, 3
5242, 1
5243, 4
5244, 4
5245, 2
5246, 2
5247, 2
5248, 2
5249, 2
5250, 1
5251, 3
5252, 1
5253, 2
5254, 3
5255, 1
5256, 5
5257, 2
5258, 3
5259, 5
5260, 3
5261, 1
5262, 5
5263, 4
5264, 3
5265, 3
5266, 3
5267, 3
5268, 3
5269, 3
5270, 2
5271, 1
5272, 2
5273, 1
5274, 1
5275, 1
5276, 1
5277, 1
5278, 1
5279, 3
5280, 1
5281, 2
5282, 2
5283, 3
5284, 3
5285, 3
5286, 2
5287, 3
5288, 1
5289, 3
5290, 3
5291, 1
5292, 1
5293, 1
5294, 6
5295, 3
5296, 0
5297, 2
5298, 4
5299, 3
5300, 2
5301, 3
5302, 5
5303, 2
5304, 0
5305, 1
5306, 0
5307, 2
5308, 3
5309, 2
5310, 3
5311, 2
5312, 4
5313, 4
5314, 1
5315, 3
5316, 3
5317, 3
5318, 1
5319, 4
5320, 1
5321, 6
5322, 1
5323, 5
5324, 6
5325, 2
5326, 1
5327, 2
5328, 0
5329, 3
5330, 3
5331, 4
5332, 2
5333, 1
5334, 1
5335, 3
5336, 0
5337, 2
5338, 3
5339, 2
5340, 3
5341, 7
5342, 1
5343, 2
5344, 1
5345, 4
5346, 4
5347, 2
5348, 4
5349, 4
5350, 2
5351, 5
5352, 1
5353, 2
5354, 3
5355, 3
5356, 2
5357, 4
5358, 1
5359, 3
5360, 3
5361, 5
5362, 2
5363, 3
5364, 3
5365, 3
5366, 1
5367, 1
5368, 1
5369, 3
5370, 1
5371, 5
5372, 1
5373, 3
5374, 2
5375, 4
5376, 4
5377, 2
5378, 4
5379, 5
5380, 1
5381, 3
5382, 1
5383, 2
5384, 1
5385, 3
5386, 3
5387, 2
5388, 2
5389, 2
5390, 3
5391, 1
5392, 2
5393, 1
5394, 6
5395, 3
5396, 3
5397, 5
5398, 1
5399, 3
5400, 2
5401, 2
5402, 3
5403, 2
5404, 3
5405, 4
5406, 2
5407, 3
5408, 1
5409, 3
5410, 5
5411, 1
5412, 3
5413, 3
5414, 3
5415, 1
5416, 3
5417, 3
5418, 2
5419, 1
5420, 2
5421, 3
5422, 3
5423, 2
5424, 3
5425, 1
5426, 3
5427, 6
5428, 3
5429, 2
5430, 3
5431, 1
5432, 3
5433, 1
5434, 1
5435, 4
5436, 1
5437, 1
5438, 3
5439, 4
5440, 1
5441, 3
5442, 6
5443, 2
5444, 0
5445, 2
5446, 1
5447, 2
5448, 3
5449, 3
5450, 1
5451, 1
5452, 2
5453, 1
5454, 2
5455, 5
5456, 1
5457, 3
5458, 2
5459, 2
5460, 2
5461, 1
5462, 3
5463, 2
5464, 5
5465, 1
5466, 2
5467, 2
5468, 1
5469, 1
5470, 1
5471, 2
5472, 0
5473, 3
5474, 4
5475, 1
5476, 1
5477, 2
5478, 1
5479, 4
5480, 5
5481, 1
5482, 4
5483, 3
5484, 1
5485, 2
5486, 2
5487, 3
5488, 0
5489, 4
5490, 0
5491, 4
5492, 3
5493, 3
5494, 1
5495, 1
5496, 1
5497, 3
5498, 1
5499, 1
5500, 3
5501, 2
5502, 3
5503, 2
5504, 3
5505, 2
5506, 2
5507, 4
5508, 1
5509, 1
5510, 2
5511, 3
5512, 5
5513, 4
5514, 3
5515, 2
5516, 2
5517, 2
5518, 5
5519, 2
5520, 4
5521, 4
5522, 2
5523, 2
5524, 3
5525, 4
5526, 1
5527, 4
5528, 2
5529, 4
5530, 2
5531, 2
5532, 1
5533, 1
5534, 0
5535, 3
5536, 4
5537, 4
5538, 2
5539, 3
5540, 4
5541, 4
5542, 1
5543, 4
5544, 3
5545, 1
5546, 4
5547, 1
5548, 3
5549, 6
5550, 1
5551, 3
5552, 2
5553, 5
5554, 2
5555, 3
5556, 2
5557, 5
5558, 2
5559, 5
5560, 1
5561, 3
5562, 4
5563, 2
5564, 2
5565, 1
5566, 2
5567, 2
5568, 1
5569, 3
5570, 3
5571, 2
5572, 2
5573, 4
5574, 1
5575, 3
5576, 4
5577, 1
5578, 5
5579, 2
5580, 1
5581, 2
5582, 3
5583, 2
5584, 5
5585, 2
5586, 1
5587, 6
5588, 1
5589, 3
5590, 6
5591, 2
5592, 1
5593, 4
5594, 3
5595, 4
5596, 2
5597, 1
5598, 4
5599, 4
5600, 5
5601, 3
5602, 4
5603, 4
5604, 5
5605, 3
5606, 4
5607, 2
5608, 2
5609, 3
5610, 1
5611, 1
5612, 2
5613, 3
5614, 1
5615, 1
5616, 2
5617, 0
5618, 3
5619, 2
5620, 1
5621, 2
5622, 2
5623, 2
5624, 1
5625, 2
5626, 3
5627, 2
5628, 1
5629, 2
5630, 2
5631, 4
5632, 2
5633, 2
5634, 2
5635, 2
5636, 2
5637, 2
5638, 3
5639, 1
5640, 1
5641, 4
5642, 1
5643, 1
5644, 1
5645, 2
5646, 2
5647, 2
5648, 3
5649, 2
5650, 3
5651, 1
5652, 1
5653, 2
5654, 1
5655, 3
5656, 1
5657, 2
5658, 3
5659, 1
5660, 4
5661, 2
5662, 4
5663, 1
5664, 2
5665, 1
5666, 3
5667, 2
5668, 2
5669, 2
5670, 2
5671, 4
5672, 2
5673, 1
5674, 3
5675, 3
5676, 2
5677, 1
5678, 2
5679, 2
5680, 2
5681, 3
5682, 1
5683, 2
5684, 1
5685, 2
5686, 2
5687, 2
5688, 1
5689, 4
5690, 2
5691, 4
5692, 3
5693, 2
5694, 2
5695, 4
5696, 3
5697, 4
5698, 3
5699, 3
5700, 3
5701, 1
5702, 3
5703, 0
5704, 5
5705, 1
5706, 4
5707, 2
5708, 2
5709, 3
5710, 2
5711, 2
5712, 5
5713, 2
5714, 4
5715, 1
5716, 4
5717, 1
5718, 3
5719, 5
5720, 2
5721, 2
5722, 2
5723, 3
5724, 2
5725, 3
5726, 1
5727, 2
5728, 3
5729, 2
5730, 1
5731, 4
5732, 3
5733, 4
5734, 1
5735, 4
5736, 3
5737, 1
5738, 2
5739, 4
5740, 3
5741, 3
5742, 3
5743, 3
5744, 3
5745, 3
5746, 5
5747, 5
5748, 2
5749, 4
5750, 7
5751, 4
5752, 3
5753, 3
5754, 3
5755, 1
5756, 1
5757, 5
5758, 2
5759, 2
5760, 6
5761, 4
5762, 1
5763, 3
5764, 2
5765, 3
5766, 1
5767, 6
5768, 4
5769, 1
5770, 2
5771, 3
5772, 3
5773, 2
5774, 3
5775, 4
5776, 2
5777, 3
5778, 4
5779, 3
5780, 2
5781, 3
5782, 2
5783, 4
5784, 3
5785, 4
5786, 3
5787, 3
5788, 3
5789, 2
5790, 2
5791, 4
5792, 4
5793, 1
5794, 3
5795, 2
5796, 1
5797, 2
5798, 5
5799, 2
5800, 1
5801, 2
5802, 4
5803, 3
5804, 2
5805, 4
5806, 3
5807, 2
5808, 3
5809, 4
5810, 2
5811, 3
5812, 2
5813, 2
5814, 4
5815, 4
5816, 3
5817, 0
5818, 2
5819, 0
5820, 2
5821, 0
5822, 3
5823, 2
5824, 5
5825, 0
5826, 1
5827, 4
5828, 1
5829, 4
5830, 3
5831, 3
5832, 3
5833, 1
5834, 1
5835, 5
5836, 5
5837, 4
5838, 6
5839, 3
5840, 3
5841, 2
5842, 2
5843, 4
5844, 3
5845, 2
5846, 6
5847, 3
5848, 2
5849, 3
5850, 1
5851, 5
5852, 1
5853, 5
5854, 1
5855, 3
5856, 1
5857, 3
5858, 4
5859, 4
5860, 2
5861, 1
5862, 1
5863, 3
5864, 3
5865, 1
5866, 3
5867, 3
5868, 2
5869, 2
5870, 2
5871, 2
5872, 1
5873, 2
5874, 2
5875, 2
5876, 1
5877, 1
5878, 2
5879, 3
5880, 2
5881, 2
5882, 3
5883, 1
5884, 3
5885, 1
5886, 2
5887, 4
5888, 2
5889, 3
5890, 4
5891, 4
5892, 1
5893, 2
5894, 2
5895, 2
5896, 2
5897, 2
5898, 3
5899, 3
5900, 3
5901, 1
5902, 1
5903, 3
5904, 2
5905, 1
5906, 1
5907, 1
5908, 2
5909, 3
5910, 1
5911, 3
5912, 1
5913, 1
5914, 3
5915, 2
5916, 4
5917, 3
5918, 2
5919, 3
5920, 1
5921, 6
5922, 1
5923, 3
5924, 2
5925, 4
5926, 3
5927, 3
5928, 3
5929, 3
5930, 3
5931, 1
5932, 2
5933, 4
5934, 5
5935, 1
5936, 1
5937, 1
5938, 6
5939, 2
5940, 3
5941, 4
5942, 2
5943, 4
5944, 6
5945, 3
5946, 3
5947, 3
5948, 6
5949, 3
5950, 3
5951, 1
5952, 1
5953, 3
5954, 3
5955, 4
5956, 4
5957, 3
5958, 3
5959, 2
5960, 3
5961, 2
5962, 1
5963, 4
5964, 4
5965, 2
5966, 1
5967, 3
5968, 1
5969, 2
5970, 1
5971, 2
5972, 7
5973, 3
5974, 2
5975, 2
5976, 3
5977, 5
5978, 5
5979, 1
5980, 2
5981, 1
5982, 3
5983, 1
5984, 1
5985, 2
5986, 1
5987, 2
5988, 4
5989, 3
5990, 3
5991, 1
5992, 1
5993, 1
5994, 4
5995, 4
5996, 3
5997, 1
5998, 3
5999, 4
6000, 2
6001, 2
6002, 2
6003, 4
6004, 4
6005, 3
6006, 4
6007, 1
6008, 1
6009, 4
6010, 2
6011, 2
6012, 2
6013, 3
6014, 2
6015, 1
6016, 2
6017, 3
6018, 1
6019, 3
6020, 1
6021, 3
6022, 1
6023, 3
6024, 2
6025, 5
6026, 6
6027, 3
6028, 1
6029, 4
6030, 5
6031, 2
6032, 5
6033, 1
6034, 4
6035, 2
6036, 2
6037, 3
6038, 1
6039, 1
6040, 2
6041, 3
6042, 4
6043, 2
6044, 1
6045, 4
6046, 3
6047, 1
6048, 2
6049, 3
6050, 1
6051, 2
6052, 2
6053, 1
6054, 2
6055, 5
6056, 3
6057, 2
6058, 2
6059, 1
6060, 3
6061, 1
6062, 5
6063, 1
6064, 2
6065, 3
6066, 1
6067, 1
6068, 4
6069, 3
6070, 1
6071, 4
6072, 2
6073, 2
6074, 2
6075, 3
6076, 3
6077, 3
6078, 3
6079, 1
6080, 2
6081, 1
6082, 2
6083, 2
6084, 2
6085, 2
6086, 4
6087, 2
6088, 2
6089, 3
6090, 5
6091, 1
6092, 2
6093, 1
6094, 2
6095, 2
6096, 4
6097, 4
6098, 4
6099, 2
6100, 1
6101, 3
6102, 2
6103, 2
6104, 2
6105, 3
6106, 2
6107, 3
6108, 2
6109, 1
6110, 3
6111, 0
6112, 4
6113, 0
6114, 5
6115, 3
6116, 2
6117, 0
6118, 5
6119, 2
6120, 1
6121, 1
6122, 5
6123, 0
6124, 2
6125, 1
6126, 4
6127, 1
6128, 3
6129, 4
6130, 3
6131, 3
6132, 1
6133, 2
6134, 2
6135, 3
6136, 1
6137, 4
6138, 4
6139, 3
6140, 2
6141, 3
6142, 2
6143, 4
6144, 2
6145, 1
6146, 2
6147, 1
6148, 5
6149, 3
6150, 4
6151, 2
6152, 1
6153, 1
6154, 2
6155, 2
6156, 3
6157, 1
6158, 2
6159, 3
6160, 1
6161, 2
6162, 2
6163, 3
6164, 2
6165, 1
6166, 2
6167, 3
6168, 2
6169, 4
6170, 3
6171, 2
6172, 2
6173, 2
6174, 2
6175, 1
6176, 4
6177, 4
6178, 1
6179, 2
6180, 3
6181, 4
6182, 2
6183, 2
6184, 1
6185, 4
6186, 2
6187, 3
6188, 1
6189, 1
6190, 5
6191, 1
6192, 4
6193, 3
6194, 2
6195, 1
6196, 1
6197, 2
6198, 4
6199, 5
6200, 4
6201, 2
6202, 3
6203, 2
6204, 4
6205, 2
6206, 3
6207, 3
6208, 1
6209, 2
6210, 4
6211, 2
6212, 0
6213, 1
6214, 2
6215, 1
6216, 4
6217, 2
6218, 3
6219, 3
6220, 5
6221, 2
6222, 4
6223, 1
6224, 4
6225, 2
6226, 4
6227, 1
6228, 3
6229, 3
6230, 2
6231, 2
6232, 1
6233, 1
6234, 0
6235, 3
6236, 2
6237, 4
6238, 3
6239, 2
6240, 5
6241, 2
6242, 2
6243, 3
6244, 3
6245, 3
6246, 3
6247, 3
6248, 3
6249, 3
6250, 2
6251, 2
6252, 2
6253, 2
6254, 1
6255, 1
6256, 2
6257, 4
6258, 3
6259, 1
6260, 4
6261, 2
6262, 1
6263, 7
6264, 2
6265, 3
6266, 3
6267, 3
6268, 1
6269, 1
6270, 2
6271, 7
6272, 0
6273, 2
6274, 0
6275, 5
6276, 2
6277, 1
6278, 3
6279, 2
6280, 2
6281, 1
6282, 1
6283, 2
6284, 2
6285, 3
6286, 1
6287, 6
6288, 2
6289, 4
6290, 1
6291, 1
6292, 0
6293, 1
6294, 0
6295, 2
6296, 1
6297, 3
6298, 1
6299, 1
6300, 2
6301, 1
6302, 2
6303, 4
6304, 2
6305, 6
6306, 4
6307, 1
6308, 2
6309, 1
6310, 1
6311, 2
6312, 3
6313, 2
6314, 3
6315, 3
6316, 3
6317, 1
6318, 2
6319, 2
6320, 3
6321, 3
6322, 1
6323, 3
6324, 3
6325, 1
6326, 3
6327, 2
6328, 2
6329, 1
6330, 1
6331, 2
6332, 2
6333, 2
6334, 1
6335, 1
6336, 1
6337, 4
6338, 1
6339, 3
6340, 1
6341, 1
6342, 3
6343, 1
6344, 2
6345, 2
6346, 3
6347, 3
6348, 5
6349, 2
6350, 1
6351, 1
6352, 2
6353, 1
6354, 1
6355, 2
6356, 5
6357, 1
6358, 2
6359, 4
6360, 2
6361, 1
6362, 4
6363, 1
6364, 2
6365, 1
6366, 3
6367, 2
6368, 1
6369, 1
6370, 2
6371, 2
6372, 3
6373, 1
6374, 3
6375, 1
6376, 1
6377, 1
6378, 1
6379, 1
6380, 1
6381, 1
6382, 3
6383, 1
6384, 1
6385, 1
6386, 1
6387, 3
6388, 1
6389, 1
6390, 4
6391, 1
6392, 3
6393, 1
6394, 1
6395, 1
6396, 1
6397, 1
6398, 2
6399, 0
6400, 2
6401, 2
6402, 2
6403, 2
6404, 1
6405, 1
6406, 1
6407, 1
6408, 3
6409, 2
6410, 2
6411, 2
6412, 4
6413, 3
6414, 3
6415, 1
6416, 2
6417, 1
6418, 2
6419, 1
6420, 2
6421, 3
6422, 4
6423, 2
6424, 2
6425, 1
6426, 3
6427, 1
6428, 1
6429, 1
6430, 3
6431, 1
6432, 1
6433, 2
6434, 1
6435, 2
6436, 1
6437, 1
6438, 2
6439, 1
6440, 1
6441, 4
6442, 3
6443, 3
6444, 3
6445, 5
6446, 3
6447, 1
6448, 1
6449, 2
6450, 4
6451, 3
6452, 6
6453, 3
6454, 4
6455, 2
6456, 6
6457, 3
6458, 4
6459, 3
6460, 3
6461, 1
6462, 3
6463, 1
6464, 1
6465, 0
6466, 2
6467, 1
6468, 4
6469, 1
6470, 2
6471, 5
6472, 2
6473, 4
6474, 5
6475, 1
6476, 1
6477, 2
6478, 2
6479, 2
6480, 2
6481, 3
6482, 2
6483, 4
6484, 2
6485, 2
6486, 3
6487, 3
6488, 3
6489, 2
6490, 2
6491, 5
6492, 3
6493, 1
6494, 2
6495, 4
6496, 4
6497, 2
6498, 2
6499, 1
6500, 2
6501, 4
6502, 1
6503, 1
6504, 1
6505, 1
6506, 3
6507, 1
6508, 3
6509, 4
6510, 3
6511, 3
6512, 5
6513, 1
6514, 2
6515, 1
6516, 4
6517, 1
6518, 1
6519, 5
6520, 2
6521, 3
6522, 2
6523, 3
6524, 5
6525, 2
6526, 6
6527, 3
6528, 1
6529, 2
6530, 1
6531, 1
6532, 2
6533, 4
6534, 2
6535, 5
6536, 1
6537, 2
6538, 2
6539, 1
6540, 2
6541, 1
6542, 3
6543, 3
6544, 1
6545, 2
6546, 1
6547, 2
6548, 3
6549, 1
6550, 1
6551, 2
6552, 3
6553, 3
6554, 1
6555, 3
6556, 2
6557, 4
6558, 2
6559, 3
6560, 1
6561, 2
6562, 5
6563, 3
6564, 1
6565, 3
6566, 4
6567, 3
6568, 1
6569, 1
6570, 1
6571, 2
6572, 1
6573, 2
6574, 1
6575, 3
6576, 1
6577, 2
6578, 2
6579, 2
6580, 1
6581, 2
6582, 2
6583, 2
6584, 2
6585, 1
6586, 2
6587, 4
6588, 1
6589, 2
6590, 2
6591, 3
6592, 4
6593, 1
6594, 3
6595, 1
6596, 6
6597, 2
6598, 1
6599, 1
6600, 2
6601, 3
6602, 2
6603, 2
6604, 5
6605, 4
6606, 1
6607, 2
6608, 2
6609, 1
6610, 4
6611, 2
6612, 2
6613, 4
6614, 3
6615, 3
6616, 2
6617, 2
6618, 1
6619, 1
6620, 1
6621, 1
6622, 1
6623, 6
6624, 2
6625, 1
6626, 2
6627, 1
6628, 2
6629, 5
6630, 3
6631, 2
6632, 2
6633, 1
6634, 2
6635, 3
6636, 1
6637, 4
6638, 2
6639, 3
6640, 2
6641, 1
6642, 2
6643, 3
6644, 2
6645, 4
6646, 3
6647, 3
6648, 3
6649, 3
6650, 1
6651, 3
6652, 3
6653, 1
6654, 4
6655, 5
6656, 4
6657, 2
6658, 3
6659, 4
6660, 2
6661, 6
6662, 3
6663, 4
6664, 2
6665, 2
6666, 3
6667, 1
6668, 2
6669, 5
6670, 2
6671, 1
6672, 2
6673, 5
6674, 1
6675, 5
6676, 1
6677, 3
6678, 2
6679, 3
6680, 1
6681, 3
6682, 3
6683, 1
6684, 5
6685, 3
6686, 4
6687, 4
6688, 2
6689, 1
6690, 2
6691, 1
6692, 2
6693, 2
6694, 3
6695, 3
6696, 2
6697, 2
6698, 2
6699, 3
6700, 3
6701, 2
6702, 2
6703, 4
6704, 3
6705, 2
6706, 3
6707, 2
6708, 2
6709, 4
6710, 3
6711, 3
6712, 4
6713, 1
6714, 4
6715, 2
6716, 5
6717, 1
6718, 2
6719, 2
6720, 3
6721, 1
6722, 3
6723, 1
6724, 2
6725, 2
6726, 1
6727, 3
6728, 1
6729, 2
6730, 1
6731, 3
6732, 3
6733, 3
6734, 1
6735, 5
6736, 2
6737, 2
6738, 1
6739, 4
6740, 1
6741, 2
6742, 2
6743, 5
6744, 3
6745, 3
6746, 2
6747, 2
6748, 2
6749, 2
6750, 3
6751, 3
6752, 1
6753, 3
6754, 1
6755, 2
6756, 1
6757, 1
6758, 2
6759, 3
6760, 3
6761, 3
6762, 1
6763, 6
6764, 2
6765, 3
6766, 4
6767, 2
6768, 1
6769, 2
6770, 1
6771, 4
6772, 1
6773, 2
6774, 3
6775, 2
6776, 2
6777, 2
6778, 1
6779, 1
6780, 1
6781, 2
6782, 6
6783, 5
6784, 1
6785, 3
6786, 1
6787, 2
6788, 2
6789, 2
6790, 1
6791, 4
6792, 1
6793, 2
6794, 3
6795, 4
6796, 2
6797, 3
6798, 2
6799, 3
6800, 2
6801, 3
6802, 3
6803, 4
6804, 1
6805, 2
6806, 1
6807, 4
6808, 2
6809, 2
6810, 1
6811, 3
6812, 1
6813, 2
6814, 1
6815, 4
6816, 2
6817, 2
6818, 5
6819, 4
6820, 2
6821, 1
6822, 4
6823, 1
6824, 2
6825, 1
6826, 3
6827, 3
6828, 3
6829, 1
6830, 2
6831, 1
6832, 2
6833, 1
6834, 2
6835, 1
6836, 1
6837, 2
6838, 5
6839, 0
6840, 4
6841, 4
6842, 3
6843, 4
6844, 1
6845, 5
6846, 1
6847, 2
6848, 1
6849, 4
6850, 1
6851, 1
6852, 5
6853, 2
6854, 1
6855, 1
6856, 4
6857, 5
6858, 3
6859, 2
6860, 2
6861, 2
6862, 1
6863, 1
6864, 2
6865, 2
6866, 4
6867, 1
6868, 2
6869, 1
6870, 4
6871, 1
6872, 2
6873, 1
6874, 2
6875, 1
6876, 4
6877, 3
6878, 4
6879, 3
6880, 4
6881, 3
6882, 4
6883, 4
6884, 4
6885, 4
6886, 1
6887, 2
6888, 4
6889, 0
6890, 1
6891, 4
6892, 2
6893, 4
6894, 1
6895, 4
6896, 2
6897, 3
6898, 3
6899, 3
6900, 3
6901, 2
6902, 2
6903, 7
6904, 2
6905, 0
6906, 4
6907, 0
6908, 1
6909, 1
6910, 1
6911, 2
6912, 1
6913, 2
6914, 5
6915, 2
6916, 1
6917, 2
6918, 4
6919, 2
6920, 1
6921, 1
6922, 1
6923, 4
6924, 6
6925, 2
6926, 4
6927, 1
6928, 2
6929, 2
6930, 5
6931, 3
6932, 2
6933, 3
6934, 1
6935, 3
6936, 4
6937, 2
6938, 1
6939, 3
6940, 1
6941, 2
6942, 2
6943, 3
6944, 1
6945, 5
6946, 2
6947, 1
6948, 2
6949, 3
6950, 2
6951, 2
6952, 4
6953, 4
6954, 3
6955, 1
6956, 1
6957, 1
6958, 5
6959, 2
6960, 3
6961, 4
6962, 1
6963, 1
6964, 1
6965, 1
6966, 1
6967, 2
6968, 2
6969, 4
6970, 3
6971, 5
6972, 2
6973, 1
6974, 2
6975, 1
6976, 2
6977, 4
6978, 2
6979, 1
6980, 3
6981, 1
6982, 1
6983, 1
6984, 2
6985, 2
6986, 4
6987, 2
6988, 4
6989, 1
6990, 2
6991, 2
6992, 2
6993, 1
6994, 3
6995, 5
6996, 1
6997, 1
6998, 2
6999, 2
7000, 1
7001, 2
7002, 1
7003, 2
7004, 2
7005, 2
7006, 3
7007, 4
7008, 2
7009, 3
7010, 4
7011, 3
7012, 5
7013, 2
7014, 3
7015, 2
7016, 4
7017, 1
7018, 2
7019, 2
7020, 2
7021, 2
7022, 3
7023, 2
7024, 3
7025, 2
7026, 1
7027, 3
7028, 1
7029, 2
7030, 2
7031, 2
7032, 2
7033, 2
7034, 3
7035, 3
7036, 2
7037, 3
7038, 1
7039, 1
7040, 1
7041, 1
7042, 2
7043, 3
7044, 6
7045, 3
7046, 1
7047, 2
7048, 2
7049, 4
7050, 1
7051, 4
7052, 2
7053, 3
7054, 1
7055, 3
7056, 3
7057, 3
7058, 4
7059, 4
7060, 3
7061, 3
7062, 2
7063, 1
7064, 3
7065, 1
7066, 1
7067, 3
7068, 2
7069, 2
7070, 2
7071, 2
7072, 1
7073, 2
7074, 1
7075, 1
7076, 2
7077, 2
7078, 1
7079, 3
7080, 1
7081, 1
7082, 3
7083, 1
7084, 3
7085, 6
7086, 6
7087, 1
7088, 2
7089, 3
7090, 3
7091, 2
7092, 3
7093, 2
7094, 2
7095, 0
7096, 2
7097, 4
7098, 4
7099, 3
7100, 2
7101, 5
7102, 4
7103, 2
7104, 1
7105, 2
7106, 2
7107, 1
7108, 1
7109, 2
7110, 1
7111, 2
7112, 2
7113, 2
7114, 3
7115, 1
7116, 5
7117, 2
7118, 2
7119, 0
7120, 2
7121, 1
7122, 3
7123, 2
7124, 1
7125, 2
7126, 1
7127, 1
7128, 1
7129, 0
7130, 2
7131, 1
7132, 2
7133, 2
7134, 1
7135, 3
7136, 1
7137, 3
7138, 3
7139, 1
7140, 3
7141, 3
7142, 5
7143, 3
7144, 3
7145, 3
7146, 4
7147, 2
7148, 3
7149, 3
7150, 3
7151, 2
7152, 2
7153, 0
7154, 3
7155, 4
7156, 3
7157, 1
7158, 2
7159, 3
7160, 1
7161, 1
7162, 1
7163, 1
7164, 1
7165, 1
7166, 2
7167, 4
7168, 2
7169, 1
7170, 2
7171, 3
7172, 3
7173, 2
7174, 2
7175, 1
7176, 3
7177, 7
7178, 2
7179, 2
7180, 2
7181, 2
7182, 1
7183, 2
7184, 2
7185, 2
7186, 2
7187, 3
7188, 3
7189, 2
7190, 3
7191, 2
7192, 1
7193, 2
7194, 2
7195, 4
7196, 3
7197, 2
7198, 2
7199, 2
7200, 1
7201, 0
7202, 3
7203, 3
7204, 2
7205, 2
7206, 2
7207, 3
7208, 2
7209, 1
7210, 1
7211, 0
7212, 4
7213, 3
7214, 2
7215, 1
7216, 1
7217, 1
7218, 2
7219, 2
7220, 4
7221, 5
7222, 2
7223, 3
7224, 2
7225, 3
7226, 3
7227, 1
7228, 3
7229, 1
7230, 3
7231, 5
7232, 2
7233, 3
7234, 1
7235, 2
7236, 1
7237, 3
7238, 1
7239, 3
7240, 2
7241, 1
7242, 4
7243, 3
7244, 1
7245, 1
7246, 4
7247, 3
7248, 3
7249, 2
7250, 3
7251, 1
7252, 2
7253, 5
7254, 3
7255, 1
7256, 3
7257, 2
7258, 2
7259, 2
7260, 5
7261, 1
7262, 3
7263, 5
7264, 2
7265, 1
7266, 3
7267, 2
7268, 4
7269, 4
7270, 2
7271, 3
7272, 1
7273, 3
7274, 2
7275, 3
7276, 2
7277, 2
7278, 3
7279, 3
7280, 3
7281, 4
7282, 2
7283, 4
7284, 1
7285, 3
7286, 4
7287, 3
7288, 2
7289, 2
7290, 1
7291, 1
7292, 2
7293, 4
7294, 3
7295, 5
7296, 2
7297, 3
7298, 4
7299, 3
7300, 4
7301, 3
7302, 2
7303, 4
7304, 2
7305, 1
7306, 2
7307, 4
7308, 3
7309, 3
7310, 5
7311, 2
7312, 2
7313, 3
7314, 4
7315, 1
7316, 3
7317, 4
7318, 3
7319, 3
7320, 5
7321, 5
7322, 2
7323, 3
7324, 4
7325, 4
7326, 3
7327, 2
7328, 2
7329, 3
7330, 2
7331, 2
7332, 1
7333, 1
7334, 5
7335, 0
7336, 4
7337, 2
7338, 2
7339, 7
7340, 3
7341, 2
7342, 4
7343, 2
7344, 2
7345, 1
7346, 3
7347, 7
7348, 2
7349, 3
7350, 2
7351, 1
7352, 3
7353, 1
7354, 1
7355, 1
7356, 2
7357, 2
7358, 3
7359, 1
7360, 3
7361, 1
7362, 1
7363, 2
7364, 2
7365, 2
7366, 3
7367, 1
7368, 2
7369, 3
7370, 4
7371, 2
7372, 4
7373, 4
7374, 1
7375, 3
7376, 1
7377, 4
7378, 2
7379, 1
7380, 2
7381, 2
7382, 1
7383, 1
7384, 1
7385, 4
7386, 2
7387, 3
7388, 2
7389, 2
7390, 1
7391, 2
7392, 3
7393, 3
7394, 1
7395, 1
7396, 1
7397, 3
7398, 3
7399, 2
7400, 7
7401, 3
7402, 2
7403, 1
7404, 2
7405, 3
7406, 2
7407, 1
7408, 2
7409, 5
7410, 1
7411, 2
7412, 2
7413, 1
7414, 5
7415, 3
7416, 4
7417, 2
7418, 3
7419, 3
7420, 5
7421, 5
7422, 3
7423, 1
7424, 2
7425, 1
7426, 1
7427, 2
7428, 2
7429, 1
7430, 2
7431, 4
7432, 0
7433, 1
7434, 3
7435, 1
7436, 6
7437, 1
7438, 4
7439, 2
7440, 3
7441, 2
7442, 2
7443, 3
7444, 4
7445, 2
7446, 3
7447, 1
7448, 2
7449, 4
7450, 2
7451, 2
7452, 2
7453, 1
7454, 0
7455, 3
7456, 1
7457, 4
7458, 3
7459, 3
7460, 0
7461, 2
7462, 2
7463, 3
7464, 1
7465, 4
7466, 2
7467, 3
7468, 1
7469, 2
7470, 0
7471, 1
7472, 4
7473, 6
7474, 0
7475, 2
7476, 2
7477, 4
7478, 1
7479, 2
7480, 1
7481, 3
7482, 4
7483, 2
7484, 1
7485, 3
7486, 1
7487, 2
7488, 2
7489, 4
7490, 2
7491, 2
7492, 3
7493, 0
7494, 3
7495, 3
7496, 3
7497, 2
7498, 4
7499, 3
7500, 3
7501, 3
7502, 5
7503, 2
7504, 4
7505, 4
7506, 5
7507, 1
7508, 3
7509, 1
7510, 1
7511, 2
7512, 3
7513, 2
7514, 4
7515, 3
7516, 1
7517, 4
7518, 1
7519, 3
7520, 3
7521, 5
7522, 5
7523, 2
7524, 4
7525, 2
7526, 4
7527, 2
7528, 1
7529, 1
7530, 1
7531, 2
7532, 3
7533, 0
7534, 1
7535, 1
7536, 3
7537, 0
7538, 3
7539, 2
7540, 3
7541, 2
7542, 2
7543, 2
7544, 5
7545, 2
7546, 3
7547, 3
7548, 5
7549, 1
7550, 3
7551, 3
7552, 1
7553, 4
7554, 3
7555, 3
7556, 2
7557, 1
7558, 1
7559, 2
7560, 1
7561, 3
7562, 1
7563, 5
7564, 1
7565, 5
7566, 3
7567, 4
7568, 1
7569, 3
7570, 3
7571, 4
7572, 5
7573, 1
7574, 1
7575, 2
7576, 3
7577, 3
7578, 2
7579, 3
7580, 7
7581, 5
7582, 1
7583, 2
7584, 1
7585, 5
7586, 4
7587, 7
7588, 0
7589, 5
7590, 2
7591, 3
7592, 2
7593, 3
7594, 2
7595, 1
7596, 4
7597, 4
7598, 3
7599, 1
7600, 1
7601, 1
7602, 1
7603, 1
7604, 3
7605, 2
7606, 0
7607, 3
7608, 2
7609, 6
7610, 4
7611, 1
7612, 0
7613, 3
7614, 4
7615, 2
7616, 1
7617, 2
7618, 4
7619, 2
7620, 1
7621, 3
7622, 1
7623, 3
7624, 1
7625, 2
7626, 2
7627, 2
7628, 2
7629, 1
7630, 3
7631, 1
7632, 2
7633, 4
7634, 4
7635, 5
7636, 1
7637, 2
7638, 2
7639, 3
7640, 2
7641, 2
7642, 2
7643, 2
7644, 1
7645, 5
7646, 6
7647, 1
7648, 1
7649, 2
7650, 3
7651, 2
7652, 4
7653, 3
7654, 1
7655, 2
7656, 6
7657, 2
7658, 2
7659, 2
7660, 1
7661, 1
7662, 5
7663, 2
7664, 2
7665, 2
7666, 4
7667, 2
7668, 4
7669, 2
7670, 3
7671, 1
7672, 2
7673, 4
7674, 4
7675, 1
7676, 2
7677, 2
7678, 2
7679, 1
7680, 2
7681, 1
7682, 3
7683, 5
7684, 2
7685, 1
7686, 2
7687, 4
7688, 2
7689, 3
7690, 7
7691, 2
7692, 3
7693, 3
7694, 2
7695, 2
7696, 3
7697, 4
7698, 2
7699, 3
7700, 1
7701, 2
7702, 2
7703, 4
7704, 2
7705, 2
7706, 2
7707, 2
7708, 2
7709, 2
7710, 4
7711, 1
7712, 2
7713, 2
7714, 2
7715, 2
7716, 4
7717, 2
7718, 2
7719, 2
7720, 1
7721, 4
7722, 1
7723, 1
7724, 2
7725, 1
7726, 2
7727, 1
7728, 2
7729, 1
7730, 1
7731, 2
7732, 3
7733, 3
7734, 4
7735, 3
7736, 6
7737, 3
7738, 3
7739, 4
7740, 2
7741, 1
7742, 4
7743, 3
7744, 4
7745, 3
7746, 4
7747, 4
7748, 1
7749, 2
7750, 2
7751, 3
7752, 4
7753, 1
7754, 4
7755, 2
7756, 2
7757, 3
7758, 2
7759, 1
7760, 5
7761, 2
7762, 1
7763, 4
7764, 1
7765, 3
7766, 3
7767, 2
7768, 3
7769, 5
7770, 1
7771, 2
7772, 4
7773, 3
7774, 2
7775, 2
7776, 3
7777, 3
7778, 3
7779, 3
7780, 3
7781, 1
7782, 1
7783, 3
7784, 2
7785, 5
7786, 6
7787, 2
7788, 2
7789, 2
7790, 3
7791, 2
7792, 7
7793, 2
7794, 6
7795, 2
7796, 3
7797, 2
7798, 3
7799, 1
7800, 4
7801, 2
7802, 3
7803, 4
7804, 2
7805, 2
7806, 3
7807, 5
7808, 4
7809, 2
7810, 2
7811, 5
7812, 1
7813, 6
7814, 1
7815, 5
7816, 2
7817, 3
7818, 4
7819, 2
7820, 3
7821, 3
7822, 1
7823, 2
7824, 3
7825, 3
7826, 4
7827, 4
7828, 8
7829, 1
7830, 2
7831, 4
7832, 3
7833, 2
7834, 2
7835, 2
7836, 4
7837, 4
7838, 3
7839, 3
7840, 4
7841, 2
7842, 1
7843, 4
7844, 4
7845, 3
7846, 2
7847, 3
7848, 3
7849, 2
7850, 4
7851, 3
7852, 4
7853, 2
7854, 3
7855, 2
7856, 2
7857, 1
7858, 4
7859, 2
7860, 2
7861, 2
7862, 1
7863, 3
7864, 4
7865, 0
7866, 1
7867, 4
7868, 2
7869, 2
7870, 2
7871, 2
7872, 2
7873, 2
7874, 1
7875, 1
7876, 2
7877, 1
7878, 3
7879, 2
7880, 2
7881, 1
7882, 2
7883, 2
7884, 3
7885, 2
7886, 2
7887, 3
7888, 3
7889, 3
7890, 3
7891, 1
7892, 2
7893, 1
7894, 1
7895, 2
7896, 4
7897, 3
7898, 1
7899, 2
7900, 1
7901, 4
7902, 3
7903, 4
7904, 1
7905, 2
7906, 6
7907, 2
7908, 3
7909, 3
7910, 1
7911, 2
7912, 2
7913, 5
7914, 2
7915, 5
7916, 1
7917, 3
7918, 2
7919, 3
7920, 2
7921, 1
7922, 3
7923, 1
7924, 2
7925, 3
7926, 4
7927, 3
7928, 1
7929, 3
7930, 3
7931, 2
7932, 2
7933, 2
7934, 3
7935, 1
7936, 2
7937, 1
7938, 2
7939, 4
7940, 2
7941, 1
7942, 3
7943, 3
7944, 2
7945, 6
7946, 3
7947, 0
7948, 1
7949, 4
7950, 1
7951, 3
7952, 3
7953, 2
7954, 3
7955, 3
7956, 2
7957, 4
7958, 3
7959, 3
7960, 5
7961, 3
7962, 2
7963, 5
7964, 3
7965, 4
7966, 3
7967, 1
7968, 2
7969, 1
7970, 4
7971, 1
7972, 1
7973, 1
7974, 4
7975, 2
7976, 4
7977, 4
7978, 4
7979, 2
7980, 2
7981, 2
7982, 6
7983, 4
7984, 3
7985, 3
7986, 1
7987, 1
7988, 1
7989, 3
7990, 1
7991, 4
7992, 2
7993, 3
7994, 3
7995, 2
7996, 1
7997, 3
7998, 2
7999, 1
8000, 2
8001, 2
8002, 1
8003, 2
8004, 2
8005, 3
8006, 2
8007, 3
8008, 1
8009, 3
8010, 3
8011, 2
8012, 4
8013, 2
8014, 4
8015, 2
8016, 3
8017, 2
8018, 5
8019, 2
8020, 2
8021, 2
8022, 3
8023, 2
8024, 2
8025, 2
8026, 1
8027, 2
8028, 5
8029, 1
8030, 3
8031, 1
8032, 2
8033, 1
8034, 4
8035, 1
8036, 3
8037, 4
8038, 3
8039, 1
8040, 3
8041, 3
8042, 3
8043, 4
8044, 4
8045, 2
8046, 1
8047, 2
8048, 3
8049, 1
8050, 4
8051, 5
8052, 2
8053, 3
8054, 5
8055, 1
8056, 4
8057, 3
8058, 2
8059, 4
8060, 2
8061, 3
8062, 1
8063, 3
8064, 2
8065, 4
8066, 1
8067, 4
8068, 1
8069, 2
8070, 1
8071, 1
8072, 1
8073, 2
8074, 4
8075, 3
8076, 3
8077, 2
8078, 2
8079, 1
8080, 2
8081, 2
8082, 2
8083, 1
8084, 1
8085, 4
8086, 1
8087, 2
8088, 2
8089, 5
8090, 1
8091, 2
8092, 1
8093, 3
8094, 2
8095, 1
8096, 4
8097, 1
8098, 1
8099, 4
8100, 3
8101, 3
8102, 3
8103, 1
8104, 1
8105, 4
8106, 3
8107, 1
8108, 1
8109, 2
8110, 4
8111, 2
8112, 1
8113, 1
8114, 2
8115, 1
8116, 2
8117, 3
8118, 3
8119, 5
8120, 2
8121, 3
8122, 2
8123, 3
8124, 1
8125, 2
8126, 1
8127, 3
8128, 3
8129, 2
8130, 1
8131, 2
8132, 2
8133, 1
8134, 2
8135, 4
8136, 2
8137, 5
8138, 5
8139, 6
8140, 3
8141, 2
8142, 1
8143, 4
8144, 1
8145, 2
8146, 3
8147, 1
8148, 2
8149, 4
8150, 2
8151, 3
8152, 4
8153, 1
8154, 1
8155, 1
8156, 2
8157, 3
8158, 1
8159, 1
8160, 3
8161, 2
8162, 1
8163, 3
8164, 2
8165, 4
8166, 3
8167, 2
8168, 3
8169, 4
8170, 7
8171, 4
8172, 3
8173, 2
8174, 7
8175, 2
8176, 3
8177, 5
8178, 4
8179, 2
8180, 4
8181, 2
8182, 2
8183, 1
8184, 4
8185, 5
8186, 2
8187, 2
8188, 2
8189, 3
8190, 2
8191, 4
8192, 2
8193, 5
8194, 2
8195, 2
8196, 2
8197, 2
8198, 3
8199, 1
8200, 3
8201, 4
8202, 2
8203, 2
8204, 1
8205, 3
8206, 5
8207, 3
8208, 3
8209, 4
8210, 2
8211, 3
8212, 4
8213, 5
8214, 0
8215, 4
8216, 0
8217, 1
8218, 2
8219, 1
8220, 3
8221, 4
8222, 2
8223, 3
8224, 2
8225, 4
8226, 3
8227, 2
8228, 1
8229, 4
8230, 3
8231, 1
8232, 2
8233, 3
8234, 1
8235, 1
8236, 3
8237, 2
8238, 2
8239, 2
8240, 1
8241, 2
8242, 5
8243, 2
8244, 1
8245, 2
8246, 4
8247, 2
8248, 2
8249, 4
8250, 2
8251, 3
8252, 2
8253, 2
8254, 3
8255, 3
8256, 6
8257, 2
8258, 1
8259, 3
8260, 1
8261, 1
8262, 2
8263, 2
8264, 5
8265, 1
8266, 2
8267, 1
8268, 1
8269, 3
8270, 2
8271, 2
8272, 2
8273, 2
8274, 4
8275, 2
8276, 2
8277, 7
8278, 1
8279, 0
8280, 2
8281, 2
8282, 3
8283, 3
8284, 1
8285, 1
8286, 3
8287, 1
8288, 1
8289, 3
8290, 3
8291, 2
8292, 2
8293, 2
8294, 2
8295, 3
8296, 1
8297, 2
8298, 1
8299, 2
8300, 3
8301, 2
8302, 2
8303, 3
8304, 2
8305, 1
8306, 5
8307, 3
8308, 1
8309, 1
8310, 2
8311, 1
8312, 2
8313, 2
8314, 2
8315, 1
8316, 1
8317, 4
8318, 1
8319, 5
8320, 4
8321, 4
8322, 1
8323, 1
8324, 3
8325, 2
8326, 3
8327, 2
8328, 2
8329, 2
8330, 4
8331, 1
8332, 2
8333, 2
8334, 3
8335, 6
8336, 4
8337, 1
8338, 2
8339, 2
8340, 2
8341, 2
8342, 4
8343, 3
8344, 4
8345, 3
8346, 6
8347, 1
8348, 4
8349, 1
8350, 2
8351, 4
8352, 4
8353, 1
8354, 5
8355, 2
8356, 3
8357, 1
8358, 3
8359, 2
8360, 2
8361, 1
8362, 2
8363, 1
8364, 1
8365, 2
8366, 1
8367, 4
8368, 5
8369, 4
8370, 2
8371, 3
8372, 3
8373, 3
8374, 2
8375, 3
8376, 3
8377, 1
8378, 2
8379, 2
8380, 2
8381, 1
8382, 2
8383, 3
8384, 2
8385, 2
8386, 5
8387, 2
8388, 2
8389, 3
8390, 2
8391, 2
8392, 2
8393, 2
8394, 4
8395, 2
8396, 2
8397, 3
8398, 2
8399, 1
8400, 2
8401, 2
8402, 3
8403, 3
8404, 2
8405, 1
8406, 2
8407, 3
8408, 2
8409, 2
8410, 3
8411, 1
8412, 2
8413, 2
8414, 1
8415, 4
8416, 6
8417, 2
8418, 1
8419, 2
8420, 1
8421, 3
8422, 2
8423, 0
8424, 2
8425, 1
8426, 2
8427, 1
8428, 1
8429, 1
8430, 1
8431, 1
8432, 1
8433, 0
8434, 3
8435, 2
8436, 3
8437, 5
8438, 2
8439, 1
8440, 2
8441, 1
8442, 1
8443, 3
8444, 1
8445, 2
8446, 2
8447, 3
8448, 1
8449, 2
8450, 3
8451, 2
8452, 2
8453, 1
8454, 2
8455, 2
8456, 1
8457, 3
8458, 1
8459, 1
8460, 1
8461, 2
8462, 4
8463, 2
8464, 2
8465, 3
8466, 3
8467, 2
8468, 5
8469, 6
8470, 3
8471, 1
8472, 2
8473, 2
8474, 2
8475, 1
8476, 1
8477, 1
8478, 5
8479, 1
8480, 6
8481, 1
8482, 4
8483, 3
8484, 3
8485, 3
8486, 3
8487, 2
8488, 4
8489, 3
8490, 5
8491, 6
8492, 3
8493, 2
8494, 3
8495, 6
8496, 4
8497, 1
8498, 4
8499, 2
8500, 5
8501, 3
8502, 1
8503, 3
8504, 3
8505, 3
8506, 3
8507, 2
8508, 3
8509, 5
8510, 3
8511, 1
8512, 2
8513, 0
8514, 1
8515, 0
8516, 2
8517, 3
8518, 3
8519, 3
8520, 2
8521, 1
8522, 1
8523, 2
8524, 3
8525, 4
8526, 3
8527, 2
8528, 4
8529, 3
8530, 1
8531, 1
8532, 1
8533, 1
8534, 3
8535, 3
8536, 2
8537, 2
8538, 1
8539, 4
8540, 2
8541, 2
8542, 1
8543, 3
8544, 2
8545, 3
8546, 3
8547, 3
8548, 4
8549, 2
8550, 1
8551, 3
8552, 1
8553, 3
8554, 1
8555, 3
8556, 1
8557, 1
8558, 1
8559, 2
8560, 1
8561, 2
8562, 7
8563, 2
8564, 2
8565, 1
8566, 1
8567, 5
8568, 1
8569, 5
8570, 3
8571, 5
8572, 3
8573, 5
8574, 2
8575, 2
8576, 4
8577, 1
8578, 1
8579, 2
8580, 3
8581, 1
8582, 2
8583, 3
8584, 8
8585, 1
8586, 1
8587, 3
8588, 2
8589, 1
8590, 2
8591, 1
8592, 3
8593, 2
8594, 1
8595, 2
8596, 2
8597, 3
8598, 1
8599, 3
8600, 3
8601, 1
8602, 4
8603, 4
8604, 1
8605, 1
8606, 1
8607, 2
8608, 2
8609, 3
8610, 2
8611, 4
8612, 2
8613, 1
8614, 2
8615, 2
8616, 2
8617, 2
8618, 2
8619, 3
8620, 1
8621, 2
8622, 2
8623, 3
8624, 3
8625, 3
8626, 2
8627, 1
8628, 2
8629, 3
8630, 3
8631, 2
8632, 4
8633, 3
8634, 1
8635, 1
8636, 2
8637, 2
8638, 3
8639, 3
8640, 1
8641, 3
8642, 2
8643, 2
8644, 3
8645, 3
8646, 3
8647, 1
8648, 5
8649, 2
8650, 2
8651, 4
8652, 4
8653, 2
8654, 2
8655, 2
8656, 3
8657, 4
8658, 3
8659, 3
8660, 1
8661, 2
8662, 4
8663, 3
8664, 1
8665, 2
8666, 2
8667, 2
8668, 2
8669, 4
8670, 1
8671, 3
8672, 3
8673, 4
8674, 2
8675, 3
8676, 1
8677, 3
8678, 2
8679, 4
8680, 2
8681, 2
8682, 1
8683, 1
8684, 4
8685, 1
8686, 2
8687, 2
8688, 2
8689, 3
8690, 4
8691, 3
8692, 1
8693, 2
8694, 3
8695, 3
8696, 6
8697, 3
8698, 4
8699, 5
8700, 1
8701, 4
8702, 1
8703, 2
8704, 3
8705, 4
8706, 2
8707, 1
8708, 2
8709, 1
8710, 2
8711, 4
8712, 3
8713, 1
8714, 2
8715, 1
8716, 2
8717, 2
8718, 2
8719, 1
8720, 2
8721, 2
8722, 4
8723, 1
8724, 1
8725, 4
8726, 4
8727, 1
8728, 4
8729, 1
8730, 1
8731, 2
8732, 5
8733, 3
8734, 4
8735, 2
8736, 2
8737, 1
8738, 3
8739, 2
8740, 3
8741, 3
8742, 1
8743, 2
8744, 2
8745, 4
8746, 3
8747, 2
8748, 2
8749, 5
8750, 2
8751, 2
8752, 3
8753, 3
8754, 2
8755, 1
8756, 1
8757, 3
8758, 1
8759, 3
8760, 3
8761, 2
8762, 1
8763, 0
8764, 1
8765, 3
8766, 1
8767, 1
8768, 2
8769, 2
8770, 1
8771, 5
8772, 1
8773, 4
8774, 3
8775, 1
8776, 2
8777, 1
8778, 1
8779, 4
8780, 1
8781, 1
8782, 2
8783, 6
8784, 1
8785, 1
8786, 2
8787, 2
8788, 1
8789, 3
8790, 1
8791, 2
8792, 2
8793, 4
8794, 2
8795, 1
8796, 4
8797, 0
8798, 3
8799, 3
8800, 1
8801, 2
8802, 3
8803, 3
8804, 2
8805, 2
8806, 4
8807, 4
8808, 3
8809, 3
8810, 1
8811, 1
8812, 3
8813, 2
8814, 4
8815, 1
8816, 2
8817, 1
8818, 1
8819, 2
8820, 1
8821, 2
8822, 2
8823, 2
8824, 1
8825, 2
8826, 1
8827, 2
8828, 3
8829, 3
8830, 1
8831, 2
8832, 3
8833, 1
8834, 1
8835, 4
8836, 4
8837, 3
8838, 3
8839, 3
8840, 2
8841, 3
8842, 2
8843, 4
8844, 1
8845, 2
8846, 2
8847, 2
8848, 3
8849, 2
8850, 1
8851, 3
8852, 1
8853, 1
8854, 1
8855, 2
8856, 2
8857, 3
8858, 3
8859, 2
8860, 2
8861, 3
8862, 3
8863, 4
8864, 3
8865, 2
8866, 3
8867, 4
8868, 2
8869, 2
8870, 4
8871, 1
8872, 3
8873, 1
8874, 3
8875, 2
8876, 3
8877, 4
8878, 1
8879, 3
8880, 2
8881, 1
8882, 3
8883, 3
8884, 1
8885, 1
8886, 2
8887, 4
8888, 1
8889, 2
8890, 2
8891, 2
8892, 1
8893, 3
8894, 4
8895, 3
8896, 6
8897, 2
8898, 4
8899, 3
8900, 3
8901, 2
8902, 2
8903, 4
8904, 5
8905, 1
8906, 2
8907, 1
8908, 2
8909, 2
8910, 2
8911, 1
8912, 4
8913, 1
8914, 2
8915, 2
8916, 3
8917, 2
8918, 2
8919, 3
8920, 1
8921, 2
8922, 5
8923, 1
8924, 1
8925, 1
8926, 1
8927, 2
8928, 2
8929, 3
8930, 2
8931, 2
8932, 3
8933, 2
8934, 1
8935, 3
8936, 3
8937, 1
8938, 4
8939, 1
8940, 2
8941, 2
8942, 6
8943, 2
8944, 4
8945, 2
8946, 1
8947, 3
8948, 1
8949, 2
8950, 1
8951, 1
8952, 1
8953, 1
8954, 1
8955, 2
8956, 3
8957, 1
8958, 2
8959, 2
8960, 1
8961, 6
8962, 2
8963, 6
8964, 1
8965, 3
8966, 0
8967, 4
8968, 2
8969, 2
8970, 1
8971, 1
8972, 3
8973, 1
8974, 3
8975, 3
8976, 0
8977, 2
8978, 2
8979, 2
8980, 6
8981, 3
8982, 3
8983, 3
8984, 2
8985, 3
8986, 3
8987, 5
8988, 2
8989, 5
8990, 2
8991, 7
8992, 1
8993, 1
8994, 3
8995, 5
8996, 1
8997, 3
8998, 5
8999, 2
9000, 2
9001, 3
9002, 2
9003, 3
9004, 2
9005, 2
9006, 0
9007, 1
9008, 0
9009, 1
9010, 2
9011, 3
9012, 3
9013, 2
9014, 4
9015, 1
9016, 2
9017, 3
9018, 5
9019, 1
9020, 2
9021, 6
9022, 2
9023, 1
9024, 2
9025, 3
9026, 3
9027, 2
9028, 1
9029, 3
9030, 3
9031, 3
9032, 3
9033, 1
9034, 4
9035, 2
9036, 4
9037, 3
9038, 4
9039, 3
9040, 3
9041, 6
9042, 4
9043, 3
9044, 4
9045, 1
9046, 4
9047, 3
9048, 4
9049, 3
9050, 4
9051, 2
9052, 1
9053, 2
9054, 3
9055, 4
9056, 1
9057, 2
9058, 2
9059, 4
9060, 2
9061, 6
9062, 2
9063, 3
9064, 3
9065, 2
9066, 1
9067, 2
9068, 1
9069, 3
9070, 2
9071, 2
9072, 1
9073, 3
9074, 1
9075, 3
9076, 1
9077, 5
9078, 2
9079, 2
9080, 1
9081, 2
9082, 1
9083, 2
9084, 1
9085, 3
9086, 2
9087, 2
9088, 2
9089, 3
9090, 1
9091, 3
9092, 5
9093, 4
9094, 3
9095, 1
9096, 3
9097, 5
9098, 1
9099, 4
9100, 4
9101, 1
9102, 2
9103, 1
9104, 1
9105, 1
9106, 2
9107, 4
9108, 2
9109, 3
9110, 1
9111, 3
9112, 3
9113, 2
9114, 3
9115, 1
9116, 3
9117, 4
9118, 3
9119, 3
9120, 1
9121, 5
9122, 2
9123, 1
9124, 3
9125, 1
9126, 7
9127, 2
9128, 2
9129, 2
9130, 5
9131, 2
9132, 4
9133, 3
9134, 2
9135, 2
9136, 2
9137, 3
9138, 5
9139, 3
9140, 2
9141, 3
9142, 2
9143, 2
9144, 3
9145, 3
9146, 2
9147, 4
9148, 3
9149, 1
9150, 1
9151, 5
9152, 2
9153, 4
9154, 1
9155, 2
9156, 2
9157, 7
9158, 2
9159, 1
9160, 3
9161, 5
9162, 3
9163, 4
9164, 3
9165, 1
9166, 1
9167, 1
9168, 1
9169, 3
9170, 3
9171, 2
9172, 4
9173, 3
9174, 4
9175, 3
9176, 3
9177, 2
9178, 2
9179, 3
9180, 0
9181, 1
9182, 3
9183, 3
9184, 3
9185, 5
9186, 1
9187, 2
9188, 2
9189, 3
9190, 4
9191, 3
9192, 2
9193, 3
9194, 1
9195, 4
9196, 1
9197, 2
9198, 2
9199, 1
9200, 3
9201, 2
9202, 3
9203, 2
9204, 3
9205, 2
9206, 2
9207, 4
9208, 3
9209, 5
9210, 3
9211, 4
9212, 2
9213, 1
9214, 2
9215, 1
9216, 2
9217, 1
9218, 3
9219, 1
9220, 2
9221, 3
9222, 3
9223, 3
9224, 3
9225, 1
9226, 7
9227, 2
9228, 2
9229, 2
9230, 3
9231, 2
9232, 4
9233, 3
9234, 3
9235, 1
9236, 3
9237, 4
9238, 4
9239, 2
9240, 3
9241, 1
9242, 2
9243, 1
9244, 1
9245, 2
9246, 3
9247, 1
9248, 4
9249, 2
9250, 1
9251, 2
9252, 1
9253, 1
9254, 1
9255, 1
9256, 5
9257, 1
9258, 1
9259, 2
9260, 6
9261, 3
9262, 3
9263, 4
9264, 2
9265, 1
9266, 2
9267, 2
9268, 2
9269, 1
9270, 1
9271, 2
9272, 5
9273, 2
9274, 2
9275, 1
9276, 5
9277, 2
9278, 2
9279, 2
9280, 1
9281, 2
9282, 5
9283, 2
9284, 4
9285, 3
9286, 2
9287, 1
9288, 2
9289, 2
9290, 3
9291, 2
9292, 1
9293, 4
9294, 1
9295, 5
9296, 2
9297, 2
9298, 3
9299, 1
9300, 4
9301, 3
9302, 4
9303, 3
9304, 3
9305, 3
9306, 1
9307, 2
9308, 6
9309, 1
9310, 2
9311, 3
9312, 2
9313, 1
9314, 1
9315, 1
9316, 2
9317, 2
9318, 2
9319, 3
9320, 2
9321, 2
9322, 1
9323, 3
9324, 2
9325, 2
9326, 3
9327, 4
9328, 4
9329, 5
9330, 3
9331, 1
9332, 6
9333, 4
9334, 2
9335, 1
9336, 4
9337, 1
9338, 6
9339, 1
9340, 4
9341, 3
9342, 2
9343, 2
9344, 3
9345, 2
9346, 3
9347, 1
9348, 2
9349, 4
9350, 2
9351, 2
9352, 3
9353, 2
9354, 1
9355, 3
9356, 6
9357, 4
9358, 1
9359, 3
9360, 1
9361, 3
9362, 1
9363, 2
9364, 3
9365, 1
9366, 1
9367, 1
9368, 3
9369, 1
9370, 4
9371, 3
9372, 1
9373, 3
9374, 1
9375, 2
9376, 3
9377, 2
9378, 6
9379, 1
9380, 3
9381, 3
9382, 3
9383, 2
9384, 3
9385, 2
9386, 1
9387, 4
9388, 2
9389, 1
9390, 5
9391, 1
9392, 2
9393, 1
9394, 4
9395, 7
9396, 5
9397, 2
9398, 4
9399, 5
9400, 3
9401, 1
9402, 3
9403, 3
9404, 2
9405, 2
9406, 1
9407, 1
9408, 1
9409, 4
9410, 1
9411, 2
9412, 5
9413, 3
9414, 3
9415, 5
9416, 1
9417, 2
9418, 1
9419, 4
9420, 1
9421, 1
9422, 3
9423, 2
9424, 1
9425, 3
9426, 2
9427, 2
9428, 2
9429, 3
9430, 1
9431, 2
9432, 1
9433, 2
9434, 1
9435, 2
9436, 3
9437, 3
9438, 3
9439, 4
9440, 3
9441, 3
9442, 1
9443, 2
9444, 2
9445, 2
9446, 2
9447, 1
9448, 5
9449, 2
9450, 1
9451, 2
9452, 2
9453, 1
9454, 1
9455, 4
9456, 1
9457, 2
9458, 2
9459, 2
9460, 1
9461, 1
9462, 1
9463, 1
9464, 1
9465, 1
9466, 3
9467, 3
9468, 2
9469, 2
9470, 4
9471, 2
9472, 3
9473, 2
9474, 2
9475, 3
9476, 4
9477, 4
9478, 4
9479, 0
9480, 2
9481, 2
9482, 1
9483, 3
9484, 2
9485, 3
9486, 1
9487, 1
9488, 1
9489, 4
9490, 3
9491, 3
9492, 3
9493, 3
9494, 1
9495, 4
9496, 2
9497, 2
9498, 1
9499, 1
9500, 2
9501, 3
9502, 5
9503, 4
9504, 2
9505, 5
9506, 2
9507, 3
9508, 3
9509, 4
9510, 3
9511, 4
9512, 3
9513, 2
9514, 4
9515, 1
9516, 2
9517, 2
9518, 3
9519, 4
9520, 3
9521, 3
9522, 4
9523, 3
9524, 4
9525, 2
9526, 3
9527, 4
9528, 2
9529, 3
9530, 3
9531, 4
9532, 3
9533, 2
9534, 3
9535, 2
9536, 3
9537, 2
9538, 2
9539, 4
9540, 2
9541, 1
9542, 2
9543, 1
9544, 4
9545, 3
9546, 7
9547, 1
9548, 3
9549, 1
9550, 2
9551, 2
9552, 4
9553, 4
9554, 1
9555, 2
9556, 1
9557, 1
9558, 4
9559, 3
9560, 1
9561, 4
9562, 4
9563, 5
9564, 3
9565, 2
9566, 4
9567, 3
9568, 2
9569, 3
9570, 4
9571, 1
9572, 4
9573, 3
9574, 2
9575, 6
9576, 2
9577, 7
9578, 7
9579, 5
9580, 4
9581, 2
9582, 1
9583, 1
9584, 1
9585, 2
9586, 3
9587, 1
9588, 2
9589, 2
9590, 3
9591, 2
9592, 4
9593, 1
9594, 2
9595, 1
9596, 1
9597, 3
9598, 3
9599, 2
9600, 2
9601, 1
9602, 4
9603, 2
9604, 4
9605, 4
9606, 1
9607, 4
9608, 2
9609, 2
9610, 3
9611, 2
9612, 2
9613, 2
9614, 2
9615, 4
9616, 1
9617, 3
9618, 1
9619, 2
9620, 2
9621, 3
9622, 4
9623, 4
9624, 1
9625, 3
9626, 3
9627, 3
9628, 4
9629, 3
9630, 5
9631, 3
9632, 2
9633, 3
9634, 1
9635, 2
9636, 2
9637, 1
9638, 2
9639, 1
9640, 4
9641, 3
9642, 2
9643, 4
9644, 3
9645, 4
9646, 4
9647, 1
9648, 3
9649, 1
9650, 2
9651, 1
9652, 1
9653, 1
9654, 3
9655, 2
9656, 3
9657, 3
9658, 1
9659, 3
9660, 1
9661, 1
9662, 3
9663, 3
9664, 3
9665, 1
9666, 1
9667, 2
9668, 3
9669, 1
9670, 1
9671, 3
9672, 2
9673, 1
9674, 1
9675, 4
9676, 2
9677, 2
9678, 2
9679, 2
9680, 3
9681, 5
9682, 1
9683, 1
9684, 1
9685, 1
9686, 1
9687, 0
9688, 4
9689, 2
9690, 1
9691, 2
9692, 4
9693, 4
9694, 2
9695, 2
9696, 1
9697, 2
9698, 1
9699, 0
9700, 2
9701, 1
9702, 5
9703, 3
9704, 4
9705, 3
9706, 2
9707, 1
9708, 1
9709, 2
9710, 3
9711, 2
9712, 4
9713, 2
9714, 2
9715, 3
9716, 3
9717, 3
9718, 2
9719, 2
9720, 4
9721, 3
9722, 2
9723, 1
9724, 2
9725, 4
9726, 4
9727, 5
9728, 4
9729, 2
9730, 3
9731, 2
9732, 1
9733, 2
9734, 2
9735, 1
9736, 4
9737, 3
9738, 3
9739, 2
9740, 2
9741, 4
9742, 2
9743, 3
9744, 2
9745, 2
9746, 2
9747, 2
9748, 4
9749, 2
9750, 2
9751, 3
9752, 3
9753, 1
9754, 4
9755, 2
9756, 2
9757, 1
9758, 3
9759, 4
9760, 4
9761, 3
9762, 0
9763, 1
9764, 2
9765, 1
9766, 1
9767, 1
9768, 3
9769, 3
9770, 2
9771, 3
9772, 1
9773, 2
9774, 4
9775, 1
9776, 1
9777, 1
9778, 5
9779, 1
9780, 4
9781, 5
9782, 0
9783, 3
9784, 2
9785, 2
9786, 4
9787, 2
9788, 2
9789, 1
9790, 3
9791, 2
9792, 2
9793, 3
9794, 1
9795, 3
9796, 5
9797, 1
9798, 4
9799, 1
9800, 3
9801, 5
9802, 3
9803, 2
9804, 3
9805, 6
9806, 3
9807, 4
9808, 2
9809, 2
9810, 3
9811, 3
9812, 1
9813, 2
9814, 3
9815, 4
9816, 5
9817, 1
9818, 6
9819, 3
9820, 2
9821, 2
9822, 2
9823, 2
9824, 2
9825, 2
9826, 1
9827, 3
9828, 1
9829, 3
9830, 1
9831, 2
9832, 2
9833, 1
9834, 2
9835, 3
9836, 3
9837, 1
9838, 3
9839, 3
9840, 1
9841, 3
9842, 0
9843, 1
9844, 3
9845, 2
9846, 4
9847, 1
9848, 0
9849, 1
9850, 3
9851, 1
9852, 2
9853, 4
9854, 3
9855, 2
9856, 2
9857, 1
9858, 3
9859, 2
9860, 3
9861, 2
9862, 0
9863, 3
9864, 3
9865, 3
9866, 4
9867, 5
9868, 2
9869, 3
9870, 3
9871, 3
9872, 4
9873, 2
9874, 3
9875, 1
9876, 3
9877, 2
9878, 1
9879, 2
9880, 6
9881, 4
9882, 1
9883, 2
9884, 3
9885, 2
9886, 2
9887, 1
9888, 5
9889, 1
9890, 5
9891, 3
9892, 6
9893, 3
9894, 2
9895, 4
9896, 3
9897, 6
9898, 2
9899, 3
9900, 2
9901, 4
9902, 1
9903, 3
9904, 5
9905, 5
9906, 2
9907, 3
9908, 3
9909, 2
9910, 2
9911, 3
9912, 2
9913, 2
9914, 1
9915, 4
9916, 2
9917, 1
9918, 2
9919, 3
9920, 1
9921, 1
9922, 2
9923, 3
9924, 6
9925, 2
9926, 2
9927, 3
9928, 4
9929, 3
9930, 2
9931, 3
9932, 2
9933, 4
9934, 6
9935, 4
9936, 1
9937, 3
9938, 3
9939, 3
9940, 1
9941, 4
9942, 3
9943, 1
9944, 1
9945, 1
9946, 3
9947, 3
9948, 2
9949, 1
9950, 2
9951, 2
9952, 2
9953, 3
9954, 4
9955, 1
9956, 1
9957, 4
9958, 2
9959, 2
9960, 1
9961, 3
9962, 3
9963, 1
9964, 2
9965, 1
9966, 2
9967, 1
9968, 2
9969, 5
9970, 3
9971, 4
9972, 3
9973, 1
9974, 1
9975, 5
9976, 2
9977, 4
9978, 1
9979, 4
9980, 1
9981, 1
9982, 1
9983, 1
9984, 2
9985, 5
9986, 2
9987, 2
9988, 2
9989, 2
9990, 2
9991, 1
9992, 3
9993, 1
9994, 4
9995, 1
9996, 2
9997, 1
9998, 1
9999, 4
10000, 3
10001, 3
